-20.0000000000000000000000	0.1000000000000000055511	3.0000000000000000000000	0.2000000000000000111022	0.8000000000000000444089	0.6999999999999999555911	0.1499999999999999944489	-12882.901492	-12882.901492	0.329000	1.000000
-19.9958561813206934232312	0.1070473498036618592577	3.0259800501035796216343	0.1837501312166424649597	0.8103264574564751354657	0.6653861997444695530746	0.1626578310077725908478	-12394.566233	-12394.566233	0.329000	1.000000
-19.9879392276972644992838	0.1070473498036618592577	3.0100732233665992154670	0.1575301184729067660584	0.8103264574564751354657	0.6653861997444695530746	0.1626578310077725908478	-12367.995299	-12367.995299	0.329000	1.000000
-19.9904783626333291124411	0.1077713872246406773270	3.0162202778538351743975	0.1565927129970741960019	0.8569341220798580849305	0.6591026089056815084888	0.1601984146870313041600	-12326.685417	-12326.685417	0.329000	1.000000
-19.9904783626333291124411	0.1064816181763946906225	3.0109151896452304164598	0.1565927129970741960019	0.9000367020241333282371	0.6591026089056815084888	0.1601984146870313041600	-12321.282030	-12321.282030	0.329000	1.000000
-19.9904783626333291124411	0.1081438799718714149911	3.0109151896452304164598	0.1565927129970741960019	0.8862328740357861001087	0.6313260896582413295164	0.1601984146870313041600	-12290.382006	-12290.382006	0.329000	1.000000
-19.9911591357082478737084	0.1145969723829644709712	3.0188868837753624063680	0.1933390787823268119894	0.8750148400714790053456	0.6332704885655308091330	0.1432496514776682994263	-12260.846878	-12260.846878	0.329000	1.000000
-19.9871124698190065771541	0.1168781589898227057933	2.9819621210056350690820	0.2004718836241793089581	0.8763347310836999692896	0.6327802064792271696803	0.1417550835384572271991	-12254.439454	-12254.439454	0.329000	1.000000
-19.9976185722438266623158	0.1190745922884489937932	2.9917070753806331850910	0.2072143001420282126812	0.8743637235295809162494	0.6345846925787017589471	0.1503689403340021379929	-12255.237466	-12255.237466	0.329000	1.000000
-19.9976185722438266623158	0.1220617487918272819902	2.9917070753806331850910	0.2227948253389832045102	0.8494781137737968945700	0.6345846925787017589471	0.1503689403340021379929	-12250.021779	-12250.021779	0.329000	1.000000
-19.9781763030005841130787	0.1147233554123283649773	2.9903350264429016114320	0.2304192601276967566903	0.7933505931941496891469	0.6361070682709344392691	0.1535617932766741577932	-12240.826749	-12240.826749	0.329000	1.000000
-19.9781763030005841130787	0.1147233554123283649773	2.9903350264429016114320	0.2734017367391372022034	0.7933505931941496891469	0.6361070682709344392691	0.1476726862242607463127	-12233.339072	-12233.339072	0.329000	1.000000
-19.9844179665206702622982	0.1153361697920200490408	2.9910642489642285113405	0.2873195927672572702605	0.8047197924386069178837	0.6318552021208349023240	0.1389170708284423183532	-12225.345178	-12225.345178	0.329000	1.000000
-19.9802959771976347269629	0.1135780640756846593398	2.9919754944427188192435	0.2909936032972589847745	0.8212776738047203872739	0.6320741908724091251415	0.1386246652419935720957	-12224.956418	-12224.956418	0.329000	1.000000
-19.9802959771976347269629	0.1135780640756846593398	2.9919754944427188192435	0.3052673608126950655084	0.8229650176145685280815	0.6320741908724091251415	0.1419439061391556677894	-12225.163512	-12225.163512	0.329000	1.000000
-19.9753343368464548746033	0.0975759480085905128721	2.9973764542119338827320	0.3404100512656034749348	0.8134464006978832095740	0.6291541606576211975721	0.1267947207138339082988	-12217.525768	-12217.525768	0.329000	1.000000
-19.9753343368464548746033	0.0975759480085905128721	2.9973764542119338827320	0.3404100512656034749348	0.8033173830278449445430	0.6291541606576211975721	0.1353348989546543923446	-12217.697911	-12217.697911	0.329000	1.000000
-19.9753343368464548746033	0.0975759480085905128721	2.9973764542119338827320	0.3388830727177821744434	0.8033173830278449445430	0.6291541606576211975721	0.1322027995864967220285	-12217.102616	-12217.102616	0.329000	1.000000
-19.9726481712334624774030	0.0990274754296195519609	2.9952254726862443945379	0.3696307834446672657691	0.8092814927013260994926	0.6266215921908458996725	0.1225983378906348036930	-12214.689567	-12214.689567	0.329000	1.000000
-19.9768107179061118472418	0.1089986976530814971609	2.9984717052650413648962	0.3747159725598887547449	0.8058696816680245289533	0.6276570173686868425733	0.1217787907202307895460	-12213.320796	-12213.320796	0.329000	1.000000
-19.9699749491869944506561	0.1080718101267461178638	3.0037706880779357909717	0.3785702177835728043931	0.8043643947346506006824	0.6263771448707635691733	0.1238136248601825750715	-12213.808259	-12213.808259	0.329000	1.000000
-19.9708356063993406337431	0.1060410069781953928958	3.0039376440643721366541	0.3785409391288343528004	0.8041100354126659022214	0.6293943644092608868945	0.1242082060653013908524	-12213.670551	-12213.670551	0.329000	1.000000
-19.9708356063993406337431	0.1060410069781953928958	3.0039376440643721366541	0.3785409391288343528004	0.8082617156016864701229	0.6293943644092608868945	0.1242082060653013908524	-12213.800920	-12213.800920	0.329000	1.000000
-19.9704452985546829779651	0.1123048953780204639585	3.0027940178513450319997	0.3653090884215642319965	0.8174327553840559090759	0.6292831268044148940177	0.1201693450350520275816	-12215.990829	-12215.990829	0.329000	1.000000
-19.9785374886698967600296	0.1104222137896519739808	3.0031902306360818144526	0.4029588993342023695021	0.8091868802224175816207	0.6253054728816439533645	0.1388012613843845333150	-12215.625093	-12215.625093	0.329000	1.000000
-19.9950011515346233181845	0.0974429056016045819222	2.9881019124696428512777	0.4062135426006320271242	0.8215101633095197586343	0.6224646550235060082912	0.1319937544366872606005	-12211.709636	-12211.709636	0.329000	1.000000
-19.9950011515346233181845	0.1108933974348409456923	2.9881019124696428512777	0.3977712681761912949518	0.8215101633095197586343	0.6224646550235060082912	0.1319937544366872606005	-12211.525148	-12211.525148	0.329000	1.000000
-19.9921838576493158257108	0.1108933974348409456923	2.9591910762509741061876	0.3977712681761912949518	0.8215101633095197586343	0.6224646550235060082912	0.1209579889757270987349	-12205.607278	-12205.607278	0.329000	1.000000
-19.9775536485830365052152	0.1032604204203109443672	2.9537861425256082270607	0.4005741208138724473997	0.8160971759692313698409	0.6233464961338678334002	0.1221791409317406623680	-12205.045074	-12205.045074	0.329000	1.000000
-19.9685487999372242029494	0.0955896775013557742362	2.9485457445384088970286	0.4007152936187152736380	0.8033206683030804651224	0.6254752247671052645117	0.1227537862182083577833	-12205.301354	-12205.301354	0.329000	1.000000
-19.9695220043359285000406	0.0975065279598106016135	2.9473487051273670189744	0.4009639130910629956084	0.8050030967529991920983	0.6265882728295385506456	0.1260479671047599614653	-12203.226272	-12203.226272	0.329000	1.000000
-19.9639737059079500625103	0.1059680807364309917951	2.9201675343235602433367	0.3858491925055854698812	0.8039089216586488007010	0.6298236325963816328866	0.1326039881055215141625	-12198.992020	-12198.992020	0.329000	1.000000
-19.9639737059079500625103	0.1059680807364309917951	2.9201675343235602433367	0.3858491925055854698812	0.8039089216586488007010	0.6298236325963816328866	0.1326039881055215141625	-12198.992020	-12198.992020	0.329000	1.000000
-19.9591161475497891331088	0.0991463266449797708812	2.9119478547784773958540	0.3910868844944694333599	0.7924864292394768749972	0.6312997784043475890670	0.1234550127030060173716	-12196.632273	-12196.632273	0.329000	1.000000
-19.9604553177274119946105	0.1067103952097952779265	2.8995791594018442971503	0.3858538237772018986149	0.7873414180425252206774	0.6308254573657315900093	0.1239442187707542469832	-12193.650715	-12193.650715	0.329000	1.000000
-19.9690090480619808488427	0.1009185569000591170541	2.9005644789985827181056	0.3807974401222221638719	0.7910090152030710974884	0.6295155977273788616699	0.1288624791894512622292	-12195.227897	-12195.227897	0.329000	1.000000
-19.9715353250839484644530	0.0990124367188593562661	2.8893947554910663910732	0.3809334890994837130584	0.7891849623240612121577	0.6284607982230755451880	0.1276961616839493440789	-12193.393916	-12193.393916	0.329000	1.000000
-19.9715353250839484644530	0.1052571393351371259461	2.8893947554910663910732	0.3809334890994837130584	0.7891849623240612121577	0.6284607982230755451880	0.1276961616839493440789	-12192.672731	-12192.672731	0.329000	1.000000
-19.9706150161755751071269	0.1073709709439694542921	2.8896312729024842269610	0.3809883708944208358105	0.8007911607326705372145	0.6283285547756054523205	0.1265922165249535880083	-12192.922593	-12192.922593	0.329000	1.000000
-19.9706150161755751071269	0.1073709709439694542921	2.8896312729024842269610	0.3845455043059589628207	0.7977135796915979515376	0.6283285547756054523205	0.1265922165249535880083	-12192.602235	-12192.602235	0.329000	1.000000
-19.9706150161755751071269	0.1073709709439694542921	2.8896312729024842269610	0.3842574986865095465483	0.7818338780574828339454	0.6283285547756054523205	0.1277373752557343922209	-12192.308949	-12192.308949	0.329000	1.000000
-19.9706150161755751071269	0.1094865407768752102458	2.8896312729024842269610	0.3843301003591585440766	0.7818338780574828339454	0.6283285547756054523205	0.1277373752557343922209	-12192.496405	-12192.496405	0.329000	1.000000
-19.9706150161755751071269	0.1094865407768752102458	2.8896312729024842269610	0.3823296941837711071521	0.7872585825443543239288	0.6283285547756054523205	0.1277395810845197154926	-12192.637985	-12192.637985	0.329000	1.000000
-19.9767102754480774251533	0.1116774915875816676092	2.8587752953506138098305	0.3820965654777783160334	0.7878865561378431969786	0.6257632451609779211665	0.1259134989407195426292	-12187.522958	-12187.522958	0.329000	1.000000
-19.9783497619743073414611	0.1102573936940250826089	2.8601609021040199642982	0.3807340486123982348232	0.7880654534006984457406	0.6258374987361537966635	0.1247936099668166126664	-12187.686991	-12187.686991	0.329000	1.000000
-19.9796950902932692883951	0.1108467942541684209123	2.8468653713912317471113	0.3819233120838868011937	0.7880333022389393038409	0.6228861492773880570439	0.1223397719535351674258	-12186.039580	-12186.039580	0.329000	1.000000
-19.9867092312587608660124	0.1050763348827773169258	2.8456794903555326925471	0.3769454679118323658926	0.7852358099986438411122	0.6251043527735231641884	0.1242658311689473910056	-12186.185796	-12186.185796	0.329000	1.000000
-19.9867092312587608660124	0.1050763348827773169258	2.8456794903555326925471	0.3769454679118323658926	0.7852358099986438411122	0.6251043527735231641884	0.1242658311689473910056	-12186.185796	-12186.185796	0.329000	1.000000
-19.9796207050614640365893	0.1045533997460423997206	2.8413967755703897211106	0.3772802316356526075580	0.7837054406212031754109	0.6241135032751371491955	0.1231860750077263533253	-12184.650125	-12184.650125	0.329000	1.000000
-19.9796207050614640365893	0.1045533997460423997206	2.8413967755703897211106	0.3772802316356526075580	0.7837054406212031754109	0.6241135032751371491955	0.1231860750077263533253	-12184.650125	-12184.650125	0.329000	1.000000
-19.9710631056831395824247	0.1000946920566107567474	2.8416220983384721243681	0.3738431507545488252653	0.7770902811134753340738	0.6280339446845051298851	0.1300095522724497298928	-12185.619131	-12185.619131	0.329000	1.000000
-19.9588348540353806015446	0.0994392180035792855319	2.7510249713356724754476	0.4640098144524862355809	0.7274719450776864215769	0.6232760505552558116804	0.1135710243197977226126	-12172.371579	-12172.371579	0.329000	1.000000
-19.9782792418051968752479	0.0977911390483606340895	2.6516398335798663232765	0.4314959915124388367680	0.7165731005004325471219	0.6243104623739026415308	0.1139829835396811708037	-12164.027134	-12164.027134	0.329000	1.000000
-19.9790944390463529600765	0.0980432628177787535151	2.6319894773773935270356	0.4199603158894149035341	0.7155355055116522366987	0.6254424820865533973802	0.1154834875548536449186	-12162.546268	-12162.546268	0.329000	1.000000
-19.9658758409729557570245	0.0996911617267288718836	2.6156509372997258644489	0.3702101650291057532982	0.7333024231953713112375	0.6308814314445077009452	0.1272417561241450667531	-12155.765432	-12155.765432	0.329000	1.000000
-19.9440230113090244401519	0.0936538912776978121899	2.4648915498987542527232	0.3422415757516881762434	0.6784113810381302567265	0.6393163466585837229061	0.1265401252954965749531	-12148.328781	-12148.328781	0.329000	1.000000
-19.9418777415146912801447	0.0855158620550442449826	2.4129802917287479502306	0.3900400814744288124913	0.6762230286237946863537	0.6308256929679392221999	0.1247494930076356589588	-12139.847060	-12139.847060	0.329000	1.000000
-19.9397109233713436537982	0.0860163158087097201587	2.4181114562119576660848	0.3530602780348963687373	0.6796055064707193782425	0.6347403154261468394282	0.1305016902118306121316	-12140.666896	-12140.666896	0.329000	1.000000
-19.9428360033378950788574	0.0947570649902596123804	2.4171033024486332507763	0.4218006386479455360750	0.6796730871777283411461	0.6271553124485091945672	0.1181972240527713186031	-12138.217991	-12138.217991	0.329000	1.000000
-19.9613519225399578260749	0.0985757420291884373098	2.4276918975351802210128	0.3729771933308887454928	0.7089670874245139753356	0.6297784205302919824376	0.1199123188975997067462	-12137.944986	-12137.944986	0.329000	1.000000
-19.9651884514616533294884	0.1049831677166929849720	2.4455136171004143719188	0.3604702957105204719213	0.7170825968584845222509	0.6244059103729983073450	0.1231246305083054243257	-12138.934187	-12138.934187	0.329000	1.000000
-19.9629948546238544793141	0.1088717153643132817820	2.4556238114592687793447	0.3320975537370657315606	0.7195744987978838214104	0.6303128900720196270413	0.1250779904544442322489	-12139.611810	-12139.611810	0.329000	1.000000
-19.9580756152359910515770	0.1084196154126162020548	2.4520380675008746074184	0.3787471310144037706102	0.7055748887069460684174	0.6296384045964255049554	0.1202561658311750297790	-12137.787698	-12137.787698	0.329000	1.000000
-19.9550241826960572666394	0.1062390727967197356918	2.4299392651095841344500	0.4108652906190209952442	0.6777339018207201304378	0.6259058440735072448291	0.1157736176764982277687	-12136.696846	-12136.696846	0.329000	1.000000
-19.9602643726930821799215	0.1074764734563047469118	2.3966125121902455141765	0.4060639979746495931145	0.6739976654546605550067	0.6236590313022246645502	0.1134973143700374192955	-12136.182599	-12136.182599	0.329000	1.000000
-19.9619509544143340917799	0.1085801707459626980201	2.3378470295413271706764	0.3942395493046616516963	0.6751390453082160014731	0.6247438855638300925222	0.1234719878795400432869	-12129.233550	-12129.233550	0.329000	1.000000
-19.9423405662497330581573	0.1088004888964736738277	2.3058293855140985506580	0.3719420093621796929995	0.6591811231663038395112	0.6286591226164947032728	0.1340680669293422000443	-12129.383175	-12129.383175	0.329000	1.000000
-19.9381539880001774633911	0.1125728512715233053942	2.2915183853811100789244	0.3780358958542193725805	0.6558154203960105954607	0.6325910740733705628358	0.1314833294665796459277	-12128.403958	-12128.403958	0.329000	1.000000
-19.9343576772477213410184	0.1088237854128842607704	2.1187738780996450138616	0.4111777045901038318831	0.6177509781223288198859	0.6321211977319470820547	0.1302382971874035955118	-12126.622811	-12126.622811	0.329000	1.000000
-19.9210579909035629952996	0.0993722852283696056475	2.1719700050919383826908	0.4298682498045550692822	0.6166991156895935688453	0.6308323670867754806579	0.1359411720431054626523	-12126.924567	-12126.924567	0.329000	1.000000
-19.9303196648448128769360	0.1002960609870709174363	2.1436116672841336594502	0.3994470203514812745027	0.6129782010823616733575	0.6291669808153029785913	0.1346237144058929913193	-12125.387717	-12125.387717	0.329000	1.000000
-19.9487334864417000801495	0.1072780499895659156451	2.1224740879155392647704	0.3574464982468417706407	0.5972234321885483421255	0.6280017865606791760413	0.1313830666962266247033	-12123.663757	-12123.663757	0.329000	1.000000
-19.9476055408737273921815	0.1067351385988210693556	2.0728121422080314495417	0.3680602984015099998771	0.5887312253717909005246	0.6269417070947189696284	0.1311068473179910764959	-12124.077621	-12124.077621	0.329000	1.000000
-19.9424311869235992844551	0.1026368561324839806526	2.1156819847022929614866	0.3700099339768405104500	0.5863437524028382030750	0.6286390620465972522979	0.1307817765121553621466	-12123.821265	-12123.821265	0.329000	1.000000
-19.9553101503078167411331	0.1002697442256626214618	2.0995193119614738996859	0.3532094259045171491529	0.5905868205830141492996	0.6257188197102308002684	0.1342139813597163777725	-12123.796450	-12123.796450	0.329000	1.000000
-19.9460237933931914255936	0.0992723613390815856627	2.1721406740490043496550	0.3466820140669643057763	0.6006128844364835295266	0.6288843920581714819207	0.1347774223169883045514	-12124.328107	-12124.328107	0.329000	1.000000
-19.9471345443285343890238	0.1000256594479385918728	2.1323439558428569640114	0.3305201880840354378144	0.5981119788825894900697	0.6297586947257877154627	0.1369121291477055080144	-12124.471729	-12124.471729	0.329000	1.000000
-19.9504038566612962313229	0.1025903822197924281090	2.1410890335220735813948	0.3304132649778077635006	0.5964349193057022491260	0.6290372375304189578316	0.1378948355324754182494	-12124.660446	-12124.660446	0.329000	1.000000
-19.9577378547287871413118	0.1081273058030252504080	2.1412743082187772891700	0.3307756930883463675208	0.5950853509464387736116	0.6292072700928260653441	0.1371311829876537546902	-12126.998558	-12126.998558	0.329000	1.000000
-19.9544708392384499973105	0.1120542350285536059573	2.1428553629641808875306	0.3701147541017398845398	0.5751140446590343735522	0.6262964143347868883893	0.1299630559076195845947	-12126.678147	-12126.678147	0.329000	1.000000
-19.9508105689900858692454	0.1050937212361295891583	2.1761256992380242358820	0.3375695477347389061862	0.5792391439587725177063	0.6261431546708995377060	0.1337959304657708736741	-12123.487240	-12123.487240	0.329000	1.000000
-19.9661005723621833851666	0.1113537334149349716794	2.1271110720470489674483	0.3304107012923733210918	0.5749366342670384488756	0.6228125230171801529622	0.1307421588190639805127	-12123.742020	-12123.742020	0.329000	1.000000
-19.9572091279505698935282	0.1083493667704797658313	2.1295960515859762018920	0.3300215197420688362229	0.5782638568169082837755	0.6238223185131032133555	0.1302215536639854398526	-12123.224413	-12123.224413	0.329000	1.000000
-19.9573193100232622043677	0.1083834438233536173746	2.1269401091143591564503	0.3317314854248146205329	0.5591663327857551157862	0.6239753223163196915735	0.1315695205424489422352	-12123.024570	-12123.024570	0.329000	1.000000
-19.9514594687214703583322	0.1066225906214122443050	2.1267661664959649492346	0.3315508416428233906537	0.5603899190868157909051	0.6250775024700332416216	0.1313968414179264576624	-12122.837160	-12122.837160	0.329000	1.000000
-19.9506972567507396831843	0.0965336190727161258529	2.0150496991212354380707	0.3427237399079200441676	0.5285822916634772550282	0.6250604695937761468016	0.1349283438239357590938	-12125.695654	-12125.695654	0.329000	1.000000
-19.9574527138813131443840	0.0982289235183115144734	2.0548483583473595714963	0.2942387192834290399190	0.5247399338571455684743	0.6255056027435416110549	0.1400766747257095878876	-12124.915879	-12124.915879	0.329000	1.000000
-19.9675602259680680106158	0.1031607289674791871903	2.0579161055340895458698	0.3328398588430442339714	0.5176960139560287110783	0.6186890879990079028516	0.1328461056065226020273	-12123.492645	-12123.492645	0.329000	1.000000
-19.9651418019548110294181	0.1007171790400260558140	2.0579128200772207613056	0.3318941372760754182636	0.5180614496532275348173	0.6191441420619955282589	0.1271663580968225570889	-12124.863961	-12124.863961	0.329000	1.000000
-19.9623592183551572531996	0.1038915693392900158054	2.0832930896735657455565	0.3356552011955562520029	0.5166727075996006002256	0.6209911017798090959730	0.1296142178884615581147	-12123.713891	-12123.713891	0.329000	1.000000
-19.9739708075687083521643	0.1057435664311938694482	2.1520155659836750494662	0.3126067296653984861621	0.5273517158967706563999	0.6164032710563160932793	0.1332476735348284702098	-12123.170076	-12123.170076	0.329000	1.000000
-19.9725678730000879568252	0.1042987180691399007326	2.1419562094234123605929	0.3226398257084290288610	0.5354666744251022070245	0.6165853207553326775781	0.1310508921664794435014	-12123.264007	-12123.264007	0.329000	1.000000
-19.9748437693795963809862	0.1070140975625615831213	2.0762937799217318080025	0.2809895046422141717812	0.5348470105535391150298	0.6193925062901712852437	0.1350171757722037346738	-12123.323498	-12123.323498	0.329000	1.000000
-19.9731905013789052816264	0.1045352376804392635634	2.0689388396602677033798	0.3181086633293696008806	0.5100527749525662901675	0.6162520744907120651135	0.1304766328447329315487	-12123.382645	-12123.382645	0.329000	1.000000
-19.9678790265021284255909	0.1008486414945407305677	2.0115327566600411657305	0.3103492968210723734757	0.5027853969218004648312	0.6169847781553212673344	0.1334397955535245594572	-12125.366757	-12125.366757	0.329000	1.000000
-19.9674355967889205487609	0.1022118197127014904702	2.0117585525315848649086	0.3101525939286658428706	0.5014885778569700969243	0.6181930339037392529988	0.1330881265871345087159	-12124.427108	-12124.427108	0.329000	1.000000
-19.9774861504080512020209	0.1036162497964408790718	2.0089597949454911507416	0.3043795930282993666971	0.5004031134455240170666	0.6177016109211541650126	0.1342395098466771519163	-12124.285230	-12124.285230	0.329000	1.000000
-19.9675534856611385237102	0.1060950094598439169546	2.0918930696303599248154	0.3040882841336550179712	0.5170412269975667163280	0.6200841271373670471334	0.1324864413236527260764	-12122.543603	-12122.543603	0.329000	1.000000
-19.9675049753251947493027	0.1061545189347925660650	2.0918992712241282205810	0.3040640872598589505849	0.5170073528206565738330	0.6199537869154868596766	0.1324728978760984499097	-12122.538164	-12122.538164	0.329000	1.000000
-19.9676143874509683939777	0.1095106672401720965260	2.0677367160508772769845	0.3219195426425913719726	0.5172467975381681570823	0.6174770885706208911614	0.1317088508032945026738	-12123.876755	-12123.876755	0.329000	1.000000
-19.9670995200155445559176	0.1129967932651938233857	2.0677015006893086912498	0.3218131151720642901815	0.5175392082862786402586	0.6195051739739942942009	0.1287955946029591958180	-12124.573957	-12124.573957	0.315500	1.000000
-19.9675904356327045263697	0.1151336515216274947182	2.1350806225652143588434	0.3223901918549745282405	0.5431949634645554247925	0.6192208258587243996374	0.1295610500471969794845	-12124.339182	-12124.339182	0.315500	1.000000
-19.9679987567138255144528	0.1152625234179271429547	2.1349686915426313582600	0.3183674060430253249798	0.5433095452301686112406	0.6195039162002988764044	0.1301214569274507237839	-12124.272997	-12124.272997	0.315500	1.000000
-19.9603838420930301822409	0.1146956348701445443927	2.1517774451177218431042	0.3364354707876092143159	0.5584716537113886269950	0.6215050011367792004435	0.1301818515419299882030	-12124.444290	-12124.444290	0.315500	1.000000
-19.9652323350627867171170	0.1129854377583949798236	2.1913766048999332447522	0.3337980765176631336999	0.5312625354244615571986	0.6181175759423727100739	0.1289258060755367196748	-12124.583607	-12124.583607	0.315500	1.000000
-19.9657511864074521668044	0.1132785601915491380254	2.1886118781362884355701	0.3353687556316563012082	0.5303946168061101085200	0.6180229564094888994319	0.1276209641828540686248	-12124.667713	-12124.667713	0.315500	1.000000
-19.9740601658653105232588	0.1138451362196951088812	2.1392900342478329278606	0.3243867346001116924725	0.5067474864632776077045	0.6151262112685699223746	0.1290584991365949230069	-12124.355741	-12124.355741	0.315500	1.000000
-19.9738711402335766820215	0.1143952911157135876596	2.1392998502341464828191	0.3242451211683978762323	0.5067161263185286923516	0.6155230448274557897292	0.1278610752370750724971	-12124.535873	-12124.535873	0.315500	1.000000
-19.9752126686868116678397	0.1182656864869482404856	2.0828354075533548339649	0.3314581043944095917198	0.4842663357664199752506	0.6118728247312343881958	0.1264018450916792879468	-12128.591335	-12128.591335	0.315500	1.000000
-19.9683925850688304137748	0.1152577302903935591027	2.1191316642430408911935	0.3215578875381214785101	0.4956960915282784818636	0.6192564847597640254051	0.1271886740600346454855	-12126.028618	-12126.028618	0.315500	1.000000
-19.9611556677841619489300	0.1187496200006959989892	2.0387895231370545268135	0.3018348812816056270236	0.5308537592022142259651	0.6242948339902363308340	0.1332306262079369918450	-12127.217583	-12127.217583	0.315500	1.000000
-19.9624781786868688016057	0.1162098138468106722776	2.0702447881112524541436	0.2734483720872558643045	0.5066300613615465353590	0.6245511350938733885485	0.1365334348551924537052	-12126.313986	-12126.313986	0.315500	1.000000
-19.9596817428776347469466	0.1191264458198751235996	2.0711752448232974010978	0.2894491986302926145314	0.4943061859035726146594	0.6230695419586491645703	0.1347991434982689362698	-12126.690103	-12126.690103	0.315500	1.000000
-19.9562888974360213012460	0.1137394438641576160931	2.0970782271706145394319	0.2959258184556048942859	0.5087188161745832548633	0.6205129338945852834897	0.1288397698671118196678	-12124.686060	-12124.686060	0.315500	1.000000
-19.9491670784181671649549	0.1144991632246549900787	2.1635938270050218967810	0.2745704542562721339749	0.5355339917276279448899	0.6255083591569756684692	0.1236714371741161611062	-12125.359181	-12125.359181	0.315500	1.000000
-19.9532688105425606295285	0.1154078834194345176689	2.1968709704787863223885	0.2607833432245340032907	0.5469738785844638906397	0.6264478861096197670477	0.1237465317529680836062	-12125.962629	-12125.962629	0.315500	1.000000
-19.9611064208655228924272	0.1189811057963315599206	2.2194683617552302123954	0.2503454444647811305558	0.5292804604902200393823	0.6252743564622308403145	0.1260527736826788647306	-12127.157282	-12127.157282	0.315500	1.000000
-19.9625029158694182740419	0.1185620461199752145864	2.2316382801987528772258	0.2509667413388491641335	0.5240304618362590094449	0.6247889977241254388929	0.1254303143737299508498	-12127.280734	-12127.280734	0.315500	1.000000
-19.9403760131968930124913	0.1170411761462409189205	2.0457061053297196373535	0.2266864344463282998632	0.4696613733513076427428	0.6327127288971707841370	0.1356780458109047293735	-12128.406567	-12128.406567	0.315500	1.000000
-19.9547570881362545947013	0.1099775837703879238783	2.1107253193501276378186	0.2246700062316813462093	0.4120596723619744938816	0.6230071008911637342464	0.1331455504032209580245	-12122.397154	-12122.397154	0.315500	1.000000
-19.9419510923540386215791	0.1109992768707340621281	2.1477998315243689297915	0.2506248263315830060449	0.4880292578735740405271	0.6279589902723401451112	0.1336161479470931445768	-12123.007367	-12123.007367	0.315500	1.000000
-19.9477831644056458060277	0.1061037683296329192650	2.2207241709900604753614	0.2514414107319542512897	0.4840383454837927090786	0.6238563238668838328849	0.1299544356542991774273	-12123.874272	-12123.874272	0.315500	1.000000
-19.9542187805912369924499	0.1050685062946524334082	2.2325792039416043621713	0.2502309850539112812129	0.4437056767489080399969	0.6210703870855007746599	0.1288362147839126337079	-12123.033185	-12123.033185	0.315500	1.000000
-19.9634246139177307099999	0.1078846971057674380967	2.1815739240410225718847	0.2260576960760743436829	0.3981859290868126066698	0.6194499513405528068333	0.1266185429937966844260	-12122.509848	-12122.509848	0.315500	1.000000
-19.9770407546782244878614	0.1026761351904760671827	2.2023196617468987490440	0.1874396058571566880957	0.4218172231332186772335	0.6177899788181996365566	0.1322874729195747389721	-12123.157480	-12123.157480	0.315500	1.000000
-19.9915381881109901485161	0.1099579143443954604153	2.1432828371358030317140	0.1786602773342287342473	0.3940729454740347637021	0.6099428857522661839852	0.1246671348527888800728	-12124.209848	-12124.209848	0.315500	1.000000
-19.9975977249862069129449	0.1072267542053508687649	2.1510220010206140273112	0.1785982404318145200239	0.3676594667836381447046	0.6058969464849632835524	0.1294249169971674051638	-12124.080551	-12124.080551	0.315500	1.000000
-19.9910143003511215908929	0.1089736624962789612869	2.1679099353684785356222	0.1718799242823914608103	0.3654628938021535211611	0.6136156223369627626951	0.1335139024975874888490	-12123.272428	-12123.272428	0.315500	1.000000
-19.9762541526012000758783	0.1200433149523775361311	2.0769208748523335650304	0.1525954526706935765468	0.3731801334555445159857	0.6169568352521038745451	0.1369126258911511628824	-12126.442571	-12126.442571	0.315500	1.000000
-19.9805226950924392781417	0.1082782451525127198622	2.2150258746158599798548	0.2228333432871374142348	0.3993419725783431961652	0.6147184716481609578764	0.1238640208781990603715	-12123.506682	-12123.506682	0.315500	1.000000
-19.9791868804215013710746	0.1031670520376057886835	1.9887991781271394664543	0.2228007429615133094813	0.3326656637615963418853	0.6106310343916172556078	0.1354047700548370869456	-12124.069405	-12124.069405	0.315500	1.000000
-19.9805389837808746733572	0.1025620780331736592306	2.2208322918644540777677	0.2340969304089517144529	0.4224649939447828739247	0.6148906504308743192766	0.1356532621715053898992	-12123.610923	-12123.610923	0.315500	1.000000
-19.9686092507996342249044	0.1050116679283054355043	2.1155253811798084839779	0.2591429056642498007790	0.4019424562202497108743	0.6164899287846793418666	0.1376008776528766797131	-12122.948290	-12122.948290	0.315500	1.000000
-19.9693147247485782713738	0.1057983711056206671541	2.1031585265317507271732	0.2557158627772707637504	0.3955733809073253004485	0.6157294469901143374457	0.1378302468945209469098	-12122.919055	-12122.919055	0.315500	1.000000
-19.9738208611196554898015	0.1069633364068721115281	2.1027682829473679504417	0.2559057825932140595171	0.3965815226095006362783	0.6130473365112577566194	0.1367132183722795379932	-12122.928969	-12122.928969	0.315500	1.000000
-19.9727452465705930251261	0.1065698808737855357576	2.1028645469008702129088	0.2558717994056105005107	0.3963254644436700613319	0.6138856399095234950281	0.1369915755818289226919	-12122.796545	-12122.796545	0.315500	1.000000
-19.9727452465705930251261	0.1065698808737855357576	2.1028645469008702129088	0.2558717994056105005107	0.3963254644436700613319	0.6138856399095234950281	0.1369915755818289226919	-12122.796545	-12122.796545	0.315500	1.000000
-19.9739296746724441788956	0.1046498824983349146267	2.1006631586538460076952	0.2559048086562545343270	0.3939873831567703432732	0.6123283546451234737873	0.1408826904377046551620	-12124.385199	-12124.385199	0.315500	1.000000
-19.9775653355001345801156	0.1046566204295884539022	2.1401124053943911818010	0.2345704479082950655311	0.4022968029162160008561	0.6138215568081903938946	0.1429829902667392182991	-12124.857487	-12124.857487	0.315500	1.000000
-19.9853590146859616538677	0.1053939863196959453306	2.1187241548169311045058	0.2240009892120481405087	0.3568724544918612795463	0.6090649027980625795919	0.1396639978337135268305	-12123.503811	-12123.503811	0.315500	1.000000
-19.9902268110594221184328	0.1025203363498679992594	2.1582989244823389540784	0.2303339200134690289978	0.3241821793246259519883	0.6061146800773515863625	0.1401078056713214170514	-12124.609753	-12124.609753	0.315500	1.000000
-19.9856047289610003758753	0.1012264462331510378457	2.1396805702167847051953	0.2251592632520779402316	0.3045514127593521580550	0.6074322493163760716683	0.1392941001751932805774	-12124.098021	-12124.098021	0.315500	1.000000
-19.9927094597793626462590	0.1048778198886175516691	2.1673140607976906224508	0.2544678477791235682304	0.2837362369646670989809	0.6038659290616772423732	0.1322667997848387955173	-12125.762649	-12125.762649	0.315500	1.000000
-19.9831938002560924871887	0.1042288855881441517193	2.1858833180883596725153	0.2655916483579808806681	0.3490598264785003124189	0.6084016453836054161286	0.1315614967480206454198	-12123.962621	-12123.962621	0.315500	1.000000
-19.9828054136473518553885	0.1036666099607218283207	2.1520601151032394682261	0.2606073558950508517462	0.3320517033275865448338	0.6091729062011165263257	0.1330168543457039553868	-12124.162816	-12124.162816	0.315500	1.000000
-19.9802650505962695604012	0.1040098646631056611422	2.1631865927358266965541	0.2743309262795738945329	0.3430796035707769919831	0.6086954701328974870478	0.1316667743697425840832	-12124.364148	-12124.364148	0.315500	1.000000
-19.9812397651363546913217	0.1069164785334012768292	2.1687666430433010233969	0.2563485243496593235513	0.3500102268400458460640	0.6103230615555047533505	0.1355752051929455248569	-12124.220585	-12124.220585	0.315500	1.000000
-20.0074046939447072190887	0.1076393122558062936944	2.0398022103426347584332	0.2241314333484695497933	0.2597323911419167630221	0.5972344397820465999871	0.1355570085032123117674	-12126.148572	-12126.148572	0.315500	1.000000
-20.0198012623148855482214	0.1107717919907353493203	2.0156494927378769688175	0.1872063106830227363631	0.2379621641672579612781	0.5945177053778811782081	0.1345538342625428596122	-12125.794794	-12125.794794	0.315500	1.000000
-20.0288288891942869440754	0.1115733763946255147070	2.0113018384881251598983	0.1696333722830603296661	0.2532033994802405652003	0.5942734287214751498496	0.1362555784297720951059	-12124.566959	-12124.566959	0.315500	1.000000
-20.0353860664264828983505	0.1112617597942611169515	2.1365164792356408085539	0.1823022394891451458676	0.2724545570911350300669	0.5939954008945154129151	0.1326150887884907092484	-12122.893296	-12122.893296	0.315500	1.000000
-20.0325562456375294573263	0.1126890311613453071748	2.1553129295924384756233	0.2063892631709703384679	0.3184170033007991396090	0.5953138468582616082969	0.1313623796230113383032	-12123.180038	-12123.180038	0.315500	1.000000
-20.0326037957230340680326	0.1120184390474590202524	2.1552981282371632687500	0.2062831777606188576879	0.3184606926690671246938	0.5952675999026012521043	0.1307006299320146724963	-12122.965381	-12122.965381	0.315500	1.000000
-20.0473503868071922795480	0.1165621558072946761797	2.1720428027715064089875	0.1892466490131890222148	0.2850718770724877670908	0.5898334795151082277087	0.1298825201443658816647	-12124.910034	-12124.910034	0.315500	1.000000
-20.0204423901907624383512	0.1139033776255881785788	2.1977607780423045191753	0.1976886807925306299705	0.3411723133323570356090	0.6026462122393320131053	0.1330589274161156632115	-12124.977705	-12124.977705	0.315500	1.000000
-20.0532794962696954144121	0.1091133474211961051914	2.0958143887351110556949	0.0991480304302737452948	0.1523743018639564794636	0.5867641590682119989708	0.1348912288882692378511	-12122.568133	-12122.568133	0.315500	1.000000
-20.0522305959620474880012	0.1128755866625357623390	2.1525188130929504559674	0.1270732023960717271827	0.2111313222173593906472	0.5885772874890389250169	0.1315380324050013094439	-12122.968599	-12122.968599	0.315500	1.000000
-20.0453185308329686620255	0.1135025238890601806396	2.1375943687149856486940	0.1512651122779989643075	0.2823601614530639181133	0.5919096059517853225529	0.1325485607823578826370	-12122.809522	-12122.809522	0.315500	1.000000
-20.0481063078516967834730	0.1114792627251901258045	2.1406301922071815369009	0.1408989562072077428301	0.2540528656078640534766	0.5900822884397707301929	0.1333517972955092223408	-12122.603104	-12122.603104	0.315500	1.000000
-20.0454955804306180766616	0.1096534252551207705428	2.1330844091010821017562	0.1383163297393732726892	0.2485324798924307410086	0.5914792613007721078233	0.1335609848617863304465	-12121.937030	-12121.937030	0.315500	1.000000
-20.0513271922476299380378	0.1105483639518300559290	2.1651095303987215601182	0.1438487990404364313957	0.2380008309989420089980	0.5901383451168595861702	0.1328091847859438900947	-12122.676165	-12122.676165	0.315500	1.000000
-20.0582749728509384112840	0.1042659868704565312436	2.0391423238530164141480	0.0902635026151909491965	0.1189550256460742971854	0.5846244726495092303153	0.1328402597093469028611	-12122.981154	-12122.981154	0.315500	1.000000
-20.0607656851961060340273	0.0976922749344294044649	2.1799545623121177051473	0.1244869859687225271960	0.2434550146900953393470	0.5895222585882340382568	0.1313402925912871277436	-12122.407221	-12122.407221	0.315500	1.000000
-20.0201590528064699014976	0.1005598878749721508674	2.1774044141361965643000	0.2159346085051276342703	0.3627898658192836300884	0.6019513751306232451910	0.1341406635674016190052	-12122.343759	-12122.343759	0.315500	1.000000
-20.0224916257731209157100	0.1000579524200202463646	2.0090144995643348657666	0.1936896384986341868029	0.3703873205469477847274	0.6031762310691152206843	0.1370494374019241567986	-12123.440727	-12123.440727	0.315500	1.000000
-20.0381493762957489934706	0.1029604342030896180216	2.0145720961888291533626	0.2023810491152622792477	0.3830008765510620749595	0.5981403953980476417840	0.1356902077280749130406	-12122.966999	-12122.966999	0.315500	1.000000
-20.0469389607577888057222	0.0985160478506149350775	2.1416880068393848723929	0.1777019577266372718505	0.3895738248169063888682	0.5978443283962826537703	0.1363200316903371844823	-12123.175278	-12123.175278	0.315500	1.000000
-20.0746615283001190732648	0.1038761048136595255276	2.0608135125679667432053	0.1393688174493880049809	0.3389009093967649821622	0.5885771290109402809065	0.1348935522564997380179	-12122.536150	-12122.536150	0.315500	1.000000
-20.0748693162037596948721	0.1040026251842728760577	2.0611826923710885317576	0.1406337254400027714230	0.3378049855001576395885	0.5889207856480234148933	0.1344721424934526288197	-12122.386361	-12122.386361	0.315500	1.000000
-20.0874679680326053698991	0.1044240318489419727666	2.0380552799780491390891	0.1400890662190285296251	0.3215930265039253499459	0.5835266028859988907129	0.1329821710189931227575	-12122.745012	-12122.745012	0.315500	1.000000
-20.0971326928530338307155	0.1078575028020074266788	2.2096315593447428682339	0.2027113521283762931358	0.4099356049957366132652	0.5830965220349885180795	0.1306297940889163400335	-12122.540836	-12122.540836	0.315500	1.000000
-20.0767320104583184559033	0.1116221516063086033332	2.1173745625286053417824	0.2655579626335839993345	0.4592159842695902050025	0.5865181356836978165958	0.1337199858749405223524	-12123.292363	-12123.292363	0.315500	1.000000
-20.0537723422276350504490	0.1087549497859169322922	2.1181429798620547977350	0.2619698499555683790518	0.4581105937581385623147	0.5956522845104714747322	0.1348184425052292856329	-12122.635920	-12122.635920	0.315500	1.000000
-20.0540142967511592075880	0.1053183613833795218007	2.1180748730223677434026	0.2614379165850204134181	0.4583533222267429096952	0.5954158830169612448557	0.1314256247481940254040	-12121.934317	-12121.934317	0.315500	1.000000
-20.0291166064588033179916	0.1055030642386438621827	2.1056964135366573742658	0.2738085695100312966233	0.5001804754935559316209	0.6025812863720441114879	0.1303754683559219529343	-12122.336200	-12122.336200	0.315500	1.000000
-20.0393530490580644709553	0.1037002101180865554220	2.1238345420693169884885	0.2192799411717854807247	0.4510635186008697949944	0.5995824358103384321694	0.1281970816531448065234	-12122.576343	-12122.576343	0.315500	1.000000
-20.0483584275606929736568	0.1071605678953294754630	2.1828624913484073744030	0.2250455206770851646070	0.4628189854859853791247	0.5970357006010774680860	0.1305888900569334154511	-12122.692329	-12122.692329	0.315500	1.000000
-20.0482183881043027895430	0.1057852581120357626787	2.0864583745097364797516	0.2080656893311040311900	0.3683037532246634659927	0.5955854403180129708062	0.1275072830764377718182	-12122.551770	-12122.551770	0.315500	1.000000
-20.0539212487444054033858	0.1006905360498526191826	2.1587487488654777401109	0.1846659841744007490849	0.2968597448295675067520	0.5905450446833880873143	0.1268645962156588202774	-12122.278412	-12122.278412	0.315500	1.000000
-20.0368038320367851667925	0.0986145610599869076873	2.1723025865577509918580	0.2028591071813292956438	0.3180267777528360539918	0.5961842918814455050125	0.1283342891386932971276	-12122.775201	-12122.775201	0.315500	1.000000
-20.0558022404970479612984	0.0964351777852023861470	2.1813169892053045906266	0.1175722600499387177075	0.2147114357683146956823	0.5907682135065992490297	0.1309968647114200523962	-12123.426743	-12123.426743	0.315500	1.000000
-20.0541706162676334201933	0.0956372028901976839466	2.1546291743777530314219	0.0606527401283844941338	0.1804532140295318498602	0.5920833574854520442443	0.1294091253460704638023	-12123.644979	-12123.644979	0.315500	1.000000
-20.0451109022076749965890	0.0998231509685227058615	2.1551076817509096095193	0.0595357648477468359705	0.1797459640288197879610	0.5915563619648056548073	0.1246747302358463954652	-12123.155900	-12123.155900	0.315500	1.000000
-20.0319612446572818953427	0.1154296944572604649570	2.2042041158577037052169	0.1413263479923339283051	0.3412798985706239074389	0.5992894014263504542939	0.1263686868056575485220	-12124.105030	-12124.105030	0.315500	1.000000
-20.0379208000695960834037	0.1131933015775339751441	2.1297547704827928249927	0.1069586874076737526007	0.2375165929684679988476	0.5946968501312007715498	0.1281177274701023882653	-12122.456936	-12122.456936	0.315500	1.000000
-20.0375418315661200097111	0.0994994937893158432063	2.1116178674687642313756	0.0948162366711705756339	0.1615609488455353737191	0.5924210020363274153965	0.1242791410387118072878	-12123.689418	-12123.689418	0.315500	1.000000
-20.0388023651724260787432	0.1002148770132916949516	2.1096151817895125724078	0.0924721407332597805651	0.1497145889057879541983	0.5916026114513978084730	0.1264792491343151026317	-12122.864919	-12122.864919	0.315500	1.000000
-20.0138902042335935504980	0.1046856303578037744595	2.1206234863355519770778	0.1659991044545953142730	0.2736695578931985228799	0.6003416137583652556486	0.1221230683047674209218	-12123.855399	-12123.855399	0.315500	1.000000
-20.0151153231373122309833	0.1135438440802882115177	2.0743896644399484330279	0.1471968050510114034424	0.2392187373279186235475	0.5998469997033469836012	0.1316160507350135344673	-12123.242305	-12123.242305	0.315500	1.000000
-19.9916422923925587440408	0.0997891186849327038733	1.9929779339003488303206	0.1205550502603766338527	0.0760618672118421046413	0.5996008795543382730031	0.1330391028556426324947	-12127.211792	-12127.211792	0.315500	1.000000
-19.9897519099965705891009	0.0956964505986235280943	2.2845081588528146632200	0.1770130558728987280048	0.2499486573800102640064	0.6072686477691808804025	0.1321089701906179025848	-12126.919698	-12126.919698	0.315500	1.000000
-19.9822262187840955505180	0.0944459092823461687782	2.2031773538690546665464	0.1813538031717353282701	0.2341066930134172718869	0.6066017795423339631355	0.1341017636893516995489	-12124.957415	-12124.957415	0.315500	1.000000
-19.9823696273298949677155	0.0923549122226887952980	2.2031358866155166253975	0.1810244002730045376204	0.2342545715145038509597	0.6064670390034551106240	0.1319932855271997995672	-12125.439240	-12125.439240	0.315500	1.000000
-19.9938584733534128190513	0.1149993153600430417782	2.0614789709458838373735	0.1203170452706012749644	0.2531566216728206586417	0.6072479234728822561351	0.1246082035085247508022	-12124.810113	-12124.810113	0.315500	1.000000
-20.0060429577367600018079	0.1137122588548273721676	1.9995692067925132651141	0.0636018408902911253078	0.1631903397603537142491	0.6024381120831505675994	0.1277419165403988754459	-12125.436878	-12125.436878	0.315500	1.000000
-20.0031861869501916828540	0.1063298818315926985711	2.0950738827099284478095	0.0092076957095966541211	0.1615714583903141710053	0.6062023572708078456017	0.1372652610323104871437	-12123.307682	-12123.307682	0.315500	1.000000
-19.9878382009420612064332	0.1020261560502770947778	2.1791929988243512461565	0.0795209231698215113227	0.1657359787445769616632	0.6093747623072403030164	0.1269685766995354847531	-12123.844557	-12123.844557	0.315500	1.000000
-19.9779847238709180601290	0.1008524981851442597902	2.1561718764846435902882	0.1279639979494512358471	0.2138213929756772047064	0.6114268372207503077220	0.1236189358021294593115	-12124.030125	-12124.030125	0.315500	1.000000
-19.9767135691904051952861	0.0993148782650353917356	2.2099567019128967260144	0.1266347860153280435735	0.2693683313282710933834	0.6135621284747987402852	0.1215943289728225878976	-12124.444673	-12124.444673	0.315500	1.000000
-19.9794891246834644960018	0.1018027705618379935570	2.2153149513396157566092	0.1282483672601736346408	0.2861111725629619240152	0.6121839983346023528199	0.1194851777772738821159	-12125.002061	-12125.002061	0.315500	1.000000
-19.9924012982473442434639	0.1091897993500431512937	2.1907307274320557688441	0.1181089668445842316702	0.2342732006365979002815	0.6063771570554491452398	0.1255522331209607822533	-12122.434890	-12122.434890	0.313333	1.000000
-19.9905445854250061188395	0.1086390255520653380650	2.2382451894420039018030	0.0812084768124290423685	0.1810431340763794527682	0.6052438907021882030790	0.1273849998430490737533	-12123.305896	-12123.305896	0.313333	1.000000
-19.9358486368984770820134	0.1060127890188808374994	2.1231873699538521549357	0.1873602297597165566856	0.3131276440315273745796	0.6217091949528876781983	0.1265725019333276690769	-12122.835906	-12122.835906	0.313333	1.000000
-19.9779081130861193571491	0.1120252240335369575686	2.1007387987996928302437	0.1626520724778867943439	0.3284410760316704980255	0.6144407586786367891918	0.1324808065598393203022	-12122.271849	-12122.271849	0.313333	1.000000
-19.9857985550471006774842	0.1123055292134730182019	2.0949030626661553355916	0.1634168337326712128199	0.3237406500151572275037	0.6108188303723680601109	0.1314762867625610398559	-12122.198236	-12122.198236	0.313333	1.000000
-19.9933839558601356145573	0.1051305845891808699033	2.0732433475254432586610	0.1129303459759474215218	0.2821496564842892462721	0.6085943647567559899869	0.1261889455516571612037	-12123.110792	-12123.110792	0.313333	1.000000
-19.9759138555267163894769	0.1061677704713550468574	2.1412480852071311687723	0.2036437403320127126349	0.3858097102874568640196	0.6166102259963464060633	0.1307968689501088077609	-12121.754955	-12121.754955	0.313333	1.000000
-19.9769185723187909786702	0.1036626701761754615339	2.1218504673826807938042	0.2081445606245694579517	0.4003261589615155768840	0.6173161805751173902834	0.1278517844523256730138	-12122.392607	-12122.392607	0.313333	1.000000
-20.0358356608964562894926	0.1048900037428272119522	2.1312949203655846552863	0.2080874888386990417821	0.4239615581732166238460	0.6009008719568732503902	0.1275241884608178943861	-12122.191577	-12122.191577	0.313333	1.000000
-20.0698568920919484526166	0.1048171051085911437140	2.1881018885787510974694	0.1913212082450710393999	0.3401200527443740129208	0.5887934239168102212858	0.1362814471215552658556	-12123.057503	-12123.057503	0.313333	1.000000
-20.1064089043491165398336	0.1051874747320483000079	2.1861738479946475344207	0.1967642696261268364655	0.3449942404281777230679	0.5774859535063139315270	0.1351140035818655105171	-12122.392263	-12122.392263	0.313333	1.000000
-20.0914192053904478996174	0.1051645454641917110106	2.1483699653616232794207	0.2456247111678604433394	0.3996862991712410995149	0.5816576314926527047078	0.1339717994234028430878	-12122.076940	-12122.076940	0.313333	1.000000
-20.1244548732900092602449	0.0971901267001650803756	2.1965947109448107354979	0.2258946243022508792997	0.3984246390578843888264	0.5731664185249918386234	0.1337122063957023043734	-12123.471273	-12123.471273	0.313333	1.000000
-20.1795267904303337047622	0.0954264143433753014856	2.0292479949593564825250	0.1301253747744129940500	0.2522240346713081060592	0.5592132142104986325393	0.1390219843860711346206	-12124.027045	-12124.027045	0.313333	1.000000
-20.1795267904303337047622	0.0954264143433753014856	2.0292479949593564825250	0.1301253747744129940500	0.2522240346713081060592	0.5592132142104986325393	0.1390219843860711346206	-12124.027045	-12124.027045	0.313333	1.000000
-20.1962420695739517384482	0.0995673598467961273872	2.0293854084420002159561	0.1310140530767980870941	0.2538430869902554287698	0.5519346278635143265845	0.1356686468271128542806	-12123.140204	-12123.140204	0.313333	1.000000
-20.1366485065918894292736	0.0913850722140270299576	2.0275042118738029195413	0.1992266308684597087009	0.3635045489548763830712	0.5706203143848355141543	0.1409968971129761383665	-12125.976478	-12125.976478	0.313333	1.000000
-20.1048738384649468002863	0.0938995850058972209018	2.0545389749497027231939	0.2175171059282377528099	0.4118867412268357730554	0.5819404598475572676364	0.1370166689297961093441	-12124.330582	-12124.330582	0.313333	1.000000
-20.1121859247838798978592	0.0959453862438434668114	1.9477614338171982399928	0.1669523519280556866917	0.3227711231874930697394	0.5769176581091981503846	0.1372297834316161257995	-12126.137353	-12126.137353	0.313333	1.000000
-20.1269582979027461533406	0.0949949934544308260964	2.0691187778090691651300	0.1809102113544719392380	0.3838664803761147603645	0.5783303103421086888147	0.1427646993006880249411	-12126.832331	-12126.832331	0.313333	1.000000
-20.1315207092648478237606	0.0914418638144459533512	2.0677412592463655371944	0.1780246847474959426272	0.3731006560005752925591	0.5765269521018772103105	0.1384172729749715557990	-12126.426266	-12126.426266	0.313333	1.000000
-20.0978417937680937654932	0.1046747616882309772635	2.1717328133564599568217	0.2234776179680285357332	0.3383099674261493827743	0.5812767531257697628533	0.1340003543457793377947	-12124.257913	-12124.257913	0.313333	1.000000
-20.1608476966035397026644	0.1041321972186391997539	2.1717830618566860145791	0.2260647880575273604986	0.3333386367363346813875	0.5614453626572910582837	0.1313756962824687291036	-12122.367458	-12122.367458	0.313333	1.000000
-20.1673842338341202662377	0.1145932164317836898793	2.0882100352171204526996	0.2334879082323644272634	0.3259343554119539243530	0.5577450663019707377543	0.1390591255330606568208	-12126.230124	-12126.230124	0.313333	1.000000
-20.1375356428704712641320	0.1042412223345630939431	1.9857786821003924337958	0.1711618159112861248250	0.2944275123134509897227	0.5691990039206772378222	0.1351030992766433513896	-12123.427651	-12123.427651	0.313333	1.000000
-20.0192366757857307391077	0.1011542384531612243093	2.0830800848605504071998	0.2577395963091420605373	0.3970741462086302409062	0.6031464251245339802665	0.1279020717211467317309	-12123.611472	-12123.611472	0.313333	1.000000
-20.0187333467325707658802	0.1012444859490562176774	2.0822457946395327432754	0.2586175147826062503675	0.3977046394113779026469	0.6028965670221537731521	0.1280282232298304012641	-12123.354633	-12123.354633	0.313333	1.000000
-19.9999383560617793875736	0.1066989305648604197119	2.1644059584823316377822	0.2696837746041258476737	0.4585456073767439355571	0.6084819237453906737301	0.1307427460575554811761	-12122.110918	-12122.110918	0.313333	1.000000
-20.0176195252908861732521	0.1084713224421801763819	2.1562978161086596706753	0.1820415652053163080293	0.2607480557694504819111	0.5995707060636795704411	0.1265200100499572766211	-12123.545809	-12123.545809	0.313333	1.000000
-20.0785650431653088787698	0.1085634878521155588516	2.1541031082132797713768	0.1163175786366318353870	0.2529052198026655040586	0.5860447354814741771634	0.1277151046121677291367	-12122.493088	-12122.493088	0.313333	1.000000
-20.0229495278218259102232	0.1086065353498264218768	2.1425003655253016532356	0.1453051754563240982598	0.2690043580534644540592	0.6000351241968800986015	0.1322819363637942058354	-12121.864955	-12121.864955	0.313333	1.000000
-20.0140996373832855681485	0.1065120082494317027555	2.1649315619432094592867	0.1546016188555243975333	0.2802267917207579284167	0.6005425882844174223507	0.1335041032280862016712	-12121.862358	-12121.862358	0.313333	1.000000
-20.0223364691571319440300	0.1024695110755584337436	2.1236091108844417085777	0.1367407457375963142354	0.2907196940713460686645	0.6006464864448766149962	0.1298459014549387391391	-12121.323733	-12121.323733	0.313333	1.000000
-20.0147205346267433867524	0.1012483450001684520680	2.1244075437678722195756	0.1444727808664224566471	0.2799665310352243974279	0.6012797344335512050861	0.1297676934424744632501	-12121.485381	-12121.485381	0.313333	1.000000
-19.9626535837607050893894	0.1050646833030195737013	2.1360012137973938273205	0.0940742978002241103663	0.2612729369333181561608	0.6180808651875202563986	0.1294209571601481201242	-12121.635799	-12121.635799	0.313333	1.000000
-19.9659183049954762623202	0.1096815141202587134961	2.1053805211148861609161	0.0833016945082202392436	0.2086521183152996727905	0.6135068468560928023336	0.1306926378738213767594	-12121.928695	-12121.928695	0.313333	1.000000
-19.9600183511041464612390	0.1033510637455263142526	2.1022293234350049040415	0.0071721089647094936684	0.0727517624207745933207	0.6161998038554381551535	0.1388377495337025091526	-12124.253822	-12124.253822	0.313333	1.000000
-19.9654082696523182960391	0.1001506024526056526369	2.1402760347456601941474	0.0145909155415189419752	0.0863886926880860772648	0.6138136166781688052296	0.1338401646527635491246	-12122.582807	-12122.582807	0.313333	1.000000
-19.9560256535332420924078	0.0999418598676120734092	2.0976712599087070643122	0.0327077665668253775300	0.0707822215608435306722	0.6144096503082500104753	0.1323597336181149830558	-12122.377743	-12122.377743	0.313333	1.000000
-19.8770399149514283010376	0.1081685644121862105438	2.1231483562030080136651	0.0101225597665659111657	0.0521671284179464900266	0.6367721706531739300772	0.1238259661137518230500	-12124.085261	-12124.085261	0.313333	1.000000
-19.8901796037809006634234	0.1094717508794029042773	2.1148576371668799112058	0.0055199288667669727665	0.0374738886467868431707	0.6321503732770371586369	0.1254814235622105367263	-12123.800459	-12123.800459	0.313333	1.000000
-19.8901796037809006634234	0.1094717508794029042773	2.1148576371668799112058	0.0055199288667669727665	0.0374738886467868431707	0.6321503732770371586369	0.1254814235622105367263	-12123.800459	-12123.800459	0.313333	1.000000
-19.9173758502908704315360	0.1125521176625629005130	2.1586060167904062012667	0.0376291282755244899105	0.0795562980837162952996	0.6236614402944444801591	0.1256042132123974530700	-12123.979965	-12123.979965	0.313333	1.000000
-19.9222150418969725649276	0.1102983238349177358417	2.1845088604445002111731	0.1701452864091022865178	0.2917201194180885082119	0.6236596579015110108912	0.1317786201441762117259	-12124.647206	-12124.647206	0.313333	1.000000
-19.8969273711499958778859	0.1100384537194950274053	2.1858859513925850137639	0.1664554472793172701373	0.2884576293424430670775	0.6314852357042967101464	0.1325906191169735626190	-12124.087403	-12124.087403	0.313333	1.000000
-19.8670910078505755791412	0.1143246504742534697119	2.1255550538257215187343	0.1684745642601946924444	0.2840414793683412875147	0.6406215875611532828415	0.1316128213904012578261	-12123.921706	-12123.921706	0.313333	1.000000
-19.8747021921043938164075	0.1047898877731439082339	2.2193958195396166210855	0.2000402210317570594889	0.3392531200600537033552	0.6397407089176704308997	0.1344265097886153392803	-12124.082289	-12124.082289	0.313333	1.000000
-19.8541595093378262504302	0.1034503914568455223977	2.1536832186870999983341	0.2510828328766511186032	0.3414894326837440985400	0.6449087631142527143879	0.1328634693444870062962	-12123.321229	-12123.321229	0.313333	1.000000
-19.9120604319779701540938	0.1028734247342112800849	2.2046465237329182507153	0.2714879255436227767362	0.3982367287513269848986	0.6328533512733878207968	0.1354418449078082786752	-12124.629330	-12124.629330	0.313333	1.000000
-19.9298841584410304506036	0.1080074951144485567722	2.1516523107501375200457	0.2164034529491367930820	0.2928058994826612249085	0.6232834565418149397331	0.1281809082052164650012	-12123.350372	-12123.350372	0.313333	1.000000
-19.9287170530753243724575	0.1173447374412378146902	2.1585268125724352827888	0.1249430957133858682839	0.2173491213926036502713	0.6225298770171719953126	0.1240846678129334940133	-12125.357642	-12125.357642	0.313333	1.000000
-19.9691965542010940737327	0.1174339441123352090202	2.0869749503486594299773	0.0380491034720694676352	0.1543450897334998073163	0.6161801712569978661804	0.1285038972617466024317	-12126.857524	-12126.857524	0.313333	1.000000
-19.9526346953753339619198	0.1100123762055423559669	2.1976494114903362131486	0.1734507571089748956261	0.2036886571416759439401	0.6127496942986746519821	0.1204002687971240936893	-12127.677873	-12127.677873	0.313333	1.000000
-20.1739066526867674156165	0.1102063772318765122460	2.0360748868137616973684	0.2238898612411359956287	0.2679046850413949187875	0.5567315020425136484761	0.1365582050695017257702	-12125.918517	-12125.918517	0.313333	1.000000
-20.2196210562102400842832	0.1105909097598547635721	2.0085304656106615084354	0.2621484990993099284395	0.3221811948038587058996	0.5451736799754208773194	0.1372335915935312400382	-12126.558957	-12126.558957	0.313333	1.000000
-20.1798829611742895906445	0.1040239345005933291333	2.0496479694134204230238	0.2593223651363806836478	0.3318150104347398210436	0.5574814976588742254648	0.1360858683368217914023	-12125.111239	-12125.111239	0.313333	1.000000
-20.2262213114071833786056	0.1026501325204384196255	2.0563385292014637606428	0.2741896674880818229880	0.3754454628161806306608	0.5462498089709417747883	0.1339842756605067186637	-12123.831990	-12123.831990	0.313333	1.000000
-20.0130596246825191997232	0.1114671573834315754237	2.1010649163403720685039	0.2840308665762265039056	0.4397150253859909985188	0.6056418701411326876993	0.1301508432036423412725	-12124.050777	-12124.050777	0.313333	1.000000
-20.0967815008737531456973	0.1067088403417270070506	2.0813077335677814261317	0.1790249100368547230389	0.3413430736521209096779	0.5846699433672429835340	0.1340917072956460953659	-12124.392705	-12124.392705	0.313333	1.000000
-20.0690764612909262609719	0.1084923152176401339730	2.1130847046843252989845	0.2134710689004934991431	0.3328751232239282042968	0.5878395071793693915652	0.1300663444988603978381	-12122.586798	-12122.586798	0.313333	1.000000
-20.0367605265671251402182	0.1131717455301753938457	2.1887096163737158605045	0.1105260634036377698219	0.2338896847929836653179	0.5945393248857744339375	0.1300490602478553137100	-12122.874414	-12122.874414	0.313333	1.000000
-20.0347387445311433396000	0.1121863629990955818494	2.2045686509428592536608	0.1423986829129747222478	0.2164160621034080245195	0.5909072880563274177135	0.1258176040488992175614	-12124.878575	-12124.878575	0.313333	1.000000
-20.1732937465146058286791	0.1031989694141059177301	2.1487385517927442002417	0.1482685158685615456342	0.3029897635404310562990	0.5590662363626859310273	0.1272608222840078406879	-12122.010916	-12122.010916	0.313333	1.000000
-20.2232409015742859992315	0.1021303447146839488147	2.1484779667126603364125	0.1217268775460312174586	0.3069284655748204526660	0.5474622721470179254055	0.1289105705261573975307	-12122.607725	-12122.607725	0.313333	1.000000
-20.2190946918628462469769	0.1007444669074357840310	2.1172482016792395498328	0.0519160246662183355593	0.1510614469778799318078	0.5444764505406147758748	0.1320463091515670372988	-12122.154457	-12122.154457	0.313333	1.000000
-19.9565036810011768864115	0.1086504637617285440321	2.0932920830219581276310	0.1353103377608297352985	0.2012695394380795144151	0.6128522665105833322485	0.1301308968817873057411	-12123.017400	-12123.017400	0.313333	1.000000
-19.9565036810011768864115	0.1086504637617285440321	2.0932920830219581276310	0.1353103377608297352985	0.2012695394380795144151	0.6128522665105833322485	0.1301308968817873057411	-12123.017400	-12123.017400	0.313333	1.000000
-20.0687738295916417996523	0.0988969803424721016771	2.0631533100154739734933	0.0136808161202710137916	0.1444741246768798670352	0.5865539627369049657801	0.1368245175106863609216	-12123.257126	-12123.257126	0.313333	1.000000
-20.0536169706283331493069	0.0981150029489476771527	2.0782021693847081422746	0.0297849604179973997953	0.1474239205644488348579	0.5904095862143132755762	0.1379270934035052575961	-12122.990382	-12122.990382	0.313333	1.000000
-19.8075060947385068743642	0.1028583327580550182967	2.1926857076021417647382	0.0907334344345902404916	0.1411514393958455126921	0.6534254667472813027373	0.1271438347140496083476	-12125.290475	-12125.290475	0.313333	1.000000
-19.8534639863912119039924	0.0971663048507122872888	2.2245670175082850050785	0.1573307369911287612041	0.2362831899514591105227	0.6438133257628074757051	0.1312491827143202338668	-12124.120336	-12124.120336	0.313333	1.000000
-19.8468330694250809642654	0.0948535310147291810257	2.1664241057636104414996	0.1862240342282178717781	0.3325211030137811829555	0.6494020643882327803453	0.1347675544296660088417	-12123.806834	-12123.806834	0.313333	1.000000
-19.8233205122606932491180	0.0928641780660619253762	2.1622743894715328316636	0.1777193824860160975554	0.3259317901783246873570	0.6566576670765564838206	0.1325263428484233785287	-12124.189802	-12124.189802	0.313333	1.000000
-19.8235960280165102176397	0.1004299198328257453072	2.1624559228256901022291	0.1788136525393014819585	0.3252521603768946389934	0.6571878365689824974538	0.1411719777419134236318	-12124.185243	-12124.185243	0.313333	1.000000
-19.8792892134450163155179	0.0958364877833229877879	2.0578157951147111326407	0.1355668922128896447532	0.2626546463437099410143	0.6421441303079751250493	0.1382494596367130068604	-12123.374010	-12123.374010	0.313333	1.000000
-19.8889464780036036017918	0.0942469332241083063151	2.0395700413111343962669	0.1192932524998318866150	0.2207271126675643124759	0.6399613895071855074193	0.1388986102963412072597	-12125.617398	-12125.617398	0.313333	1.000000
-19.8707955945326482094515	0.0908465887353122752979	2.0156964452434080747878	0.1316983234655915435685	0.2413467942043470981783	0.6448967628378949878964	0.1344752286451024458902	-12126.171627	-12126.171627	0.313333	1.000000
-19.8784671234019398866621	0.0913578321183670244432	2.0133389213092840464014	0.1299194961218926303026	0.2414204112067055707502	0.6425704476865851111356	0.1344127442303718056316	-12125.933151	-12125.933151	0.313333	1.000000
-19.9149614385870989963223	0.0940356031209621523459	2.1421780746551166707548	0.0991010268005577676931	0.2062833677115584740669	0.6298620873027758193530	0.1297388501432071017394	-12123.213923	-12123.213923	0.313333	1.000000
-19.9067584210628929497489	0.1038644755452412388186	2.0661872652564854391244	0.0168561901991311595406	0.0602823374436351408501	0.6283761676563930365091	0.1341642200244234917061	-12122.245174	-12122.245174	0.313333	1.000000
-19.9063940829407783894567	0.0937192819676717359112	2.0661354920144048286090	0.0165545828775864531379	0.0604634199356253385083	0.6282133138460357368871	0.1348026379968138011023	-12123.643468	-12123.643468	0.313333	1.000000
-20.0542021274135962016771	0.0976686059021734664931	2.0732250439897894622732	0.1993975889955516556107	0.3163113487322861683282	0.5912521554238360232958	0.1376078303224453347475	-12122.800038	-12122.800038	0.313333	1.000000
-19.9567925744905032559018	0.1006063471445014650962	2.0524194603785841373167	0.1464486991087443068515	0.1972092933745770160225	0.6134382911808307081714	0.1361253783254735838515	-12123.016150	-12123.016150	0.313333	1.000000
-19.8660004158653649142252	0.0995368766807826349519	2.0747169902547026865136	0.2130763882563455891006	0.4049165218775311880783	0.6512438022666842130093	0.1374850962305790846862	-12124.051708	-12124.051708	0.313333	1.000000
-19.8279209392851178961337	0.1039335771073254116592	2.0916014169063483763011	0.1957663860580765025077	0.3668625842719481222609	0.6605542192824126468409	0.1348091244300133606515	-12122.411998	-12122.411998	0.313333	1.000000
-19.8636511450801549472089	0.1066436710901028095400	2.2474621190996408870433	0.3514015774996428476129	0.5641778914397663768909	0.6471183139252968397059	0.1349194495526980230871	-12127.027647	-12127.027647	0.313333	1.000000
-19.8852202658643761878920	0.1042297150299568014864	2.1573003101155094896058	0.3973706335867330241562	0.6013698634493279682189	0.6403891325125870004342	0.1342840102876211305638	-12126.414177	-12126.414177	0.313333	1.000000
-19.8835627371369199067885	0.1061206390262599275065	2.1559717219747724925583	0.4285880936536083374300	0.6643184606980900852591	0.6458678409030126355006	0.1340818913092278741317	-12125.236986	-12125.236986	0.313333	1.000000
-19.8664610405584696195547	0.1045527123286463522245	2.1551274678644358751001	0.4455295470987627459714	0.6613895658918411690763	0.6503407127619631467041	0.1348067691181869254269	-12125.964806	-12125.964806	0.313333	1.000000
-19.8664610405584696195547	0.1045527123286463522245	2.1551274678644358751001	0.4455295470987627459714	0.6613895658918411690763	0.6503407127619631467041	0.1348067691181869254269	-12125.964806	-12125.964806	0.313333	1.000000
-19.8426464711686882935737	0.1064247805761556475712	2.0960106156174176383900	0.4083502342860262368518	0.6092920266313849309014	0.6534653443034497133368	0.1327740472618668121640	-12126.241419	-12126.241419	0.313333	1.000000
-19.8684383213863711148406	0.1071104919604578681325	2.0554154128541886059622	0.3537670086910966182892	0.6150760585580817840778	0.6511710078505414944772	0.1386486591748619379150	-12125.059282	-12125.059282	0.313333	1.000000
-19.9084302224914608814288	0.1008591620533444421781	2.0427580122013608843190	0.3118320600619246540930	0.5716705342876617912395	0.6385697042243840826359	0.1389033870386083835413	-12125.305083	-12125.305083	0.313333	1.000000
-19.8168283070311161964128	0.0969036020326706770689	2.0296435096053189184317	0.1508029922523781984900	0.2589606614003421292125	0.6555360208673706168270	0.1363148099648410771501	-12124.719127	-12124.719127	0.313333	1.000000
-19.8166571862251466029647	0.1036676225367221260143	2.0105564392164847475897	0.1458587289362678340865	0.2531574770138913521578	0.6567592199547025444417	0.1454699550744254776813	-12125.636987	-12125.636987	0.313333	1.000000
-19.8072533437228273101027	0.1076605071056202095336	2.0527444941638792741401	0.0556502732502797622938	0.2138349846816419153051	0.6624265088625574948722	0.1487889523831105731411	-12128.149016	-12128.149016	0.313333	1.000000
-19.8083453397415638619350	0.1013779865527053847263	2.0468966513450537192398	0.0300368606970684917656	0.1470032944328193424965	0.6613368910463977012881	0.1505471248013712792790	-12128.372881	-12128.372881	0.313333	1.000000
-19.8166763480200565084033	0.1052276834295113039364	2.0483580002890287019568	0.0378073697948168169214	0.1429404208936578546396	0.6558776596892018639906	0.1459139905104737122699	-12126.010418	-12126.010418	0.313333	1.000000
-19.8344212040478282688127	0.1046672108185437571892	2.0550615709276893738888	0.0795546319226184683870	0.2056322007296349785310	0.6554194243534804398266	0.1405225461771610895312	-12123.528807	-12123.528807	0.313333	1.000000
-20.0160215092751840870733	0.1061732489526096695487	2.0581028224331743281539	0.1786803442196365776518	0.4237734994905612562199	0.6107645057528956478166	0.1413351303715842666175	-12126.742398	-12126.742398	0.313333	1.000000
-20.0193700323287302467179	0.1063484067747688666117	2.0909997858169799833661	0.1820597251348770595492	0.4299871196877537715686	0.6100082627190142048335	0.1419310000803785110080	-12127.122491	-12127.122491	0.311750	1.000000
-19.9977044483534918128953	0.1096651094605055887232	2.1247544281888437467387	0.1528297913123039253325	0.4222178882556105738999	0.6140698918953162444012	0.1456580219599125647356	-12128.913569	-12128.913569	0.311750	1.000000
-20.2083006727417178183259	0.1140917101466217553618	2.1439313899325438406152	0.2050606077315897390889	0.4184902783839900552998	0.5501149827114577561815	0.1401012408146816434762	-12129.012933	-12129.012933	0.311750	1.000000
-20.1812364515181812407718	0.1061178099355333803722	2.0219673111193334769098	0.3041948432974915239591	0.5571413376380570658952	0.5642408527750100155629	0.1356730975189030241612	-12124.336506	-12124.336506	0.311750	1.000000
-20.1850471568497837893119	0.1095044692781731165976	2.1005333241886479100913	0.2701891972822223486617	0.5888868798289981221217	0.5674513130493148427291	0.1391771849584570175384	-12127.035692	-12127.035692	0.311750	1.000000
-20.2356939652442520127806	0.1147053623261083260543	2.1656800418579966738264	0.2213698864744481353828	0.5392001170962211764603	0.5514516000478758561698	0.1308066207595337537839	-12126.540311	-12126.540311	0.311750	1.000000
-20.2055702926472946501235	0.1087535839615412502912	2.2114857522475888096380	0.2793603361435755272346	0.5321996630813017326034	0.5560282373400469158042	0.1273597174397931575118	-12123.629807	-12123.629807	0.311750	1.000000
-20.1919392453566501899331	0.1142110338072465647308	2.2152735367149132272857	0.2842414831903752880926	0.5862967260595339791251	0.5604498457099410524407	0.1311090499413203602774	-12127.032466	-12127.032466	0.311750	1.000000
-20.1880847279056752086035	0.1147626538259984840806	2.2217903427065368582305	0.3003424646378373696898	0.6181073842752417002444	0.5628053464321214338639	0.1311594750209552906473	-12127.351171	-12127.351171	0.311750	1.000000
-20.1022754069745950289416	0.1116719287206411892477	2.1349849917738290550062	0.3647362740211937959245	0.6010770041740217672910	0.5816478632661817860239	0.1312111681995483392082	-12124.972284	-12124.972284	0.311750	1.000000
-20.1028064652436206927177	0.1058429352614602969584	2.1338320938404193860549	0.3598976320849800458745	0.6044960473336827844193	0.5840853573540968346478	0.1357522910608150723544	-12123.867670	-12123.867670	0.311750	1.000000
-20.2083910790685337133255	0.1019074135924213780902	2.1220753458549759251639	0.3131075200315535100870	0.5445336136627123568843	0.5550921201918453951052	0.1389711494886929354919	-12124.084791	-12124.084791	0.311750	1.000000
-20.2971703582212938954399	0.1011323274030686558689	2.2242005689032704474073	0.2965334787528956517200	0.4996047531999194823982	0.5300804117616559896220	0.1329036041811867130402	-12124.571956	-12124.571956	0.311750	1.000000
-20.2959448620592226575354	0.0977901341571727339419	2.2178560349517106864425	0.2921084562355502622921	0.4974620255000440915971	0.5315205777067102399513	0.1352403295497322799346	-12124.666174	-12124.666174	0.311750	1.000000
-20.2435215525525258328798	0.0983632209465754026034	2.2101738191227684460216	0.2775207602765406011969	0.4648577880641193704747	0.5457708566794537974332	0.1363898403866580510968	-12124.564781	-12124.564781	0.311750	1.000000
-20.2433504981781204890012	0.0984732220139616365451	2.2087775117418035897288	0.2761799811187850561822	0.4632699977065346530480	0.5457929755005469507623	0.1364778456049447474818	-12124.521208	-12124.521208	0.311750	1.000000
-20.2247436374968252437156	0.0984643139443465292837	2.0412807442262663748522	0.1093761800409371737208	0.1507492322159749986721	0.5424009357067144376785	0.1347748770221724456952	-12123.060076	-12123.060076	0.311750	1.000000
-20.1801368942005652229454	0.1010994048494378710901	2.0627389210659043961016	0.0683322145738562980455	0.2017878510843943984376	0.5595490688812825297305	0.1372753203906809660317	-12123.085096	-12123.085096	0.311750	1.000000
-20.2073784327338650257389	0.1017606661148759694679	2.0464867435614824131562	0.0467756348391159051947	0.2112879086802115502497	0.5503238928418495712336	0.1369131824128623498016	-12124.260068	-12124.260068	0.311750	1.000000
-20.2076741930118011225659	0.1063651573888042545235	2.0466270038291063393388	0.0475561643087054203294	0.2107599077061807213429	0.5513049433534409349278	0.1435271512897697832045	-12125.305128	-12125.305128	0.311750	1.000000
-20.1705228954706932142926	0.1020245040475924319656	2.2456646886015909636569	0.0832484396074170129864	0.2474534558294032293713	0.5633417029537394205008	0.1344679295810982944115	-12125.294311	-12125.294311	0.311750	1.000000
-20.1563396123581881624887	0.0995719564621840996788	2.1562878834878733691482	0.1774154077759952929938	0.3524665751478492925486	0.5668478470934488200328	0.1293384819524519557810	-12122.064261	-12122.064261	0.311750	1.000000
-20.2506030749074810159982	0.1001672288631041962681	2.1334408648281955045434	0.0733597024642282657947	0.1946048479027091548943	0.5374874246206781114310	0.1353802038973280774670	-12122.683419	-12122.683419	0.311750	1.000000
-20.1948784332201434210674	0.1048557892836241289825	2.1380615965176628101574	0.0729296504898572922615	0.1909875475214417028802	0.5512062948886841118323	0.1325233332246326112269	-12122.012198	-12122.012198	0.311750	1.000000
-20.1870283894947419867094	0.1054476554999754372988	2.1579890549483811135190	0.1629403740982084680677	0.2930104511109810072611	0.5559164879194844477439	0.1328170252185130739697	-12121.466517	-12121.466517	0.311750	1.000000
-20.2028644028642290209064	0.1063976845572823515251	2.1144890495796047069632	0.1652200428241685781217	0.2727951925501723717815	0.5511333374123696948743	0.1321986914417838110403	-12121.521516	-12121.521516	0.311750	1.000000
-20.1571132865326134719908	0.1075160238890651431820	2.1050234947568782217786	0.1675498956551228768586	0.2546724355882102330817	0.5623491146204525614749	0.1324080034115906745473	-12122.164401	-12122.164401	0.311750	1.000000
-20.1860334767609117534448	0.1017406745032747722446	2.1125394392601553050781	0.0120912374049754467453	0.0626675425029437904723	0.5525964565418692853171	0.1343685953073660843682	-12121.999911	-12121.999911	0.311750	1.000000
-20.1859272014939783446152	0.1030043469504942216242	2.1125295074523751104323	0.0120121122144669807696	0.0627185069274509149340	0.5522243081307273149250	0.1335624260288045817013	-12121.823667	-12121.823667	0.311750	1.000000
-20.2255077796625144515019	0.0982308042452841034819	2.0366066408471432680471	0.0880082498553971109834	0.0732593252598229272010	0.5377154492687508113846	0.1318244520894328863925	-12125.967101	-12125.967101	0.311750	1.000000
-20.1368260154205707124220	0.1103847650791101864254	2.0630810229273635059144	0.1036325032435472248693	0.1728198848894708927748	0.5663066471358733089403	0.1368922767649409510948	-12123.068836	-12123.068836	0.311750	1.000000
-20.0939708969740102872947	0.1103094942382274734616	2.0685159194061939480491	0.0341770476889826646527	0.0664799340915498415683	0.5751871113547961655854	0.1344148936322763776552	-12123.039586	-12123.039586	0.311750	1.000000
-20.1889715825888202971328	0.1062414341688979468881	2.0262179338443413456616	0.0327403089691017182283	0.0593357020797658299416	0.5495706561139825918616	0.1348240742250418622294	-12123.210236	-12123.210236	0.311750	1.000000
-20.2447707601242150587950	0.1035098850826793454027	2.1210111278942656021229	0.0040881453016966013553	0.0486456184459480231452	0.5343566114065865235716	0.1303783859266233746688	-12123.665206	-12123.665206	0.311750	1.000000
-20.2230528433318106351635	0.1041608795559631484018	2.1709673589292899364978	0.0223560884710999330238	0.0887022277634538780511	0.5421942419943990287834	0.1295894591796343253698	-12122.181025	-12122.181025	0.311750	1.000000
-20.2610028103600754434410	0.1098648339131392398516	2.1055406117897703666131	0.0349554760311103843162	0.1048295342859363044052	0.5344670502451634996888	0.1351342339439969286730	-12122.445405	-12122.445405	0.311750	1.000000
-20.2303589839773678704660	0.1091488536760214095311	2.1071173545610406563355	0.0568005974612485961539	0.1495536138187462116278	0.5431076088950493874208	0.1369608955040282349813	-12122.456413	-12122.456413	0.311750	1.000000
-20.1446756387924494902109	0.1053953859328309178300	2.1640222518300875620412	0.0823489249552348673289	0.1909707677718243401532	0.5659745418510937486900	0.1332318478081139789815	-12121.714203	-12121.714203	0.311750	1.000000
-20.1312953173977895460212	0.1040697478126592911973	2.1835682797748927619352	0.1098555855307442319369	0.2236659595748475559684	0.5685392532203535909119	0.1329084906408160016156	-12121.845506	-12121.845506	0.311750	1.000000
-20.0947848485761006998018	0.1041111624382649591958	2.1647259001733791805577	0.1294446166805178766168	0.2438419542328562339417	0.5786275789353944043469	0.1327144259181440855144	-12121.488400	-12121.488400	0.311750	1.000000
-20.1465533883282432725537	0.1090073243929382124096	2.1631557727416876879545	0.1321739713443059738296	0.2481952469425895702049	0.5649690483709594035489	0.1374259258447685372317	-12123.007843	-12123.007843	0.311750	1.000000
-20.1703139179670145608725	0.1040934615598249485258	2.1624740359157792468636	0.0860462241454961751508	0.1975114821338872228562	0.5596462850896343210749	0.1403908747080467034341	-12123.716756	-12123.716756	0.311750	1.000000
-20.0537939926597772455352	0.1064398573984739748699	2.2348446845778484615153	0.1105074095885521523464	0.2103736954421892568767	0.5890931714861066259559	0.1328603590718045457386	-12123.256463	-12123.256463	0.311750	1.000000
-20.0650125880952998613793	0.1022795573694205012449	2.2046250801594196033761	0.1206772708893033563271	0.2038100459706094491619	0.5847625336671943285793	0.1354481969102722671572	-12123.110554	-12123.110554	0.311750	1.000000
-20.0424797892801400678309	0.1005199666763397364777	2.1734544963740161094279	0.1268730262883844273070	0.1991186062828574909744	0.5907695541418177542781	0.1379494072469485133059	-12123.312958	-12123.312958	0.311750	1.000000
-20.0826141048449606785198	0.1069233496009828199291	2.1243289932874782621752	0.1379503528933518907706	0.2291135260219111235980	0.5828270013705090235590	0.1351714589761161267045	-12122.541146	-12122.541146	0.311750	1.000000
-20.1578653167229902010149	0.1009252211992346243141	2.2304506323927681954444	0.1906083831941453587966	0.4090884004126996709161	0.5665456560512236450222	0.1414351302612560923322	-12126.978565	-12126.978565	0.311750	1.000000
-20.1765672513159550760520	0.1033127341430477713624	2.2089714567399183486884	0.2108409466003922094757	0.4160195933613728414002	0.5591780461883197883566	0.1415613142567049842491	-12127.682672	-12127.682672	0.311750	1.000000
-20.1765095987084777107157	0.1029396201763496804249	2.2115877183130705496694	0.2222088196497811751762	0.4080381191803608142976	0.5577163469530544981367	0.1400062583340639377205	-12127.694413	-12127.694413	0.311750	1.000000
-20.1423283127499495037682	0.1074866539167458195925	2.1764675852903043740127	0.1809331483830317055528	0.3462571932663090490401	0.5664952274650423280633	0.1405645796447786144423	-12125.604289	-12125.604289	0.311750	1.000000
-20.1473085796554514104173	0.1080507089047742091958	2.1854601866259981690632	0.2080565793505057547996	0.3103636208339549673596	0.5605107077696288575552	0.1351002646243776028623	-12127.294847	-12127.294847	0.311750	1.000000
-20.1509422536012579030285	0.1078842987639653527854	2.1868855906169648584125	0.2087367041646867038551	0.3083030506372750334521	0.5593745529274736227876	0.1348576381674704838254	-12127.459989	-12127.459989	0.311750	1.000000
-20.1974508076030403458390	0.0988660645889705286260	2.1834291296302308360566	0.2142126870613665357013	0.3171239906489229931630	0.5496959493956522502245	0.1414684843922067447597	-12126.767817	-12126.767817	0.311750	1.000000
-20.2228599805214344087290	0.0992819768179140638154	2.1639609066951908111776	0.2395682560821801587725	0.3272045708364306193516	0.5423965789671836290609	0.1401945526997288304916	-12126.832014	-12126.832014	0.311750	1.000000
-20.1580338186504164355028	0.0959794191423054554591	2.0513692959119458336659	0.2107550748026960629744	0.2466542273943953533788	0.5596222927162175508897	0.1377041025493952186576	-12125.006757	-12125.006757	0.311750	1.000000
-20.1620725719259183961185	0.0970220170591580555186	2.0954216650563961543696	0.1725894953525026476182	0.2067904260373059910361	0.5583887687338840999374	0.1398707351674373933204	-12124.524200	-12124.524200	0.311750	1.000000
-20.1597114704187490019649	0.0988540897701794818442	2.0368621719526669444633	0.3509412976516388948944	0.5233639748533897018135	0.5661291707414969343048	0.1399662108381195257945	-12125.386922	-12125.386922	0.311750	1.000000
-20.1883795321342631723383	0.0981698298722724488341	1.9839963028090961127958	0.2677242254145127953180	0.3253732021630523219002	0.5532505800957446817634	0.1391197376175196953607	-12126.664280	-12126.664280	0.311750	1.000000
-20.1730219828743777554791	0.1052883177878688319984	2.1736068721255215052679	0.3169683576086992915499	0.4574358914162903189116	0.5598322184393197398222	0.1339619003479387560063	-12123.803837	-12123.803837	0.311750	1.000000
-20.2220401913594258758167	0.1038474158513658096581	2.2230787312371447228543	0.2813928180625364650069	0.4727276593132369031380	0.5489161745849475693149	0.1385314547158588427411	-12125.331919	-12125.331919	0.311750	1.000000
-20.1198193992444736011294	0.1038533756503220439882	2.2309589201494528509784	0.2704831132783848679502	0.4521968249855145560723	0.5765806658908732007518	0.1380568215258230202469	-12125.099251	-12125.099251	0.311750	1.000000
-20.0541514346233427090738	0.1000808421247997570536	2.1996511543290844237220	0.3399590787621567522514	0.5712972521761604527413	0.5973865273439376011311	0.1363891509738426599530	-12124.805618	-12124.805618	0.311750	1.000000
-19.9419484340864947569116	0.0980910270363624936518	2.1649874773909116854043	0.2613246580378873473727	0.5055998955728402410870	0.6297958270134135227991	0.1359156647885275681631	-12124.048903	-12124.048903	0.311750	1.000000
-19.9112121082910178415659	0.1046761501885447587235	2.0668555111738431406820	0.3626492542801741936209	0.6291415600605753111196	0.6420474481008134892690	0.1320295591677706215084	-12125.459503	-12125.459503	0.311750	1.000000
-19.8703455639822088585333	0.1004097249624664733858	2.0419604369188752990283	0.3629263831919417593319	0.5852787250372578631286	0.6494514818353180896082	0.1336134477898411609953	-12124.604624	-12124.604624	0.311750	1.000000
-19.8328739643496696487546	0.1082951212285141739944	2.0671087396692180426783	0.1215642933282861243294	0.1546625495672460381957	0.6472816705494339739602	0.1323364192418274576379	-12123.638365	-12123.638365	0.311750	1.000000
-19.8328739643496696487546	0.1082951212285141739944	2.0671087396692180426783	0.1215642933282861243294	0.1546625495672460381957	0.6472816705494339739602	0.1323364192418274576379	-12123.638365	-12123.638365	0.311750	1.000000
-19.8385756416267291513122	0.1087054239926916188175	2.0669813623917252520812	0.1221065412731252020073	0.1549676029402828614234	0.6462812567528291030072	0.1352036318298224237822	-12123.482559	-12123.482559	0.311750	1.000000
-19.8515361695271010944452	0.1099460256282160930397	2.1134260076668831551672	0.2325202806588878290395	0.4486477288064263380107	0.6518193427725267330430	0.1273933658620206299528	-12123.045772	-12123.045772	0.311750	1.000000
-19.8620124130902908632379	0.1119953389331214826941	2.1058698812730884952771	0.2380614535234433226663	0.4687886755826753404364	0.6502292539460645670601	0.1292695610210567169762	-12123.054396	-12123.054396	0.311750	1.000000
-20.3196964169452485293732	0.1107799264167813324544	2.1297136222378654224485	0.2453764385626482635860	0.5064531288997110580752	0.5285140003647805784226	0.1315109636995167308182	-12123.218087	-12123.218087	0.311750	1.000000
-20.3062809198824183454235	0.1036421468604665635516	2.2202535737042632391081	0.1776635522837420044784	0.2909844768389963642896	0.5241638728928157409115	0.1326830073461225389941	-12123.082001	-12123.082001	0.311750	1.000000
-20.2872532344576228524602	0.0983110068809317921845	2.2134550948176463514017	0.1731375623101651939351	0.3013893107707640850457	0.5289905688816392004270	0.1261378234542744058988	-12123.865615	-12123.865615	0.311750	1.000000
-20.2836992620769294148886	0.1005534821027912750768	2.0808126443304173491811	0.0427014985807124061723	0.1037726915619839040961	0.5275724405836484942611	0.1333977905382579820515	-12122.078163	-12122.078163	0.311750	1.000000
-20.3314165758817075868592	0.1053076910532389220965	1.9951278613547303031339	0.0882941189919755897719	0.1754796568222838915041	0.5184150221665744240340	0.1311118811783560933470	-12123.489312	-12123.489312	0.311750	1.000000
-20.3421173679027518232942	0.1080133207407707185421	2.0996990056284707826251	0.0782168648519012688070	0.2018527541456801022157	0.5166179443732810128154	0.1285195895935082877060	-12121.745147	-12121.745147	0.311750	1.000000
-20.3602256139128137135685	0.1085901904649288346461	2.1034553028703828481127	0.1021192687293500378498	0.2474845179881170753600	0.5127223151985405014130	0.1285436184914121038325	-12121.929628	-12121.929628	0.311750	1.000000
-20.4098428023508056128321	0.1093937368884006638980	2.1488091319792217426254	0.0163150567712195375403	0.1390300580027005739048	0.4991181697270721806525	0.1325129563145478195363	-12122.951731	-12122.951731	0.311750	1.000000
-20.4157126739865724118772	0.1141838805960261049588	2.1580181027161282614202	0.0561674935146880549564	0.2315645155581592118388	0.5004851954470656005824	0.1283403198178991178047	-12123.767046	-12123.767046	0.311750	1.000000
-20.4099725191002967505938	0.1127375597011017888116	2.1335222639060131832878	0.0514095836300737171753	0.2482873475828848708336	0.5030513117098900366386	0.1268172414914257861707	-12124.125723	-12124.125723	0.311750	1.000000
-20.3905477140891626675057	0.1120159793294603495228	2.0736139067134100599787	0.0510147339293243184954	0.2046203935068364732075	0.5060240979577175224335	0.1266231990973060161920	-12123.723391	-12123.723391	0.311750	1.000000
-20.3905477140891626675057	0.1120159793294603495228	2.0736139067134100599787	0.0510147339293243184954	0.2046203935068364732075	0.5060240979577175224335	0.1266231990973060161920	-12123.723391	-12123.723391	0.311750	1.000000
-20.3927959149339379507637	0.1094403961375046419047	2.2014591687625331140055	0.0653141753645813394336	0.2183033473707695071298	0.5058796615349443470677	0.1277960917455107647811	-12122.603438	-12122.603438	0.311750	1.000000
-20.3657848615513472623206	0.1061988941229195793081	2.1872206598431351842748	0.0535327614876013602174	0.1846694209767324457161	0.5138139738519863497501	0.1238231871606667866548	-12124.918901	-12124.918901	0.311750	1.000000
-20.3212520643240068807245	0.1016726498502542597180	2.2045954777074632247036	0.0586927110861296119637	0.1505465275466623675804	0.5212203594707417453336	0.1230135377137741709008	-12123.774011	-12123.774011	0.311750	1.000000
-20.3600904654467562693299	0.1030336869273575650663	2.1890243688754598139212	0.1728395235045314115574	0.3714291592312952139388	0.5149251873572203708207	0.1301477703205575209289	-12122.455252	-12122.455252	0.311750	1.000000
-20.3809576318406158179641	0.0992069557610681523885	2.0902113881218622459812	0.0397053938776450038306	0.1773080490259312247403	0.5073064370982536264165	0.1296751676888615589789	-12123.150741	-12123.150741	0.311750	1.000000
-20.3205465770554596360853	0.0979953291529776226998	2.2295983736295035271269	0.0207902213426816931396	0.1683287976456801227076	0.5212159868800078088569	0.1318479636046898384460	-12125.087522	-12125.087522	0.311750	1.000000
-20.3209302902409767455083	0.0978873988017630869418	2.2312025185955310924157	0.0228102865093128895357	0.1653317505877607007658	0.5207428755985605839385	0.1314730118167502792570	-12125.146982	-12125.146982	0.311750	1.000000
-20.3179534478625960502995	0.0979050946027354013212	2.2158091065102549777066	0.0267836827988756701058	0.1718156479533510805346	0.5220129728333456897715	0.1316185314131743389066	-12124.413679	-12124.413679	0.311750	1.000000
-20.1232873553704756375282	0.0893167785238666855907	2.1901442503101344883021	0.1188125769936503178803	0.2241811539548358434004	0.5703746413682230231856	0.1323052565409216507764	-12125.462802	-12125.462802	0.311750	1.000000
-20.1085950930253112289847	0.0936108003865115945175	2.1495442771196562325997	0.1569569258994553406783	0.2663318691062312448814	0.5739732566319418749501	0.1322331022465540184552	-12123.703299	-12123.703299	0.311750	1.000000
-19.9993433622946952255006	0.1112972284850326926131	2.0702093112835204813393	0.1155511230503112607426	0.1479462809207331974726	0.5997330611780422593426	0.1338214137484812216172	-12123.993075	-12123.993075	0.311750	1.000000
-20.0126554363923361279376	0.1110109979303864624622	2.0730630660738476045424	0.1248047832266523937683	0.1659778580555272831099	0.5963276812448219388330	0.1342649963607832896972	-12123.873709	-12123.873709	0.311750	1.000000
-20.0124062234484298983261	0.1117369323524488450294	2.0686448671107289243309	0.1043462988855964335144	0.1798566152920869354315	0.5989433356161066868140	0.1369557797008772448422	-12123.230104	-12123.230104	0.311750	1.000000
-20.0555850338260661658296	0.1146155964924074344147	2.1907207389519367524144	0.2290587063435502168662	0.4853958543835361627572	0.5955555671809459328259	0.1333588942442529012844	-12124.950375	-12124.950375	0.311750	1.000000
-20.2059826549876646595294	0.1025787553700123477807	2.1449140573570941725734	0.2540696522590923933649	0.5067903122804894300302	0.5575633839442389882990	0.1368265035418307074000	-12123.549100	-12123.549100	0.311750	1.000000
-20.1562608196999484277967	0.1018432696008660237608	2.0805625550941955204109	0.0895402197916836811720	0.1624750991526664467557	0.5614123191231780163335	0.1350799686501585605836	-12121.759248	-12121.759248	0.311750	1.000000
-20.1903021373336457600089	0.1063042800311864155560	2.1045295946285595967140	0.0690178279601818545075	0.1759529659903464327009	0.5547377108835160886002	0.1310609710828956331330	-12121.695334	-12121.695334	0.311750	1.000000
-20.1619878380197015133035	0.1051195494391707480064	2.1390732909440397513379	0.1066914927354291886541	0.2523235557162960551736	0.5629191565166696831213	0.1336137497327982426309	-12121.409211	-12121.409211	0.311750	1.000000
