#@Telescope UH88 
#@Reference Saunders et al. (2018) 
#@Redshift 0.0  
#@Spectrum Train_SN15_5.dat 
#@SN-Name Train_SN15  
#@Phase 10.951 
#@Survey SNFactory 
#@SN-Type SNIa 
#@Units Flux 
# 
# WAVE : 
# SN_SPEC : 
# SN_ERR : 
#end 
3305.0 0.044331879231033128    0.0120654988499820353
3317.0 0.055401515491861821    0.0121607835767617353
3328.0 0.034454249294407921    0.0115505904413678012
3339.0 0.019045308213048621    0.0113326569579760492
3350.0 0.039915522924231207    0.0112192845676313633
3361.0 0.052576928347527759    0.0113381291757949330
3372.0 0.055393695935695507    0.0109334982907716028
3383.0 0.052097402216130635    0.0107291232959363329
3395.0 0.047654854405535255    0.0108014482650785719
3406.0 0.049147935423138847    0.0105952806988645204
3417.0 0.039699841917586846    0.0102065177534162877
3429.0 0.035235471936900215    0.0099421239282970284
3440.0 0.049752838760244632    0.0095137726432546910
3452.0 0.051681484223872663    0.0095109839731344330
3463.0 0.048066129559237759    0.0095321808226205163
3475.0 0.046266928942181908    0.0092462187976452472
3486.0 0.051723218831327251    0.0091452979082223031
3498.0 0.068904027735933931    0.0091526151517651883
3509.0 0.065945375311754179    0.0092155813131888538
3521.0 0.077927574658635784    0.0093058665593755436
3533.0 0.074283339508479540    0.0089842983428472366
3545.0 0.078999565962597704    0.0088534044530579632
3556.0 0.088647792828509153    0.0086855390840981372
3568.0 0.108264094237066580    0.0085555505075596960
3580.0 0.098388764760529934    0.0083017608077377951
3592.0 0.088251545131586714    0.0079521696361060518
3604.0 0.083607125877090516    0.0079420484161036899
3616.0 0.085030755455999724    0.0077989912782285157
3628.0 0.074809405426331479    0.0078012441950179442
3640.0 0.113787784271157572    0.0083748967052235633
3652.0 0.124895711340609658    0.0083560491757709646
3664.0 0.135429283019626090    0.0081905367200317963
3677.0 0.133565050291377330    0.0079141206920365255
3689.0 0.132803113612837892    0.0081506723814051517
3701.0 0.115677983413466731    0.0078842756179114404
3714.0 0.117391889339966998    0.0077941366809362624
3726.0 0.104929622357426922    0.0076711852412329412
3738.0 0.088295731780306572    0.0076715997560908742
3751.0 0.083484394207814908    0.0082672082014101627
3763.0 0.087689508732839525    0.0077929298117165313
3776.0 0.089705902895568151    0.0070511947451053830
3788.0 0.082139335151241874    0.0067757740699902281
3801.0 0.077479281204935607    0.0067022189460493094
3814.0 0.102299905138024033    0.0069166360149095539
3826.0 0.101420257876817230    0.0069310712360703651
3839.0 0.111971470070084025    0.0073845281752025317
3852.0 0.135977690589900890    0.0076595788149783368
3865.0 0.135375717472646567    0.0073378882306469884
3878.0 0.178015198265487840    0.0074349366780036199
3891.0 0.177718513060482586    0.0073227140451708290
3904.0 0.202351789268609583    0.0074563247322393580
3917.0 0.193346959730703205    0.0072506319848756303
3930.0 0.212001887456817417    0.0073624712494126448
3943.0 0.206577186282901948    0.0072308190141660185
3956.0 0.190202795469554042    0.0070533309493627776
3969.0 0.177854470189919345    0.0068560718233987355
3982.0 0.135797545419772264    0.0065238819032632364
3995.0 0.138606473197896013    0.0064333609331152673
4009.0 0.125403118609733438    0.0062111142023148344
4022.0 0.137321861642688114    0.0062887066028052109
4036.0 0.143080970299082899    0.0062723215157809561
4049.0 0.156072488387619224    0.0063521263866762618
4062.0 0.143574479977678443    0.0063210279623680306
4076.0 0.148597859523633191    0.0064980030770034388
4090.0 0.152298326501204173    0.0063814470065006569
4103.0 0.160198336913447009    0.0063180436204081552
4117.0 0.149580800796364655    0.0062017991776195432
4131.0 0.165554468511705188    0.0063359813995147660
4144.0 0.175149747781473797    0.0064614229746856921
4158.0 0.187785509117889687    0.0065829149305131123
4172.0 0.184787122368159307    0.0065216517710540009
4186.0 0.176070878569472178    0.0064521813198728673
4200.0 0.176079828740172833    0.0064103943971014947
4214.0 0.185870745004000998    0.0064353886447718542
4228.0 0.175792896522725867    0.0063409829406877345
4242.0 0.153491967580471983    0.0062158306978049244
4256.0 0.157999380663416150    0.0061779787007985231
4270.0 0.144203411925414526    0.0059858615892191182
4284.0 0.138839648764707863    0.0058060716511729371
4299.0 0.142828750733610760    0.0058211664667441659
4313.0 0.143637245361665278    0.0058133509341509321
4327.0 0.115582579817038858    0.0055627025772871349
4342.0 0.111827788717169530    0.0055701307968332048
4356.0 0.110185424954542005    0.0054870445562570352
4371.0 0.086676574179073498    0.0051751519871915371
4385.0 0.090891614083672273    0.0052561910834658899
4400.0 0.090929948407706088    0.0052579029452137459
4415.0 0.099531643632596103    0.0052959996899486165
4429.0 0.106383725609251245    0.0053298315268863793
4444.0 0.116276897410715674    0.0054111115311223628
4459.0 0.119969708858345542    0.0054042489310054398
4474.0 0.134248312731246461    0.0056024322173122082
4489.0 0.143608168070637560    0.0056107503000901301
4504.0 0.149401030155873110    0.0056646830519824611
4519.0 0.173498027803252824    0.0058651413173649797
4534.0 0.185581439251980729    0.0059038400530030252
4549.0 0.207856980004723663    0.0060496898691254344
4564.0 0.196238642389264112    0.0060251534511467824
4579.0 0.217901273369772552    0.0062606673492794050
4594.0 0.215107589220684459    0.0062697748929239107
4610.0 0.197285994667902587    0.0061864069666715147
4625.0 0.191143501178491909    0.0063467744369972009
4640.0 0.173320319303825521    0.0063965995094711174
4656.0 0.149274453081735342    0.0064320974527208932
4671.0 0.137398318561434557    0.0068523032878836819
4687.0 0.141482369717396833    0.0074847134890956993
4703.0 0.132824764382997201    0.0079595377794603774
4718.0 0.105500162944913989    0.0081177577391211755
4734.0 0.109054509934203306    0.0085955538296612569
4750.0 0.096496372983830569    0.0085863917349287243
4766.0 0.090114156519545963    0.0079700465852534097
4781.0 0.099758716399292860    0.0076534301230583275
4797.0 0.112199652268584790    0.0077959052453472864
4813.0 0.104580012023848881    0.0131901356357227665
4829.0 0.093293838407749921    0.0142657453442991133
4846.0 0.077591413198130385    0.0109838428971914363
4862.0 0.066518301642248950    0.0089567263591563678
4878.0 0.125365901168571325    0.0086833700014250677
4894.0 0.107812299475467749    0.0083692263319481083
4910.0 0.098607123834583324    0.0082052129630096303
4927.0 0.122614482794638643    0.0082177908655167789
4943.0 0.106119843712841264    0.0076670431909095157
4960.0 0.091787549801421300    0.0069992993169844886
4976.0 0.081382457241410161    0.0064226848027529619
4993.0 0.091056185446762195    0.0061619911503515709
5009.0 0.089194592739483478    0.0057583238546857337
5026.0 0.091058790347344515    0.0055177260507708794
5043.0 0.101358225146991568    0.0054011182485376417
5060.0 0.100092578637315674    0.0051695399789847959
5076.0 0.114464565076970781    0.0051723687307953879
5093.0 0.111688501094178064    0.0049658534568606076
5110.0 0.112078136266009196    0.0048187760249149454
5127.0 0.131265700298597049    0.0048757812479481724
5144.0 0.135975422999412843    0.0047837321028443690
5162.0 0.149576235899082616    0.0047799460895992206
5179.0 0.152044948975424060    0.0046481964516173081
5196.0 0.169408484602400239    0.0047589819267941161
5213.0 0.162758910884139435    0.0057282551011278897
5231.0 0.164255666897458436    0.0044422169371887733
5248.0 0.151732751522015569    0.0043241613459931560
5266.0 0.142192471520221936    0.0041653218645739632
5283.0 0.130277024624053939    0.0039677529429149472
5301.0 0.125062995192616877    0.0038456045765169733
5318.0 0.127671608467137765    0.0038188157651039339
5336.0 0.118899522491416651    0.0037329578164717507
5354.0 0.122720514623226487    0.0036901668805638097
5372.0 0.124412817397917527    0.0035534117040400977
5390.0 0.106984331382466311    0.0033910866943839459
5408.0 0.112419760426543114    0.0033505765388781093
5426.0 0.107135817892026128    0.0032691034622593725
5444.0 0.106440218248304963    0.0032292593016718112
5462.0 0.098693413191249121    0.0031659358512889924
5480.0 0.093781138278656570    0.0031085063364674911
5498.0 0.094076122744480850    0.0031822135019736568
5517.0 0.087440783353557552    0.0030192144223456685
5535.0 0.089709841959857789    0.0029026379016063924
5553.0 0.093546406498314055    0.0028948089400264998
5572.0 0.091442203610055242    0.0028717381934982413
5590.0 0.087926210588641876    0.0027774952747441988
5609.0 0.073199083338354703    0.0026013131135079991
5628.0 0.076028921338239755    0.0025795009952610790
5647.0 0.066331828187282393    0.0024960361381929177
5665.0 0.063739866451491628    0.0024375549685021736
5684.0 0.062822441918793714    0.0024028059691632297
5703.0 0.064308623896257716    0.0023527223503574187
5722.0 0.063466455526762555    0.0023227152151108193
5741.0 0.064878886829410759    0.0023137560132976413
5760.0 0.073478228524387415    0.0023428214400800962
5780.0 0.081500295832950168    0.0023792983033892137
5799.0 0.089520999557366115    0.0024020827278024856
5818.0 0.106259258962934991    0.0024500724172703612
5838.0 0.109919188748472924    0.0024554615413361009
5857.0 0.107445079800104495    0.0024409344054500963
5876.0 0.117032567684749719    0.0025390460669254137
5896.0 0.109369155982538088    0.0024919144781627637
5916.0 0.111480752726534529    0.0023272154004733256
5935.0 0.096038613654965743    0.0022600394754494755
5955.0 0.094395192991777135    0.0022629256859653243
5975.0 0.084044813878345614    0.0021253801817069503
5995.0 0.079515925792717629    0.0020812677621865729
6015.0 0.076828667842465864    0.0020422995696347227
6035.0 0.068781894295829690    0.0020028649523466365
6055.0 0.050743269774643843    0.0018650459664634367
6075.0 0.042449160186938652    0.0017950887036456145
6095.0 0.032398960347175161    0.0016741597881377748
6116.0 0.028857759802996184    0.0016220836895272325
6136.0 0.029103744462794123    0.0016019790084963955
6157.0 0.031030392023104592    0.0015964917626624274
6177.0 0.038607034330992336    0.0016190162456681781
6198.0 0.051911401281741390    0.0016836969237344847
6218.0 0.059786386293919691    0.0017113242355644217
6239.0 0.064311431050111181    0.0017330876624758016
6260.0 0.066263013492398770    0.0017193870358537644
6281.0 0.069965047656941948    0.0017344750146922785
6302.0 0.067688961736363976    0.0017103871029854050
6323.0 0.068806770850455279    0.0016947077810637191
6344.0 0.064934282162902826    0.0016553155207955955
6365.0 0.066715725937850981    0.0016517953654912683
6386.0 0.069466753281771723    0.0017183096722672435
6407.0 0.065551672256009441    0.0016979570781835531
6429.0 0.066656057734225629    0.0018164893327182233
6450.0 0.065812595078197256    0.0017297271234129113
6471.0 0.063962509212031768    0.0016374988124984459
6493.0 0.066639147575486973    0.0016217401204883324
6515.0 0.065055290778997674    0.0015943594525548144
6536.0 0.062145654184998143    0.0015506932632160498
6558.0 0.061320191422385095    0.0015465677428793529
6580.0 0.053938502860398384    0.0015077165693763422
6602.0 0.048315483858538781    0.0014633061903729951
6624.0 0.046984087031639817    0.0014474720134825326
6646.0 0.044512833333624768    0.0014073407403388004
6668.0 0.039240269322130400    0.0013817061884532178
6690.0 0.036737965969927643    0.0013468014276275743
6713.0 0.038583033589666020    0.0013654755602875632
6735.0 0.032922703091219627    0.0013012259714594815
6757.0 0.030127385976166470    0.0013758292493479833
6780.0 0.030610176530986178    0.0013977530706686546
6803.0 0.030223233922524646    0.0014687192986518533
6825.0 0.029032327107705168    0.0013539194263986667
6848.0 0.029537226880000093    0.0013828754466125946
6871.0 0.029934318229377008    0.0013611974485633687
6894.0 0.028946624781761781    0.0013275197566500778
6917.0 0.027361494516147604    0.0013009806951262495
6940.0 0.029187232360312398    0.0012611928370469675
6963.0 0.025344425007226813    0.0012247149160420779
6986.0 0.025852977485541634    0.0012906223167740488
7009.0 0.025351997689469927    0.0012221899900355952
7033.0 0.023830716073920233    0.0012883688929889656
7056.0 0.028092910857482781    0.0012322048331538048
7079.0 0.024227905844530367    0.0012649376214859916
7103.0 0.025985751599264691    0.0021213713888159043
7127.0 0.023445663410128683    0.0017246254048672843
7150.0 0.020290031897177766    0.0014338746537734196
7174.0 0.024665532483511523    0.0012464738063693015
7198.0 0.023309073815203647    0.0013047646079436053
7222.0 0.025103599221912236    0.0013098021810378445
7246.0 0.026670689267891408    0.0013937609126160461
7270.0 0.021326689994196277    0.0012868820888719691
7295.0 0.021117781269207273    0.0013365805782675627
7319.0 0.023429514007883252    0.0013522719723498076
7343.0 0.019439133263077977    0.0014265590258695476
7368.0 0.018498571033619848    0.0013192960815168625
7392.0 0.015283813866634747    0.0013799298208982931
7417.0 0.016235539318401694    0.0012531556657346501
7442.0 0.014481739203150674    0.0013035124915776887
7466.0 0.014736848900414256    0.0013279359397905012
7491.0 0.011232312537874392    0.0012515364083385203
7516.0 0.014750919357756914    0.0011920946500137411
7541.0 0.011590730357321617    0.0011826721831258429
7566.0 0.013036169791478286    0.0011765289341614726
7592.0 0.014981324464533676    0.0011757073499182528
7617.0 0.014001816068127067    0.0011781337030598534
7642.0 0.014399938972552890    0.0011867881528611439
7668.0 0.014704776814689336    0.0011809223785430630
7693.0 0.012644991065066922    0.0011614256986186170
7719.0 0.013093162114212952    0.0011451910120831600
7745.0 0.019716101389560502    0.0015062038827052104
7770.0 0.015775816053941911    0.0012590223164172588
7796.0 0.012921703131600461    0.0015328749500287473
7822.0 0.015249734871262624    0.0013048909077781193
7848.0 0.015845617034209607    0.0014234464245357059
7874.0 0.015028494091278830    0.0014692292240846157
7901.0 0.019112135580582626    0.0014087019070197079
7927.0 0.017499873571722051    0.0012538255366421952
7953.0 0.016520116288438524    0.0012823016708297856
7980.0 0.015641965833332570    0.0012365022761500664
8007.0 0.013651346403125233    0.0011706846940480709
8033.0 0.017766998622678276    0.0012316892878710501
8060.0 0.012389820761368025    0.0015087608963508658
8087.0 0.012618871086103236    0.0015273401256337713
8114.0 0.010374690405947290    0.0013179647170957630
8141.0 0.008159593625397100    0.0011427515404037851
8168.0 0.008440198312401276    0.0011454545777190202
8195.0 0.008877829970286778    0.0016550267648006820
8222.0 0.007177727888515559    0.0012213359678042626
8250.0 0.008474029224755064    0.0016847731780602541
8277.0 0.010635559138655933    0.0013322771948673260
8305.0 0.011113119442582624    0.0015180235201529353
8333.0 0.006625678316889718    0.0015473594745928456
8360.0 0.012974741859396574    0.0014950034193338413
8388.0 0.011982516944608460    0.0013299119749443113
8416.0 0.015764654777946262    0.0014293991730481407
8444.0 0.019734016853358145    0.0013951647280116128
8472.0 0.020226041169610881    0.0013720015628137232
8500.0 0.022891705067318188    0.0014258811720459581
8529.0 0.023586150465693779    0.0014064036621448731
8557.0 0.026880564597405544    0.0014843409954274846
8586.0 0.029333180573181308    0.0014560616556491342
