#@Telescope UH88 
#@Reference Saunders et al. (2018) 
#@Redshift 0.0  
#@Spectrum Train_SN120_8.dat 
#@SN-Name Train_SN120  
#@Phase 13.377 
#@Survey SNFactory 
#@SN-Type SNIa 
#@Units Flux 
# 
# WAVE : 
# SN_SPEC : 
# SN_ERR : 
#end 
3305.0 0.0374268465216464202    0.0090943482670192404
3317.0 0.0165741999942456732    0.0088933978383358391
3328.0 0.0094504823168993085    0.0087313731011866447
3339.0 0.0387737577259629068    0.0089240574517356272
3350.0 0.0169872869425050123    0.0082681617800217360
3361.0 0.0305507607191707817    0.0083053553556586140
3372.0 0.0442845381578883743    0.0080119452724998243
3383.0 0.0172500778627873094    0.0078709764272477129
3395.0 0.0611306010272535186    0.0082929614497362688
3406.0 0.0396157332609917770    0.0079050841178776275
3417.0 0.0187264700124989553    0.0075949620032448100
3429.0 0.0516689988108697540    0.0076490186216523464
3440.0 0.0556039122789277335    0.0073223835656598653
3452.0 0.0382877856603883945    0.0071025983870541438
3463.0 0.0653741528134374333    0.0073375111588533494
3475.0 0.0435153189799512216    0.0070491023315145699
3486.0 0.0539695067474398812    0.0070713785866511041
3498.0 0.0736500855447222574    0.0072048460833563704
3509.0 0.0641198539329211475    0.0069130895136983728
3521.0 0.0819886263530348741    0.0070759364147292428
3533.0 0.0813632564362850308    0.0069736464096485798
3545.0 0.0747051352359610343    0.0066805481403334659
3556.0 0.0824039691376784594    0.0066076443068256076
3568.0 0.0954884598797782619    0.0064890413805134949
3580.0 0.0812821646453284613    0.0062801959084277338
3592.0 0.0897173939819075200    0.0062175969310044061
3604.0 0.0733695782162800542    0.0060883137397962517
3616.0 0.0809493041683580217    0.0061970027427919148
3628.0 0.0756017883105771227    0.0062461447353440403
3640.0 0.0972071623912465627    0.0063995121659091046
3652.0 0.1311792454048306134    0.0065200186671474621
3664.0 0.1304596414146204919    0.0063718551523581860
3677.0 0.1283432129610792005    0.0063311561951230437
3689.0 0.1308962615507571481    0.0064404284453438770
3701.0 0.1126619589678408140    0.0061572475091849635
3714.0 0.1184953949733749123    0.0061831462963757942
3726.0 0.0884000231318072677    0.0058756967254066260
3738.0 0.0770817834602969959    0.0062242012969437530
3751.0 0.0742452788712128497    0.0061622233143214999
3763.0 0.0534643719231185158    0.0054624269382509147
3776.0 0.0608523599649410871    0.0052245562815684456
3788.0 0.0603002285133154223    0.0051624420844363708
3801.0 0.0635063300476120529    0.0052101281828130725
3814.0 0.0878823731458148044    0.0053642104133155106
3826.0 0.0794226299345298509    0.0054541397283965872
3839.0 0.1079064186452307755    0.0058557618218170347
3852.0 0.1194276676161894757    0.0057487023709278454
3865.0 0.1285514107680059137    0.0056093266031540219
3878.0 0.1625366142419905069    0.0056962041939713371
3891.0 0.1659344018853253500    0.0056747439880832787
3904.0 0.1768589164821291748    0.0056209794340062510
3917.0 0.1946831399912433980    0.0057314873080884952
3930.0 0.1964576336536164869    0.0057207247983004830
3943.0 0.1978371183267426392    0.0056288984602203595
3956.0 0.1939397799928207489    0.0055954717186440239
3969.0 0.1872557219785573046    0.0054856332426512586
3982.0 0.1620105226818034649    0.0053505733751342309
3995.0 0.1471647747877509460    0.0051583571436546903
4009.0 0.1496521821091453264    0.0050851191882819238
4022.0 0.1282820934985737793    0.0049354933153262573
4036.0 0.1299244069748784480    0.0049305443186862261
4049.0 0.1414160396854431678    0.0049599167380294544
4062.0 0.1404892364663181403    0.0049752587191390857
4076.0 0.1440251868087793485    0.0050840023187775892
4090.0 0.1298043015653613519    0.0048790619470766815
4103.0 0.1321131786701596755    0.0048161381738232858
4117.0 0.1254156555881050794    0.0047253671853259059
4131.0 0.1291033690672874212    0.0048014838825992988
4144.0 0.1423187128523213663    0.0049003566938444097
4158.0 0.1475952145100915824    0.0049401816818146795
4172.0 0.1597030833814471751    0.0050251884789925668
4186.0 0.1443798575832491160    0.0048942569216757752
4200.0 0.1497358120277558213    0.0049023229953419380
4214.0 0.1547925267145623118    0.0048677099675975312
4228.0 0.1469167702924113750    0.0048407960510445892
4242.0 0.1480882433036787571    0.0048561631322234355
4256.0 0.1427942500680994820    0.0047957018611741514
4270.0 0.1448957013551557538    0.0046820666031496920
4284.0 0.1289691010396378235    0.0045087413643613719
4299.0 0.1389301568513896801    0.0045714986341866609
4313.0 0.1265310367618071585    0.0043988799050355409
4327.0 0.1319051542926058807    0.0044699123665793246
4342.0 0.1178453292884453635    0.0044316953225307654
4356.0 0.1004159584120376814    0.0042343749674994538
4371.0 0.0978356331655881872    0.0041820721222416597
4385.0 0.0818247736721682273    0.0040067995387376770
4400.0 0.0757166662416825509    0.0040598824389524897
4415.0 0.0660124320769416989    0.0039073507750184179
4429.0 0.0773957370028936220    0.0040156028460759177
4444.0 0.0919121211960685081    0.0040965998455586459
4459.0 0.0916198474640403937    0.0040888282167700109
4474.0 0.1050555407224721960    0.0041773508708444294
4489.0 0.1118581102531725074    0.0042262001070466470
4504.0 0.1308580225473727487    0.0043527742137635488
4519.0 0.1405038284708956531    0.0044532922012713019
4534.0 0.1540260911974896119    0.0045306316947927982
4549.0 0.1780933166974216775    0.0046817339880588886
4564.0 0.2079867907479777123    0.0048784715719594829
4579.0 0.2041010928470617380    0.0049241672397608380
4594.0 0.2202239769107851852    0.0049978568408284678
4610.0 0.2259947027894723126    0.0051093152338571070
4625.0 0.2117177449834051484    0.0052603211779695454
4640.0 0.2006360371555692412    0.0053631017265401001
4656.0 0.1666214641412846753    0.0053685175426996740
4671.0 0.1450489841541837133    0.0057464314243655199
4687.0 0.1281537732513095551    0.0061228263527194826
4703.0 0.1203878843801904769    0.0065345271531841382
4718.0 0.1078123226757813496    0.0066958164470940842
4734.0 0.1066925201942812568    0.0069193127224138036
4750.0 0.0993699002615161808    0.0066831255884549669
4766.0 0.1035297838382072261    0.0060395332750938172
4781.0 0.0951989314633793493    0.0059366812251073799
4797.0 0.1112038786941989682    0.0061918180433726041
4813.0 0.1141519340216956696    0.0114287209243155406
4829.0 0.0966460717933309843    0.0091252882275963659
4846.0 0.0926386166547483320    0.0072703329787680605
4862.0 0.1118864547747098204    0.0064880864568529276
4878.0 0.1076214433612791843    0.0061983628451156006
4894.0 0.1342906152810470488    0.0061859416449359800
4910.0 0.1425580699430513687    0.0061939187732080927
4927.0 0.1462177831759197966    0.0060050895600084796
4943.0 0.1208799719048461313    0.0054816639686693360
4960.0 0.1185082199403401371    0.0051160603085725741
4976.0 0.0986720863319188457    0.0046314026292736928
4993.0 0.1020552084171683221    0.0044432885329452575
5009.0 0.0888308708150737786    0.0041383858158441193
5026.0 0.0893104426311102095    0.0039403224361785425
5043.0 0.0904560638429992708    0.0038143126635647390
5060.0 0.0970876900277622551    0.0037220513572130002
5076.0 0.1068641074286230952    0.0036821924622844312
5093.0 0.1028822013268449187    0.0035312926747680991
5110.0 0.1024691414243004833    0.0034302948636334095
5127.0 0.1093306412275018152    0.0033862009353548962
5144.0 0.1170920093304886889    0.0033711552976472114
5162.0 0.1267489648197722973    0.0033705735966366207
5179.0 0.1381709583615748360    0.0033299887452651186
5196.0 0.1547428847677510544    0.0037394534873608875
5213.0 0.1609107108235546812    0.0036423469346284383
5231.0 0.1639840268149519997    0.0032499018239882851
5248.0 0.1767424988473512704    0.0032860862527725027
5266.0 0.1618560936735198297    0.0031521639860914189
5283.0 0.1624911175670289976    0.0030491422642655074
5301.0 0.1553346298463893216    0.0029607605371898501
5318.0 0.1503094154787950609    0.0029024681444185883
5336.0 0.1419871117002215744    0.0028273752030094322
5354.0 0.1345413847303073840    0.0027506895346517892
5372.0 0.1374387624218165183    0.0026945731757493049
5390.0 0.1345087607172341659    0.0026065636124769317
5408.0 0.1255855596027030396    0.0025268618125933954
5426.0 0.1244705814046035142    0.0024792230311722597
5444.0 0.1189521434369185809    0.0024381756642341311
5462.0 0.1160656559548478295    0.0024254130025440422
5480.0 0.1088773915032896916    0.0023861575188654166
5498.0 0.1021826473997535234    0.0024662200292305276
5517.0 0.1040744895720253638    0.0022654023253902747
5535.0 0.0964841436909456285    0.0021880077412465481
5553.0 0.0931312802657698474    0.0021370765166172012
5572.0 0.0914272875975046112    0.0021043992841253060
5590.0 0.0876416991839765458    0.0020328457814552145
5609.0 0.0797479816020264104    0.0019495035630474112
5628.0 0.0748658984088282492    0.0018997014042209969
5647.0 0.0709857150169464768    0.0018554734295866482
5665.0 0.0696798343471430603    0.0018123476827825763
5684.0 0.0594542930734035038    0.0017352999982777812
5703.0 0.0625398863937480648    0.0017150756024313552
5722.0 0.0621993738990274311    0.0017133339157499178
5741.0 0.0704500643711168800    0.0017342002585126479
5760.0 0.0746501472678950673    0.0017412809774420214
5780.0 0.0862499161743070092    0.0017686368299402787
5799.0 0.0899587756362564411    0.0017841046586883616
5818.0 0.1057185504734241138    0.0018634411920660770
5838.0 0.1133472797131583887    0.0018708968333476410
5857.0 0.1217443555399707333    0.0018909781095381641
5876.0 0.1221866521955471963    0.0020818231515187585
5896.0 0.1208819050314795529    0.0018173724296499903
5916.0 0.1141387582248197113    0.0017484388624218041
5935.0 0.1020005299764470269    0.0017620400150936135
5955.0 0.1013907865305210543    0.0016789238286246389
5975.0 0.0925766178534161155    0.0016264726939286464
5995.0 0.0895313511211423968    0.0015911340618686876
6015.0 0.0810366827379397636    0.0015421480336809390
6035.0 0.0772170373796873116    0.0015584380440937704
6055.0 0.0703241007592547845    0.0014954456681558767
6075.0 0.0535825981371178955    0.0013975768775036099
6095.0 0.0391677356314001496    0.0013086593549434496
6116.0 0.0365235203818404311    0.0012733873157742318
6136.0 0.0324037627274968223    0.0012206164446125823
6157.0 0.0346078849507878358    0.0012052798340602281
6177.0 0.0423822307776034260    0.0012218750594862116
6198.0 0.0518398911666822226    0.0012554942140472047
6218.0 0.0593065155581448469    0.0012784522164845536
6239.0 0.0665445241484828170    0.0013081170427238617
6260.0 0.0730861366209134694    0.0013149189363681757
6281.0 0.0772381336736695651    0.0013295511459680905
6302.0 0.0800062781335581924    0.0013292772273135753
6323.0 0.0821125371462228942    0.0013267749320631655
6344.0 0.0788371641656879368    0.0013082329342081070
6365.0 0.0771466936380008073    0.0013462622072487039
6386.0 0.0795301716682607768    0.0013483425957578935
6407.0 0.0752465221070454243    0.0014779358712834806
6429.0 0.0763711547269846774    0.0013840530463470684
6450.0 0.0777076730987446285    0.0013678337533494390
6471.0 0.0752752195235287247    0.0013075266275555972
6493.0 0.0736965451631128865    0.0012704345031845595
6515.0 0.0732610095761711266    0.0012501769673229897
6536.0 0.0707957935781151210    0.0012197050097562342
6558.0 0.0675784688650872545    0.0011884125185487545
6580.0 0.0615459260034859623    0.0011818030066257927
6602.0 0.0570899788074862927    0.0011448007018983893
6624.0 0.0526409697880206029    0.0011125207527202974
6646.0 0.0485136941981305983    0.0010899084225714471
6668.0 0.0471611723821838344    0.0010737649868815822
6690.0 0.0438449927832106970    0.0010691521737970383
6713.0 0.0395251668333001932    0.0010489525182014697
6735.0 0.0382746502183992018    0.0010161629172796849
6757.0 0.0370815334045436554    0.0012773708815288082
6780.0 0.0363202005489715804    0.0011989684892511903
6803.0 0.0324851626322764930    0.0011806081659965530
6825.0 0.0355041823678413221    0.0012000938466584013
6848.0 0.0328696405516044829    0.0012023520873931533
6871.0 0.0345051703097616069    0.0011651257095905193
6894.0 0.0356130957488670283    0.0010648725069121621
6917.0 0.0325717190993005876    0.0010335903333248300
6940.0 0.0321419787723319431    0.0010254924048944212
6963.0 0.0333028317086052211    0.0010350220961947412
6986.0 0.0315898592057807306    0.0010580415577987824
7009.0 0.0308255870329286856    0.0010519807145298588
7033.0 0.0322288609534286119    0.0010791611450878056
7056.0 0.0294022319252535032    0.0010460280513197482
7079.0 0.0321755022074642974    0.0012226950071167783
7103.0 0.0306397220346584856    0.0016439479571910721
7127.0 0.0296981700125595882    0.0013518821738271135
7150.0 0.0271987210427355394    0.0010633993633104948
7174.0 0.0275910086461645145    0.0009786765828692964
7198.0 0.0299088603170612720    0.0012453247586840641
7222.0 0.0298859840927816027    0.0011513522567972319
7246.0 0.0296677668201899142    0.0011373098823181235
7270.0 0.0320005210046176644    0.0011700159827571013
7295.0 0.0287032466881954537    0.0012186655934166308
7319.0 0.0252806521478592533    0.0012162782575198382
7343.0 0.0229341225603833972    0.0012369148004250383
7368.0 0.0280766848041986740    0.0011288838726910614
7392.0 0.0255565282298873681    0.0013573932859934296
7417.0 0.0210693718851645319    0.0010722042704950153
7442.0 0.0229290283327631232    0.0012236962064193246
7466.0 0.0180104469892180506    0.0011771793874521300
7491.0 0.0200009052286365362    0.0011301956874166369
7516.0 0.0164935592501848534    0.0010331527238798791
7541.0 0.0172473731655089710    0.0009438327314253521
7566.0 0.0185903347746129224    0.0009734338664794518
7592.0 0.0166554513840754086    0.0009587061948919125
7617.0 0.0197436773008943071    0.0009702319637364707
7642.0 0.0190674199328898716    0.0009816788189645170
7668.0 0.0192379831488076816    0.0009628316610316502
7693.0 0.0189324377239670147    0.0009591351372930930
7719.0 0.0206741404921900913    0.0011496069599397740
7745.0 0.0192572909024746400    0.0013541581651015273
7770.0 0.0188063853419261802    0.0010761197834173997
7796.0 0.0224486965914704080    0.0014919076949324690
7822.0 0.0216528535110831720    0.0012022586240326982
7848.0 0.0220455507733015796    0.0013628036111449126
7874.0 0.0217366897321765278    0.0013515029813904597
7901.0 0.0220318284457006047    0.0012575636241216139
7927.0 0.0228723179578238477    0.0011554145678901342
7953.0 0.0198608926202685186    0.0009767157770853203
7980.0 0.0201436235774708171    0.0010354433700896092
8007.0 0.0190557502063941481    0.0009770157531451206
8033.0 0.0171079278443946915    0.0010036907555173674
8060.0 0.0189479322941849236    0.0011828745465108160
8087.0 0.0131785936493079622    0.0011432969141868311
8114.0 0.0094478576080060956    0.0009398042285118297
8141.0 0.0086958179709587247    0.0009021323203295810
8168.0 0.0086138826657910419    0.0012772300074188486
8195.0 0.0105348026450870491    0.0013940619174694199
8222.0 0.0036454726455028615    0.0011904438662041059
8250.0 0.0105889882589550142    0.0014934370127977260
8277.0 0.0079548091329055010    0.0013005065932831877
8305.0 0.0100309859993314033    0.0014017599950983306
8333.0 0.0091391784900149813    0.0014772271208262269
8360.0 0.0125793422168630313    0.0013687544717671599
8388.0 0.0140688198426241837    0.0012958044156936032
8416.0 0.0166810938687815512    0.0011028770716778608
8444.0 0.0224425560734204457    0.0011945785413761201
8472.0 0.0238280057816800395    0.0011340759755683590
8500.0 0.0269569148180608051    0.0011644152093692967
8529.0 0.0266238832517209888    0.0011651225644254662
8557.0 0.0330914257661075809    0.0012216041274572544
8586.0 0.0360112845019014138    0.0012136490076861976
