#@Telescope UH88 
#@Reference Saunders et al. (2018) 
#@Redshift 0.0  
#@Spectrum Train_SN78_6.dat 
#@SN-Name Train_SN78  
#@Phase 8.409 
#@Survey SNFactory 
#@SN-Type SNIa 
#@Units Flux 
# 
# WAVE : 
# SN_SPEC : 
# SN_ERR : 
#end 
3305.0 0.0246241363396688361    0.00354495909678132458
3317.0 0.0199790329535350780    0.00334000705214491456
3328.0 0.0275424366666743685    0.00329856160471047504
3339.0 0.0229234748822120422    0.00320714840623888102
3350.0 0.0231251976355837767    0.00314257057917339492
3361.0 0.0261662054398283349    0.00306539413561184981
3372.0 0.0198816184241539413    0.00294095150552260882
3383.0 0.0227797411755969285    0.00301141584614903358
3395.0 0.0278620233023831911    0.00292079977770208932
3406.0 0.0251865989946335571    0.00270270118477631324
3417.0 0.0263018096829501814    0.00273856416956463292
3429.0 0.0261312476898410140    0.00271713451926363639
3440.0 0.0324447290449809134    0.00276266664172730974
3452.0 0.0357666689363754439    0.00277774108593149610
3463.0 0.0370499157053874248    0.00272020684122831332
3475.0 0.0419474237389517030    0.00260652115970479766
3486.0 0.0424931427310926285    0.00249686495677771403
3498.0 0.0479264693476039103    0.00252065577673200305
3509.0 0.0522093246006005013    0.00260185560107911848
3521.0 0.0564119371546425233    0.00264664352574842327
3533.0 0.0547620297220458366    0.00258836422838952269
3545.0 0.0558312900360722064    0.00246402549895356846
3556.0 0.0561421866265518835    0.00238742376185211791
3568.0 0.0532175176430313493    0.00231364624647079293
3580.0 0.0542157844135671627    0.00227464843093134290
3592.0 0.0598219607859743763    0.00231876585357972294
3604.0 0.0600751203169240036    0.00230539152987443204
3616.0 0.0720775370118894865    0.00234718222289223523
3628.0 0.0715356435533856944    0.00232681973225402948
3640.0 0.0673717955346333636    0.00223760134923423667
3652.0 0.0645553731775081879    0.00219721519783515383
3664.0 0.0574016226184956707    0.00212126600169164738
3677.0 0.0502679602892992725    0.00204650271223372985
3689.0 0.0478891830082231046    0.00199584488824445941
3701.0 0.0427558910300144673    0.00192371739587954413
3714.0 0.0384457780409168184    0.00184153845935298294
3726.0 0.0402653992580158868    0.00183260317731576052
3738.0 0.0424760111461419190    0.00185886533199838464
3751.0 0.0445752019702264773    0.00192029872585852170
3763.0 0.0442557663890998446    0.00187043573208325138
3776.0 0.0549997627606369152    0.00185341167382409690
3788.0 0.0641120488298254770    0.00190612066082131507
3801.0 0.0739588226314592256    0.00197988911727763886
3814.0 0.0837233075288661144    0.00200738610363960200
3826.0 0.0919996907287892740    0.00204101448502832811
3839.0 0.1079633332542715429    0.00212555836137717650
3852.0 0.1214123433324860724    0.00223248043941015606
3865.0 0.1422037638643802449    0.00241483748819388893
3878.0 0.1550217075434121294    0.00231897324516588477
3891.0 0.1719991284534101994    0.00231068129621731086
3904.0 0.1760370539911643994    0.00227381282417653393
3917.0 0.1715346180859267655    0.00222676947757943517
3930.0 0.1564877208288258104    0.00214773578170387612
3943.0 0.1388719319084808224    0.00207020112844052842
3956.0 0.1228729551433182937    0.00205410898482256314
3969.0 0.1155854410371202623    0.00200794350768097396
3982.0 0.1150042360502541994    0.00195988574916994545
3995.0 0.1119910090503769412    0.00189026328248473666
4009.0 0.1144992266280127763    0.00186408179240732776
4022.0 0.1142483301410386065    0.00186303241727018686
4036.0 0.1188013715879618487    0.00185328776585517194
4049.0 0.1239757864110641594    0.00184132325614291977
4062.0 0.1235159966605650084    0.00183385361554687333
4076.0 0.1285060894907202045    0.00186451726465787938
4090.0 0.1391723222039805141    0.00188741845255013395
4103.0 0.1472749811063910619    0.00187701288930256969
4117.0 0.1491548515638413952    0.00188247995719476209
4131.0 0.1528089541062034040    0.00189058487291855195
4144.0 0.1515801146477211980    0.00188656637304739755
4158.0 0.1532596089866257727    0.00191148009582514872
4172.0 0.1499815469975993021    0.00188146790666162268
4186.0 0.1489274374996629458    0.00186565190480739379
4200.0 0.1425261146678299395    0.00182335197405162209
4214.0 0.1461406664225329555    0.00183477252102770614
4228.0 0.1479890721170382673    0.00184471446488089518
4242.0 0.1436102282393224017    0.00182757733245549883
4256.0 0.1386103077361457714    0.00179244822022511493
4270.0 0.1290903696788560373    0.00172461079118655975
4284.0 0.1159759616047308511    0.00164650612886400372
4299.0 0.1040199000708714738    0.00157711009048130523
4313.0 0.0900466227440887834    0.00150365064395233312
4327.0 0.0811394269091711140    0.00146223935904254108
4342.0 0.0719962531391753618    0.00143627438844814276
4356.0 0.0718230330382494675    0.00142030971971418281
4371.0 0.0685703100426347384    0.00138187510013572747
4385.0 0.0720876325122843109    0.00139243380747419406
4400.0 0.0787437840111499809    0.00142961884040116371
4415.0 0.0869548653174139763    0.00145699173679326478
4429.0 0.0958223885520074065    0.00149760289868937986
4444.0 0.1108556679136639828    0.00155423938153366427
4459.0 0.1227271802849232013    0.00159037968214574012
4474.0 0.1415010639741756115    0.00166453208806818841
4489.0 0.1569673750716836791    0.00171532823038668511
4504.0 0.1666807792819954281    0.00174189694934777915
4519.0 0.1828922734031050712    0.00179825113753032443
4534.0 0.1964915891492646227    0.00182785491696226053
4549.0 0.2010639327620933337    0.00184356180105405541
4564.0 0.1945771311432283879    0.00179892789622313983
4579.0 0.1851830653003575244    0.00177999485747157684
4594.0 0.1679320755480299965    0.00171324335656336405
4610.0 0.1611156904509834786    0.00167888638232474422
4625.0 0.1465981385295483108    0.00163709608682083914
4640.0 0.1385864133495469663    0.00159604506504846394
4656.0 0.1281070705545958588    0.00154258671328687908
4671.0 0.1149226252580560770    0.00150298692647705804
4687.0 0.0995378412516786937    0.00145277869890332546
4703.0 0.0923643608069920491    0.00142130301093264678
4718.0 0.0862761895068645257    0.00137929804613614346
4734.0 0.0815251362804079865    0.00136143440860611738
4750.0 0.0748942965465112659    0.00134683624702345715
4766.0 0.0693408482593063646    0.00135452695616218978
4781.0 0.0706042552758649883    0.00139582141126430863
4797.0 0.0687876645265637632    0.00144317485872503637
4813.0 0.0724203685083115445    0.00154292341799268286
4829.0 0.0740870755237444945    0.00165955603288005260
4846.0 0.0838533028727942165    0.00181878682150703099
4862.0 0.0863977634445098203    0.00195562327648874995
4878.0 0.0880665801964637673    0.00206401650799339226
4894.0 0.0847322723483945606    0.00208333401042950757
4910.0 0.0791965979837941647    0.00203653967288271913
4927.0 0.0735816629766799651    0.00198577966249231710
4943.0 0.0694170274554218175    0.00193594124030890802
4960.0 0.0666988204772023807    0.00172686574816709876
4976.0 0.0645790344658975363    0.00172657971551972767
4993.0 0.0676869770889929612    0.00183019342328189123
5009.0 0.0730687199807604076    0.00218975608678466556
5026.0 0.0822191210432376002    0.00199343027955315366
5043.0 0.0839414530940348763    0.00190356569616398526
5060.0 0.0897723380162423756    0.00192295352729643485
5076.0 0.1034082533657998126    0.00195666557739711602
5093.0 0.1065351065504293454    0.00191007786217297758
5110.0 0.1150726452392386578    0.00186287487513708524
5127.0 0.1213187484933826582    0.00178702656027163458
5144.0 0.1363737964197020147    0.00176726221733509796
5162.0 0.1464395878136723061    0.00172780043060917900
5179.0 0.1590215027083756727    0.00167793018278158718
5196.0 0.1655939522957035337    0.00166123889563112134
5213.0 0.1676166349905873765    0.00161013221445809995
5231.0 0.1611281910886014912    0.00153317845053702355
5248.0 0.1566693612405451741    0.00149076886166647922
5266.0 0.1483185417376980675    0.00142125381527143015
5283.0 0.1460361089552571212    0.00136200865736774992
5301.0 0.1394607328083929676    0.00131645451759241044
5318.0 0.1410041865824532281    0.00130237405465990033
5336.0 0.1372881673206484410    0.00128604973575219489
5354.0 0.1316435857960385758    0.00124204213283980714
5372.0 0.1296729347762476670    0.00120580611176356197
5390.0 0.1263851118672611462    0.00116348825965845604
5408.0 0.1246312290287517610    0.00116261020094879765
5426.0 0.1187326983909116479    0.00120031622002215554
5444.0 0.1135507111818506720    0.00106585931460166932
5462.0 0.1134290640409671841    0.00105147074703921097
5480.0 0.1116360039932463577    0.00102839891948539454
5498.0 0.1118627616603748709    0.00099964773422148699
5517.0 0.1092997491026896362    0.00096542090905724434
5535.0 0.1118845732668902054    0.00095345820795122028
5553.0 0.1110798345457437025    0.00094076927484062318
5572.0 0.1051298190024227280    0.00091634471803943469
5590.0 0.1047483911608844548    0.00089774039544765266
5609.0 0.0972606545892710367    0.00085709094720075676
5628.0 0.0963584912299843693    0.00084952039751777638
5647.0 0.0925763433101863403    0.00082934522183547468
5665.0 0.0916406108663461866    0.00081374859893614318
5684.0 0.0890432663956933212    0.00080080577835977369
5703.0 0.0880501516579673404    0.00079312837466778599
5722.0 0.0863137282754479762    0.00085438820636537366
5741.0 0.0857826374904259586    0.00078267047262917881
5760.0 0.0893414998804206578    0.00076975153553020172
5780.0 0.0919718934242069464    0.00076790471644838328
5799.0 0.0966925203963334562    0.00077302945818056711
5818.0 0.1025238681868433505    0.00076651264116314277
5838.0 0.1048617090260009210    0.00076722749550225456
5857.0 0.1067380774982089747    0.00076612883555977689
5876.0 0.1097588019281044991    0.00075983198432771643
5896.0 0.1091700566116302618    0.00073959411747378861
5916.0 0.1075235372943159629    0.00073231493918294384
5935.0 0.1021566154922797509    0.00071506982017775051
5955.0 0.0910526366108887070    0.00068305871300141914
5975.0 0.0780339360752462796    0.00064192408477571606
5995.0 0.0573519291722608127    0.00057463575660899734
6015.0 0.0407415035858989180    0.00050663859117597982
6035.0 0.0310282475316733634    0.00046574498968322896
6055.0 0.0259197857263652846    0.00044844615114341633
6075.0 0.0244387096828865384    0.00043202670863983015
6095.0 0.0231047453917529767    0.00041528309794591935
6116.0 0.0252934773815535370    0.00051257386151452053
6136.0 0.0310903026386579601    0.00045724495386954264
6157.0 0.0425640794925847277    0.00047515305145812538
6177.0 0.0517331933161603516    0.00053036679287582326
6198.0 0.0604271459980622316    0.00052456457507213557
6218.0 0.0669906817113922887    0.00052937678852250458
6239.0 0.0722848392096016729    0.00054291254607616844
6260.0 0.0734894758926642189    0.00053759658591419086
6281.0 0.0755351486015419377    0.00054955645458368491
6302.0 0.0765981379455483030    0.00054091390560450400
6323.0 0.0756111269008716974    0.00053935443114964856
6344.0 0.0763333552584432029    0.00053403184038164104
6365.0 0.0747917438542009538    0.00052621485119743025
6386.0 0.0749642692676210920    0.00052411686499693533
6407.0 0.0743820274437105994    0.00050951403043034008
6429.0 0.0749635123298659778    0.00050682951099525250
6450.0 0.0736031644942108099    0.00050143386065572759
6471.0 0.0724419453444012373    0.00049141171943197762
6493.0 0.0705987117934439024    0.00047857200500288496
6515.0 0.0674060637895694675    0.00046923580358535199
6536.0 0.0659264084712993803    0.00046658496981245054
6558.0 0.0612378804917225877    0.00045427907368077852
6580.0 0.0585999749253071425    0.00044490020653170387
6602.0 0.0559861736450480429    0.00043427758830229442
6624.0 0.0520368754601902642    0.00042530700670574630
6646.0 0.0497703510914647637    0.00042995983709258421
6668.0 0.0462856110429992890    0.00043627618556712458
6690.0 0.0444722542359464804    0.00042179855883106273
6713.0 0.0419731662706157929    0.00040073713645336686
6735.0 0.0403428476855878168    0.00038252352084132803
6757.0 0.0387438375402926957    0.00037450023137195219
6780.0 0.0372050645529840782    0.00036768003383729760
6803.0 0.0357129103519781971    0.00035419555739144237
6825.0 0.0357882744160937238    0.00034795933416340350
6848.0 0.0360429290875265290    0.00035116519362608648
6871.0 0.0344405968753715083    0.00034190997357515593
6894.0 0.0340854295692542275    0.00034139716466695684
6917.0 0.0338179567662473396    0.00033738428439272766
6940.0 0.0331039865174064876    0.00033457730628333611
6963.0 0.0320908552317958132    0.00033101708383874028
6986.0 0.0314391166703160488    0.00033133081400820114
7009.0 0.0303611223407296675    0.00032432233428398140
7033.0 0.0305015798526717605    0.00036258441676910235
7056.0 0.0302729095182454333    0.00033758882101227313
7079.0 0.0288383669684409635    0.00035746065075569416
7103.0 0.0277525044203314475    0.00034501364662676301
7127.0 0.0278514379242803291    0.00034698594934628454
7150.0 0.0270545645377909746    0.00033128690020328878
7174.0 0.0269379466458747573    0.00031664394356452883
7198.0 0.0260689653803246324    0.00031147959637343900
7222.0 0.0258855261160112517    0.00030843798198584464
7246.0 0.0260066066323831127    0.00030094336396432360
7270.0 0.0261506561015747603    0.00031649880319319676
7295.0 0.0255374248750063933    0.00030049054183931635
7319.0 0.0237204041084817623    0.00031492153868919055
7343.0 0.0230521046671644560    0.00029596667203247068
7368.0 0.0218252043031505367    0.00030414930238604842
7392.0 0.0214730176889492176    0.00044901731599607649
7417.0 0.0185811498197046773    0.00036741606264495787
7442.0 0.0198219556407756813    0.00031200822605785973
7466.0 0.0198424755961431921    0.00028466193632368912
7491.0 0.0193770112123840023    0.00032604505410541612
7516.0 0.0186843075809527172    0.00029355764547511315
7541.0 0.0176391475775974811    0.00031404276913897842
7566.0 0.0168977493648302703    0.00030635862179434638
7592.0 0.0178950061032029199    0.00031367892061201269
7617.0 0.0162257586902591032    0.00029171901174139200
7642.0 0.0168187159515390192    0.00033179521517219540
7668.0 0.0165717763402599555    0.00029961420847773396
7693.0 0.0170907542631342016    0.00033393064008454442
7719.0 0.0173015534570473660    0.00028804302045904080
7745.0 0.0178781210417093203    0.00031520233876458962
7770.0 0.0187087673207667060    0.00031589368319673479
7796.0 0.0193339286640736643    0.00031626602595682875
7822.0 0.0194780173484100892    0.00029319512976138263
7848.0 0.0208474723219378121    0.00028912213378932771
7874.0 0.0214081326559688520    0.00029335639266691259
7901.0 0.0223817050623573571    0.00029005345394757150
7927.0 0.0208509391353535294    0.00028800498506936924
7953.0 0.0196004228194680413    0.00028507710387886786
7980.0 0.0159498107317624059    0.00026780435300128897
8007.0 0.0129841805260441784    0.00025608394642829776
8033.0 0.0107136382706883183    0.00025516061055597925
8060.0 0.0075317052207086654    0.00031552404947555513
8087.0 0.0051539721615669687    0.00022542710208676821
8114.0 0.0055903618138066638    0.00032342090716058096
8141.0 0.0041169020039764836    0.00023718186675918595
8168.0 0.0037642380905272481    0.00028661645286608904
8195.0 0.0042685174052543096    0.00028299617759758192
8222.0 0.0039655325145485304    0.00027342962149109790
8250.0 0.0052227758947378175    0.00023538042269968747
8277.0 0.0056799407747253113    0.00023102706283243768
8305.0 0.0073515770705119979    0.00023742026950550370
8333.0 0.0091611473496108140    0.00022985461678721387
8360.0 0.0107057670195222603    0.00024698400734764447
8388.0 0.0139521104279342716    0.00029810852158928527
8416.0 0.0165109087644584214    0.00031376512544900370
8444.0 0.0186718878309517881    0.00028220161144316204
8472.0 0.0215338350542502409    0.00028232566964530448
8500.0 0.0243447954190476878    0.00032314639770318604
8529.0 0.0253007333899608611    0.00040562981066844629
8557.0 0.0267759733230089371    0.00031810201580955919
8586.0 0.0273850678516415029    0.00042839388287402893
