#@Telescope UH88 
#@Reference Saunders et al. (2018) 
#@Redshift 0.0  
#@Spectrum Train_SN17_8.dat 
#@SN-Name Train_SN17  
#@Phase 12.240 
#@Survey SNFactory 
#@SN-Type SNIa 
#@Units Flux 
# 
# WAVE : 
# SN_SPEC : 
# SN_ERR : 
#end 
3305.0 0.0063682684543581031    0.0085181404979996905
3317.0 0.0234519572106252280    0.0084469429660812625
3328.0 0.0179325722325031946    0.0078626536823787202
3339.0 0.0308005795370472346    0.0078698024484791674
3350.0 0.0247523046967791580    0.0077442964720834395
3361.0 0.0168843025459017200    0.0079589167050940005
3372.0 0.0145184857100488056    0.0077335351831543751
3383.0 0.0234697487875495762    0.0074839547570752091
3395.0 0.0275720871727404421    0.0072788262502173646
3406.0 0.0326379170445065259    0.0070016001560502458
3417.0 0.0388260863577971210    0.0071645763314481881
3429.0 0.0354488944624357163    0.0070513436643367408
3440.0 0.0355553952386032171    0.0069234876664942416
3452.0 0.0411553436354546442    0.0068070085630022193
3463.0 0.0292717158558411274    0.0064932407346235711
3475.0 0.0304826066187266487    0.0062837531906201659
3486.0 0.0453691610438862261    0.0061827771517417758
3498.0 0.0385109621922314696    0.0060643939348874135
3509.0 0.0525891517611940945    0.0063031516400860388
3521.0 0.0481180172179289309    0.0063220863458823655
3533.0 0.0325443393245663029    0.0060821527764857199
3545.0 0.0444076085171986670    0.0059775089656761539
3556.0 0.0528553377257978199    0.0058099510950657685
3568.0 0.0588345901173594477    0.0058078217343945854
3580.0 0.0624525747389272981    0.0056856161314730782
3592.0 0.0564512620305277213    0.0055367381490071541
3604.0 0.0481889199420726874    0.0053626288192832232
3616.0 0.0486631508752436229    0.0052313445717831458
3628.0 0.0571018387934452976    0.0052643629390010608
3640.0 0.0743478500839647588    0.0054282146272418355
3652.0 0.0633274759052223080    0.0053346787412726117
3664.0 0.0650461407751735943    0.0053695105256714049
3677.0 0.0666715823377529437    0.0053209893267140256
3689.0 0.0529568623721047363    0.0051077929919085404
3701.0 0.0439201594957008279    0.0050075423132130139
3714.0 0.0344770531875685030    0.0047187717307776841
3726.0 0.0398305675295856157    0.0047985507363456801
3738.0 0.0278430053214499471    0.0046150440722369096
3751.0 0.0382403900489277360    0.0046728830405542788
3763.0 0.0320478313060357789    0.0047684284126152067
3776.0 0.0318830705038651782    0.0050478839957220339
3788.0 0.0375716219459926587    0.0047673496777485055
3801.0 0.0499170044930201950    0.0046464615363371571
3814.0 0.0467659420002531218    0.0044025693251394807
3826.0 0.0626947855382650604    0.0045430601045878261
3839.0 0.0754531577543876425    0.0046034907874299138
3852.0 0.0817316486008176635    0.0047111230032438004
3865.0 0.0938498831939458961    0.0050429287211842637
3878.0 0.1017962941762454304    0.0050963665467066328
3891.0 0.0921304331193606024    0.0048517800178745144
3904.0 0.1065787388703131472    0.0048700132620011953
3917.0 0.1091175004542704191    0.0047755367025488493
3930.0 0.1224530395763444857    0.0047632925485402529
3943.0 0.1118628012756980455    0.0046262103375952889
3956.0 0.0890915024606295652    0.0044113494523183834
3969.0 0.0782715536295396641    0.0042561528262836613
3982.0 0.0719255562378796481    0.0042022000098297773
3995.0 0.0748424699187191650    0.0041920114593464600
4009.0 0.0811616851314106852    0.0042056434363009947
4022.0 0.0790404343207408433    0.0041619083740418485
4036.0 0.0797647368760163317    0.0041490602012816931
4049.0 0.0724142209054113584    0.0039926571050517418
4062.0 0.0740929310886441900    0.0040367280469830501
4076.0 0.0741264911673399501    0.0040258860783288176
4090.0 0.0791386372281929484    0.0040024448362917858
4103.0 0.0835531487010502255    0.0039845225620361883
4117.0 0.0806586850574014386    0.0039866121193866833
4131.0 0.0914185928417265842    0.0040686326442565682
4144.0 0.0936964320443148674    0.0041053818096270017
4158.0 0.0864764232859853987    0.0040720285278471749
4172.0 0.0880557030202181873    0.0041103420027233904
4186.0 0.0769448046097458288    0.0039713323118584698
4200.0 0.0831435147415590797    0.0040121578100974125
4214.0 0.0793911016914639472    0.0039482965521820540
4228.0 0.0878855122026231117    0.0039702548850909227
4242.0 0.0826882577232130600    0.0039534053444795674
4256.0 0.0742755683737519184    0.0038747749123500628
4270.0 0.0808567842102637518    0.0038805931487974534
4284.0 0.0775933478860320325    0.0037898710989872830
4299.0 0.0639505431015269243    0.0035937140161836864
4313.0 0.0571333153242227429    0.0035085037367387525
4327.0 0.0584908397277128789    0.0035642518473187057
4342.0 0.0537010661828788843    0.0035602072352390007
4356.0 0.0500143729569264769    0.0035041843554088751
4371.0 0.0446001206598913916    0.0033529770239415922
4385.0 0.0394817046360549859    0.0033369583344746339
4400.0 0.0558168992077703596    0.0034896235832603626
4415.0 0.0569532312614841399    0.0034613009583168005
4429.0 0.0571064596324349152    0.0034187460852370881
4444.0 0.0707627407600568276    0.0035757128549634620
4459.0 0.0714844531635273478    0.0035296562337388017
4474.0 0.0836659130103214466    0.0036469956286102586
4489.0 0.0936106563127432623    0.0037221762303045599
4504.0 0.1032668986110195780    0.0037992543271171972
4519.0 0.1085839051576980296    0.0038306578774522050
4534.0 0.1178224645022747374    0.0038768737879381161
4549.0 0.1253301169409536120    0.0039333960532458960
4564.0 0.1218416437607768993    0.0038837558107604727
4579.0 0.1286651687454439807    0.0039547506087708375
4594.0 0.1155951877290602586    0.0038483033792950112
4610.0 0.1111783984171421935    0.0038440363027223983
4625.0 0.0850331976984555482    0.0036828253809705930
4640.0 0.0831808667028091225    0.0037384925179734163
4656.0 0.0805831442714846913    0.0037113413934486629
4671.0 0.0845911997803205640    0.0039370306399344763
4687.0 0.0863144995166171131    0.0041415793690942355
4703.0 0.0569523385678221694    0.0041070376698539727
4718.0 0.0479391075602429786    0.0042260504144722866
4734.0 0.0518632526706212377    0.0045990171039580032
4750.0 0.0565048317614220211    0.0051067309760370466
4766.0 0.0569090004459277821    0.0054146685178416724
4781.0 0.0619140894563877942    0.0056211752826593837
4797.0 0.0566220502595837782    0.0054862861242112853
4813.0 0.0381405476123483911    0.0052005175886093852
4829.0 0.0464427682404971454    0.0047877762495850840
4846.0 0.0531849213342927840    0.0047394656648353916
4862.0 0.0605331611786708509    0.0049110371782502740
4878.0 0.0753843940731207668    0.0066721930545027034
4894.0 0.0720083278636823865    0.0059539392180397721
4910.0 0.0701454202949297195    0.0050453027399545124
4927.0 0.0840759939409913420    0.0050471398346075046
4943.0 0.0652888445085036545    0.0047966974576818125
4960.0 0.0408863390001945534    0.0043539038747616712
4976.0 0.0425825746203516847    0.0042166077718347730
4993.0 0.0541013435178638452    0.0040752290628952477
5009.0 0.0465503471294070256    0.0037514167179200988
5026.0 0.0531410815752445323    0.0035223128564786494
5043.0 0.0449699015711641989    0.0033014442032648916
5060.0 0.0532718211838456163    0.0032059636265468622
5076.0 0.0575156984402372465    0.0031212999464814263
5093.0 0.0592909437979240450    0.0030366849900617839
5110.0 0.0723500075176346236    0.0029950256833865762
5127.0 0.0822831170280827195    0.0029860875053744954
5144.0 0.0954490553199050656    0.0029926570883228045
5162.0 0.1001337659007342368    0.0029464556980042917
5179.0 0.0963166583549626421    0.0028246695366457839
5196.0 0.1081522633014620483    0.0028805042912678847
5213.0 0.1059734507501074036    0.0027932985025453942
5231.0 0.1050462906117446832    0.0027372825177047651
5248.0 0.1026686480966290116    0.0026832208270730919
5266.0 0.1031517985847190816    0.0027145089412641777
5283.0 0.0883042819101129695    0.0030173671095896867
5301.0 0.0918895487076555606    0.0024542491720507286
5318.0 0.0882447565571964909    0.0024034280616484784
5336.0 0.0860462985708859984    0.0023533047115308634
5354.0 0.0835279108682131510    0.0023081116851126518
5372.0 0.0717675514456845298    0.0021548126460053585
5390.0 0.0759571496282011316    0.0021379414900747321
5408.0 0.0717180858755097905    0.0020587478751850478
5426.0 0.0681426316437435675    0.0020082331686024019
5444.0 0.0653698515352114234    0.0019561198766423391
5462.0 0.0710603355511415236    0.0019804566104077649
5480.0 0.0710250269679224971    0.0019601713219377956
5498.0 0.0701442310913726885    0.0019038774275976134
5517.0 0.0729210648620046697    0.0018836485229737942
5535.0 0.0680571652587141501    0.0018294174126256627
5553.0 0.0658077876420467972    0.0018398929553102119
5572.0 0.0618714097554067533    0.0021101565297584391
5590.0 0.0607241952959423556    0.0018511794579155459
5609.0 0.0608706683968073467    0.0017356419899382709
5628.0 0.0554287310486627424    0.0016984133554122940
5647.0 0.0549400588871506237    0.0016522692508877585
5665.0 0.0552883698345442848    0.0016279010348933586
5684.0 0.0561531499865865272    0.0016006872862534640
5703.0 0.0516458410772655807    0.0015308462218125843
5722.0 0.0535134737487989176    0.0015179023619070495
5741.0 0.0589740751288460180    0.0015296941754360418
5760.0 0.0610125577700736249    0.0015100716755983249
5780.0 0.0649292819964610579    0.0015236572619391551
5799.0 0.0749187469947340118    0.0015534510372045469
5818.0 0.0769373797201949594    0.0015609493428453778
5838.0 0.0792615632861553704    0.0015635693449192987
5857.0 0.0814889259339897642    0.0015508979159772189
5876.0 0.0824391937068142955    0.0015332962255449694
5896.0 0.0764458648699375826    0.0015059479646748225
5916.0 0.0818438235518132162    0.0015177425886780775
5935.0 0.0773118833269610395    0.0014791332275328015
5955.0 0.0719004250120736654    0.0016100177551419685
5975.0 0.0670565795540502690    0.0015141947999098694
5995.0 0.0653192468141870625    0.0013837334799275522
6015.0 0.0606096411478755023    0.0013863093929058893
6035.0 0.0554872901525062870    0.0013286257602786026
6055.0 0.0441926166834922529    0.0012110679533911294
6075.0 0.0322552768159512504    0.0011206344058993835
6095.0 0.0247261724666598612    0.0010387929638416640
6116.0 0.0261337498257778848    0.0010706721030756387
6136.0 0.0374085005937034726    0.0011040092123680177
6157.0 0.0462291080915634769    0.0011812151089002306
6177.0 0.0469343027859705844    0.0011595777936065589
6198.0 0.0491968715827889869    0.0011710597340278091
6218.0 0.0540266170576625890    0.0011649372432786271
6239.0 0.0564377054662165215    0.0011611320428872095
6260.0 0.0551188666195309082    0.0011293257614635446
6281.0 0.0541309026329760690    0.0011186773398274947
6302.0 0.0547380258336146522    0.0011092983100016939
6323.0 0.0514040632265893027    0.0010742897303174230
6344.0 0.0521159763474617413    0.0010748394503809001
6365.0 0.0512181123290845336    0.0010542170703244319
6386.0 0.0506222561372505903    0.0010436275639920107
6407.0 0.0497923866858379846    0.0010282150613171108
6429.0 0.0477076761908066249    0.0010148722831991972
6450.0 0.0491740136282416487    0.0010301542576159532
6471.0 0.0505695988871782895    0.0011133347719798183
6493.0 0.0474332148457370165    0.0010941468406129075
6515.0 0.0498291606285703945    0.0011146961676410626
6536.0 0.0449089062946834358    0.0010605335616023944
6558.0 0.0412315262976139796    0.0010606436998315820
6580.0 0.0416202006620509865    0.0010298361971888723
6602.0 0.0392677475654210420    0.0009781616402294658
6624.0 0.0374059279051697433    0.0009283546047497680
6646.0 0.0345771503853738102    0.0009119350384900849
6668.0 0.0319680573680425767    0.0008920590573638170
6690.0 0.0350416468307244294    0.0008916868634519590
6713.0 0.0314364071606272472    0.0008742704851999270
6735.0 0.0305276259965415395    0.0008407986127797328
6757.0 0.0281946205702743938    0.0008434143391136988
6780.0 0.0301091725609651147    0.0008515122301634907
6803.0 0.0285550670241504698    0.0008486718568845715
6825.0 0.0285451094204660812    0.0008289751168164214
6848.0 0.0274297860158127342    0.0009873010406179956
6871.0 0.0297843844905951761    0.0009274009405967599
6894.0 0.0271521538098262426    0.0010291109182189622
6917.0 0.0277436130396252582    0.0009503543055548505
6940.0 0.0241535779209863175    0.0009545339047640948
6963.0 0.0255755315004288601    0.0009109499723925591
6986.0 0.0258667683786427474    0.0008731716872862783
7009.0 0.0231938847188964820    0.0008567077239370909
7033.0 0.0211966383614320027    0.0008085068148251400
7056.0 0.0233076354349461626    0.0007882004437088591
7079.0 0.0240452773443610990    0.0008609825585775266
7103.0 0.0209465309507722679    0.0007746689345968673
7127.0 0.0222506436699619163    0.0008757078780536394
7150.0 0.0234279126411688111    0.0007860812267302351
7174.0 0.0225351648035865340    0.0008329566608207777
7198.0 0.0202067178151419773    0.0012499686885725117
7222.0 0.0174828197581381496    0.0010202534988078976
7246.0 0.0228983475098900428    0.0008833615686391887
7270.0 0.0195280267673713093    0.0007642515996893877
7295.0 0.0227224178829706983    0.0009618633054480270
7319.0 0.0182665167738931301    0.0008447553271322644
7343.0 0.0177549818499863309    0.0009682001184771977
7368.0 0.0179202580350348965    0.0008967678941184321
7392.0 0.0153472673977139758    0.0008921453947060193
7417.0 0.0150551796473221092    0.0008537375629053337
7442.0 0.0164925914695246423    0.0010342804314120021
7466.0 0.0119239161271491589    0.0008789304135722962
7491.0 0.0150684664592597144    0.0010176392121659711
7516.0 0.0138204546380950467    0.0008300863920815845
7541.0 0.0135517804762125306    0.0009136763746662500
7566.0 0.0132673977210074779    0.0009178544862191593
7592.0 0.0108187268674888818    0.0008885818186170931
7617.0 0.0125384755739322163    0.0007604128889024542
7642.0 0.0114025148540595270    0.0007582665604817226
7668.0 0.0128413371949915294    0.0007511059468402045
7693.0 0.0109493317292571526    0.0006928200878360186
7719.0 0.0126022862781235770    0.0007208296778638597
7745.0 0.0144149562795692614    0.0007254539244325110
7770.0 0.0131051535301061131    0.0007128157481568206
7796.0 0.0118320961576408486    0.0007178033979631608
7822.0 0.0138732493168611144    0.0007478573475709025
7848.0 0.0122644107839941022    0.0011050172448337525
7874.0 0.0161444179267547262    0.0007937346956442381
7901.0 0.0171821737707346274    0.0011209596773774525
7927.0 0.0153693407202547122    0.0008532691458969009
7953.0 0.0137196790721140910    0.0010043492824973927
7980.0 0.0158693006667056866    0.0010332097999922033
8007.0 0.0144393399133476447    0.0009932810079436656
8033.0 0.0116827556193762477    0.0007878599482043055
8060.0 0.0100880641996657413    0.0007930872171128768
8087.0 0.0097897500327586897    0.0007647338398131822
8114.0 0.0074442114457645607    0.0006644287749056193
8141.0 0.0047764030963356637    0.0006798718051287304
8168.0 0.0082176757642419534    0.0008732995443036829
8195.0 0.0035374109894137015    0.0008825503670333707
8222.0 0.0064155037014234154    0.0007360548168201235
8250.0 0.0064774189198831119    0.0006597164715396750
8277.0 0.0054007785246859589    0.0007254738696046324
8305.0 0.0079631542350742379    0.0012278129847212141
8333.0 0.0094482555870478036    0.0007589016500126085
8360.0 0.0169535043845141370    0.0012826645328423653
8388.0 0.0159450121482558466    0.0008998949144508648
8416.0 0.0167699841280215811    0.0011263919002238412
8444.0 0.0180174499897078032    0.0011217317351156458
8472.0 0.0201713268445145796    0.0011297737140040735
8500.0 0.0186995591210072885    0.0008948245265673820
8529.0 0.0219390098774014698    0.0009799762082582843
8557.0 0.0225358597724250043    0.0009301852404197207
8586.0 0.0219433174618554744    0.0008155915768147622
