#@Telescope UH88 
#@Reference Saunders et al. (2018) 
#@Redshift 0.0  
#@Spectrum Train_SN50_19.dat 
#@SN-Name Train_SN50  
#@Phase 31.243 
#@Survey SNFactory 
#@SN-Type SNIa 
#@Units Flux 
# 
# WAVE : 
# SN_SPEC : 
# SN_ERR : 
#end 
3305.0 -0.0007133867237141141  0.0094267834407880894
3317.0 -0.0199846480788795876  0.0090160504859237781
3328.0  0.0039596547948980076  0.0087706873015258226
3339.0  0.0155831818954103255  0.0086872935286470034
3350.0  0.0129290851971571551  0.0083693029127576458
3361.0  0.0104360373788224201  0.0081827336735360006
3372.0 -0.0044311185577671506  0.0079098635279679485
3383.0 -0.0182300274320619481  0.0079442589295201389
3395.0  0.0076595226182132551  0.0079001587238866338
3406.0  0.0072207583753857657  0.0074880553012662866
3417.0 -0.0069281215532815193  0.0072173140634576279
3429.0  0.0105188877039998508  0.0071832077339465047
3440.0  0.0152085956577737002  0.0072923481897936805
3452.0  0.0053939609531075614  0.0071627918888397171
3463.0  0.0063174063591897259  0.0070359026478374184
3475.0  0.0118523713505190864  0.0066678071078920325
3486.0  0.0061358342362343461  0.0063123430986248563
3498.0  0.0138277894763036372  0.0061813362605188903
3509.0  0.0269939403216584647  0.0064007276105635010
3521.0  0.0125557867071693242  0.0064069491940820754
3533.0  0.0121586516279378904  0.0063533463430586632
3545.0  0.0092395739332080361  0.0060312858964927706
3556.0  0.0098226711016337984  0.0056838677768861227
3568.0  0.0059894598971046761  0.0054583039393658129
3580.0  0.0150589798923900040  0.0054364751513417782
3592.0  0.0205013296803399879  0.0054807102965561934
3604.0  0.0167632844527046514  0.0053977591743511978
3616.0  0.0128241180238245784  0.0053143015399548495
3628.0  0.0100177515843958113  0.0053160287236135089
3640.0  0.0102263681109213377  0.0051867913471388841
3652.0  0.0094738740983182322  0.0049665460760189061
3664.0  0.0168317073880350290  0.0049741940321456962
3677.0  0.0140750150625922801  0.0048870008655216967
3689.0  0.0257345186756322113  0.0048424822054836496
3701.0  0.0139535429497531782  0.0046853749419874758
3714.0  0.0155900286888700432  0.0045245535497443245
3726.0  0.0294948816607676322  0.0045043651551676753
3738.0  0.0279955649444353014  0.0044853218410243496
3751.0  0.0173353074208202548  0.0045609413038210393
3763.0  0.0221917966035492208  0.0045206980270680068
3776.0  0.0189763760509875749  0.0043360013415098819
3788.0  0.0141900410309447403  0.0043041085279779089
3801.0  0.0110546022380553170  0.0042658485129391183
3814.0  0.0153157506289459695  0.0041175570982936657
3826.0  0.0170852594381493243  0.0041486684958823069
3839.0  0.0151681181887174856  0.0041275460543114782
3852.0  0.0217823285629064750  0.0040690744010226081
3865.0  0.0169595971203928726  0.0043204490127407395
3878.0  0.0219481944107833560  0.0043239925533720336
3891.0  0.0119260128427795594  0.0040536706142379865
3904.0  0.0213073100851568532  0.0038814576825179498
3917.0  0.0274493070763443051  0.0037748537641917965
3930.0  0.0336199150633268232  0.0037917822271739672
3943.0  0.0321192588842962382  0.0037661819928642552
3956.0  0.0302196564140260297  0.0038485601179149070
3969.0  0.0286076790645952393  0.0038631061992220436
3982.0  0.0240736864776380059  0.0038006983829141625
3995.0  0.0267973240952431649  0.0036522828644576406
4009.0  0.0233115815491987885  0.0035061137248064938
4022.0  0.0334656072525940373  0.0035166574578246500
4036.0  0.0225950599379174492  0.0033919303133675776
4049.0  0.0213825929655202286  0.0033792516397394543
4062.0  0.0196276916898475914  0.0032850881308861017
4076.0  0.0254700217718806729  0.0033113635529836401
4090.0  0.0235316053315901587  0.0032316576438114445
4103.0  0.0185993051757158134  0.0031559018019497167
4117.0  0.0215659150619899251  0.0031730955394463950
4131.0  0.0190677227996633031  0.0031066717146683762
4144.0  0.0161931551680315304  0.0031270274195120719
4158.0  0.0114682746276656821  0.0030678910712693508
4172.0  0.0078955085343619738  0.0030812227551641818
4186.0  0.0154460635040023914  0.0031048654263622919
4200.0  0.0227683979712026939  0.0030728591795960414
4214.0  0.0229556938092755278  0.0030192848285698058
4228.0  0.0184575280915184776  0.0030131215622252834
4242.0  0.0204393537311919962  0.0030133318740329525
4256.0  0.0201338112462901703  0.0029737575535349766
4270.0  0.0145515860200776202  0.0028850002931368321
4284.0  0.0228324747265679986  0.0028895300453781587
4299.0  0.0255700179075450673  0.0028521188265254282
4313.0  0.0224131407561019534  0.0027995259536859993
4327.0  0.0192856268241678383  0.0027846710492712783
4342.0  0.0246753329286572877  0.0027922843708259545
4356.0  0.0178654997757478652  0.0027930338656293780
4371.0  0.0179190345659689630  0.0027098237191268788
4385.0  0.0174514644593920555  0.0026968458035024436
4400.0  0.0171992149053090577  0.0027118372678538302
4415.0  0.0140203261488496579  0.0026792790850099328
4429.0  0.0145552969923337834  0.0026243647989500100
4444.0  0.0161291826632449856  0.0026374434416601366
4459.0  0.0131799539443693825  0.0025733103229718239
4474.0  0.0166591068632666144  0.0026162543900359976
4489.0  0.0242934704111247013  0.0026191304142969747
4504.0  0.0068424273544898453  0.0025649506103686470
4519.0  0.0194322153924039870  0.0025879179720141245
4534.0  0.0267463814064107970  0.0026184732549402474
4549.0  0.0375305117618629225  0.0026525001126551646
4564.0  0.0356414983535639218  0.0026033626107494520
4579.0  0.0343551598389569349  0.0026078525264475222
4594.0  0.0431226560077890772  0.0026020804321816161
4610.0  0.0395121289771359560  0.0025676008707564112
4625.0  0.0376519509189813459  0.0025371879144850656
4640.0  0.0363815913819024936  0.0025350275767952032
4656.0  0.0323269054381922494  0.0024779731654689116
4671.0  0.0262924734768496572  0.0024713393421749064
4687.0  0.0268727471857487139  0.0024907539017538735
4703.0  0.0240238155738790315  0.0024681219864029487
4718.0  0.0235531401121149529  0.0024599074530959391
4734.0  0.0224099194187538792  0.0024644729903797410
4750.0  0.0201580952138620470  0.0024896020823942711
4766.0  0.0183806032131259602  0.0024635009788780077
4781.0  0.0224099420271816861  0.0025196843820770023
4797.0  0.0240490143097759346  0.0026625916688775989
4813.0  0.0280510442984974809  0.0028056609359371288
4829.0  0.0302990129352063743  0.0030889846448489211
4846.0  0.0235397790187875586  0.0033460416018818626
4862.0  0.0179095848600224275  0.0036286044657568763
4878.0  0.0314615270475948200  0.0039615405566755879
4894.0  0.0344558339637534572  0.0042217477166407195
4910.0  0.0254642740088363607  0.0042370526378310821
4927.0  0.0330549374501492438  0.0042307872894665165
4943.0  0.0294054283428557064  0.0040440319802933665
4960.0  0.0265698846950583115  0.0037395886096257499
4976.0  0.0354647863203901847  0.0038645393587110419
4993.0  0.0121792563514996465  0.0049192968392665530
5009.0  0.0238954212943393654  0.0060681483152736169
5026.0  0.0191888062378062010  0.0047816245335118900
5043.0  0.0075728731423022203  0.0043404990779140670
5060.0  0.0221954408418753198  0.0042162062863466470
5076.0  0.0239219039581160843  0.0040959736263565085
5093.0  0.0241777514026299475  0.0039363345327086416
5110.0  0.0220099031783724773  0.0036677597537723363
5127.0  0.0235091772678208098  0.0034349373195060617
5144.0  0.0226161148700353490  0.0031927398449666804
5162.0  0.0210390275916351802  0.0030150282411580270
5179.0  0.0206146938413539968  0.0028183402835830944
5196.0  0.0197515637027343739  0.0026989064290124818
5213.0  0.0243979780743447186  0.0025895867435634158
5231.0  0.0319994025947141214  0.0024699086562918211
5248.0  0.0257960553556527659  0.0023885626767038348
5266.0  0.0263152176647174843  0.0022854984134559110
5283.0  0.0306350977817443255  0.0022021211145124473
5301.0  0.0241560987485671431  0.0021141523896091078
5318.0  0.0247205588426560700  0.0020769015396965495
5336.0  0.0294140738507445050  0.0020603289775317705
5354.0  0.0266674396645523483  0.0020132076411626338
5372.0  0.0345559761324380488  0.0019674527145254932
5390.0  0.0282377619634269668  0.0019089578688937933
5408.0  0.0383878180737527719  0.0027663827153289709
5426.0  0.0380094404586298687  0.0019133058501599660
5444.0  0.0419587746981639545  0.0018278628988007385
5462.0  0.0387036771137528393  0.0017925491010282206
5480.0  0.0454130622265519548  0.0017695651892824190
5498.0  0.0459802931156239533  0.0017282162099215707
5517.0  0.0537876101638134901  0.0017025468470522676
5535.0  0.0531386372724044834  0.0016604837984113192
5553.0  0.0527229620688582923  0.0016309982614997386
5572.0  0.0507817105116359566  0.0015908881325337383
5590.0  0.0501994071934447270  0.0015537000123378266
5609.0  0.0427122730292299191  0.0014942082917419725
5628.0  0.0409431676615101547  0.0014766324060547856
5647.0  0.0376626778427256587  0.0014452535281760126
5665.0  0.0360294412239792888  0.0014095398736706176
5684.0  0.0317101028691027312  0.0013962384866811795
5703.0  0.0338896496101988923  0.0014884474776492129
5722.0  0.0247551229466172369  0.0016396750833523987
5741.0  0.0271598809550201437  0.0013432851024612559
5760.0  0.0284794065489302889  0.0013247837319726463
5780.0  0.0330681331939423478  0.0013063015937573974
5799.0  0.0332561705650652045  0.0012943675765274627
5818.0  0.0351363558579532997  0.0012586286277652390
5838.0  0.0395745886252137011  0.0012377147251943759
5857.0  0.0379711535319320892  0.0012190511808630347
5876.0  0.0369018015479635406  0.0011834922376713218
5896.0  0.0312868138034564716  0.0011283399226303013
5916.0  0.0316071811522672316  0.0011188506362728068
5935.0  0.0235248028037494533  0.0010906779666329911
5955.0  0.0256181479572837288  0.0010856407611652900
5975.0  0.0250566396004387668  0.0010666872448178899
5995.0  0.0215882904201426286  0.0010416821132942244
6015.0  0.0207112109387297162  0.0010198265099331343
6035.0  0.0206458447706757246  0.0010104050523734116
6055.0  0.0179327188608290750  0.0010162422613837017
6075.0  0.0189206745876344742  0.0009978642184801491
6095.0  0.0171186119653331179  0.0009894515254060352
6116.0  0.0173427662250742361  0.0011411740736649192
6136.0  0.0130277800005498112  0.0009149193272051871
6157.0  0.0163695039232155948  0.0009109083039802715
6177.0  0.0155293447155970318  0.0009561173141476910
6198.0  0.0195879795286717368  0.0008764869474578790
6218.0  0.0158597893571510822  0.0008508260231570641
6239.0  0.0175267834315739231  0.0008460768187649504
6260.0  0.0181933696228869859  0.0008370789624511469
6281.0  0.0195622971943900867  0.0008510204177026604
6302.0  0.0206985914349774591  0.0008437999591865501
6323.0  0.0206468473495543536  0.0008197770453170290
6344.0  0.0224811053223794161  0.0008380198909318467
6365.0  0.0247003027964353451  0.0008240840282352568
6386.0  0.0279788420550164466  0.0008155782920999993
6407.0  0.0299880541522030107  0.0008023125016693939
6429.0  0.0326332535689789482  0.0007990671588600764
6450.0  0.0355959795919228994  0.0007992392047010115
6471.0  0.0352104716434165216  0.0007886112717010495
6493.0  0.0369762086254390651  0.0007794914821151163
6515.0  0.0374198037262824246  0.0007802666918277218
6536.0  0.0371778494617069979  0.0007740347052363202
6558.0  0.0346819332844491360  0.0007740583000463584
6580.0  0.0348957379263621775  0.0007682993527432781
6602.0  0.0338208422788462484  0.0007496773689668813
6624.0  0.0313280899259615886  0.0007998202826282817
6646.0  0.0275136740294305744  0.0007509271702517636
6668.0  0.0251236692697883700  0.0008562628917643168
6690.0  0.0226319404695651399  0.0007754550525744798
6713.0  0.0180655064253711778  0.0007265610138000902
6735.0  0.0169427050657864828  0.0006964947985549872
6757.0  0.0156620467075909049  0.0006725694725296478
6780.0  0.0145792583397573224  0.0006609604527626087
6803.0  0.0141489314149702144  0.0006479616880229077
6825.0  0.0150686337119655036  0.0006379306481634971
6848.0  0.0158681119749458990  0.0006450144221062721
6871.0  0.0154666168433016827  0.0006395995013212318
6894.0  0.0144579031257292424  0.0006278215352592280
6917.0  0.0147096922794019043  0.0006289369250266462
6940.0  0.0133011752215586067  0.0006237669947284556
6963.0  0.0136201230951284447  0.0006300336293818964
6986.0  0.0144576072472258812  0.0006186285013244937
7009.0  0.0124214966681500099  0.0006360471964246990
7033.0  0.0144290854927781077  0.0007571625255432553
7056.0  0.0147061007167059998  0.0007344739674985961
7079.0  0.0127471916990958157  0.0006610564347641778
7103.0  0.0134187266452785638  0.0007043385527592534
7127.0  0.0158182878114289695  0.0007075582791590450
7150.0  0.0153067338372144049  0.0006827822087004665
7174.0  0.0185212792217060752  0.0006638175331374917
7198.0  0.0169353514596368541  0.0006150080964549717
7222.0  0.0167380942521251457  0.0006224844220013569
7246.0  0.0178778903740097021  0.0006559629068379572
7270.0  0.0169533862851108906  0.0006290816229919920
7295.0  0.0171732165859909587  0.0006741823151765909
7319.0  0.0185204160390430167  0.0006327753792203372
7343.0  0.0173311347345683521  0.0006586554053219130
7368.0  0.0187930859225714959  0.0010733599778127655
7392.0  0.0242088767122888883  0.0010920586452712582
7417.0  0.0231496917669625733  0.0008794457113024227
7442.0  0.0198335280377951416  0.0006739891512859478
7466.0  0.0183599864100234475  0.0006454511052843867
7491.0  0.0202804649925297752  0.0007678807464072940
7516.0  0.0185195791282194606  0.0007455391602775318
7541.0  0.0177437540974482340  0.0006754540569029216
7566.0  0.0175375321116450766  0.0007297956123546899
7592.0  0.0172564779462439331  0.0007274283136214375
7617.0  0.0177368606956420649  0.0007813060264836128
7642.0  0.0204107961475069113  0.0007606563429272439
7668.0  0.0226200039690694354  0.0007746990985987001
7693.0  0.0231125347731568030  0.0007409614166912070
7719.0  0.0220753774167937976  0.0007439397684202225
7745.0  0.0257465134294473409  0.0007736510742849370
7770.0  0.0234865172888321337  0.0007070977962451698
7796.0  0.0227725269406119299  0.0007071872280554377
7822.0  0.0205565188889554711  0.0006828829758473181
7848.0  0.0211080448064427523  0.0006550554975343083
7874.0  0.0212323784779466541  0.0006434109853236463
7901.0  0.0177438748625583127  0.0006384448033850596
7927.0  0.0179496067980136065  0.0006293911345636126
7953.0  0.0144246756285355930  0.0006255420137474775
7980.0  0.0128096711826511060  0.0006239994955016496
8007.0  0.0122352277213564360  0.0006175622405151281
8033.0  0.0111750271319425217  0.0007817142899647316
8060.0  0.0101689576578738120  0.0007450273765127481
8087.0  0.0124152671811634495  0.0008068324466002800
8114.0  0.0066589824476822124  0.0007069532678086272
8141.0  0.0076945058083861800  0.0007893825327051665
8168.0  0.0079253732696154197  0.0007914849435812765
8195.0  0.0032093652986051975  0.0006821164639807902
8222.0  0.0045108323246222078  0.0006934284554114075
8250.0  0.0043079730842731992  0.0006751724585639134
8277.0  0.0044675198153271475  0.0006030635810154005
8305.0  0.0048869267878756499  0.0006038236066469126
8333.0  0.0034264725167636651  0.0005960584195324284
8360.0  0.0055647093943142758  0.0007319340060936975
8388.0  0.0052413037207449196  0.0007737930213031106
8416.0  0.0067057848969448042  0.0007310403370637671
8444.0  0.0094133072771407662  0.0006078884746456428
8472.0  0.0114931766478824689  0.0006004812716337080
8500.0  0.0150840221483401257  0.0008946930196544762
8529.0  0.0166173757116651021  0.0007586238332174926
8557.0  0.0186061142737106860  0.0009339825007275852
8586.0  0.0211182702519556419  0.0007539072645518824
