#@Telescope UH88 
#@Reference Saunders et al. (2018) 
#@Redshift 0.0  
#@Spectrum Train_SN57_8.dat 
#@SN-Name Train_SN57  
#@Phase 36.569 
#@Survey SNFactory 
#@SN-Type SNIa 
#@Units Flux 
# 
# WAVE : 
# SN_SPEC : 
# SN_ERR : 
#end 
3305.0  0.0130026392880471745  0.0066391069853655614
3317.0  0.0107403915161623058  0.0064881812031922122
3328.0 -0.0037774706668738298  0.0065044716416914842
3339.0 -0.0160368390999753412  0.0063684411439049729
3350.0  0.0119290968856048465  0.0065229199052085239
3361.0  0.0053770421224077552  0.0061920625119951866
3372.0  0.0033918910221726085  0.0059231377637301054
3383.0  0.0086412229687135144  0.0058872583250025269
3395.0  0.0096056512127061493  0.0058534964896186517
3406.0  0.0042615872676747086  0.0056107803468582211
3417.0  0.0045648912581459063  0.0057119534397864838
3429.0  0.0072149017066176309  0.0055746329764138789
3440.0  0.0132103254141025077  0.0053041356934355475
3452.0  0.0078395258985735714  0.0050691930673028495
3463.0  0.0036034178818149984  0.0049969318665505037
3475.0  0.0075005761517481333  0.0050758445129382443
3486.0  0.0063927914693886426  0.0049667872834852269
3498.0  0.0133864230441621060  0.0049887099850241881
3509.0  0.0053383505915859386  0.0049726380413572160
3521.0  0.0145428914061227314  0.0049172266634720805
3533.0  0.0097473401581269180  0.0047287877377173966
3545.0  0.0169857982278303898  0.0046831089498720717
3556.0  0.0117432353813156209  0.0045121749782701072
3568.0  0.0076937954466178952  0.0043404384900795120
3580.0 -0.0013935866619255550  0.0041222170938381162
3592.0  0.0074323429717382591  0.0041920908423802722
3604.0  0.0019939673987015615  0.0040212191279900625
3616.0 -0.0046978336661087847  0.0038353070708800688
3628.0  0.0030409832733049756  0.0040733945088733316
3640.0  0.0122901381445468614  0.0041651683184262579
3652.0  0.0084565057360947403  0.0039981525699480840
3664.0  0.0153062710175489048  0.0040586067586968200
3677.0  0.0158987081634105673  0.0040117398861642308
3689.0  0.0157253772889303575  0.0039516883464121967
3701.0  0.0030786008739842672  0.0037749678049867415
3714.0  0.0077302205656738154  0.0038262263971239802
3726.0  0.0080011764169312348  0.0038152099121737709
3738.0  0.0076674133877773351  0.0038923054550368693
3751.0  0.0137976551602131490  0.0043015217484125698
3763.0  0.0079140120638519981  0.0039052810435461233
3776.0  0.0099215734376189909  0.0035045142294534383
3788.0  0.0060393932164812545  0.0034160359472138143
3801.0  0.0015429776948290912  0.0033500795770351820
3814.0  0.0085460978905588514  0.0034410296674725568
3826.0  0.0111537893681397018  0.0034409059874867284
3839.0  0.0116361938048409087  0.0035977787598621101
3852.0  0.0147033571371374319  0.0036628673180101154
3865.0  0.0149622854658220776  0.0035294061585198246
3878.0  0.0209621555157993196  0.0034395380617399411
3891.0  0.0146594085860593058  0.0033131755979437386
3904.0  0.0154750609897115147  0.0032892189476080289
3917.0  0.0270137247666206622  0.0033378847500355065
3930.0  0.0186469631098068363  0.0032333382997884034
3943.0  0.0218824547153798898  0.0032364482667509705
3956.0  0.0269931898768236526  0.0032315419116865211
3969.0  0.0257605311176674102  0.0031229982230585483
3982.0  0.0184700566449256046  0.0030987989896370033
3995.0  0.0179167787643183737  0.0030492552265651432
4009.0  0.0197110736133651043  0.0030471555888192041
4022.0  0.0171505297221914085  0.0030269844611364345
4036.0  0.0153533467343235728  0.0029382359340976343
4049.0  0.0147372381604745292  0.0028905630229175746
4062.0  0.0126543711541558176  0.0028968183804467637
4076.0  0.0129058080604521532  0.0029216296702913279
4090.0  0.0152005989277335871  0.0028995812445913489
4103.0  0.0183500403783065473  0.0028631121325071148
4117.0  0.0161801338259866985  0.0028589534334442987
4131.0  0.0123230060538839451  0.0028491596880959712
4144.0  0.0129332799586965464  0.0028620493475674156
4158.0  0.0138941943819445891  0.0028824883938522619
4172.0  0.0137096425002532149  0.0028563249587755840
4186.0  0.0086739790179545945  0.0028070439122161719
4200.0  0.0166399340535994880  0.0028361633519629875
4214.0  0.0151805474536762155  0.0028035034545115158
4228.0  0.0057599728746704710  0.0027237058079760262
4242.0  0.0107516555191977756  0.0027700993400268836
4256.0  0.0176991019396671410  0.0027999763718188479
4270.0  0.0125904546014063284  0.0026860695682196555
4284.0  0.0211060999931644809  0.0027429578995153163
4299.0  0.0183682974932906050  0.0026568717001684283
4313.0  0.0118604396678593758  0.0025858253456044009
4327.0  0.0167079930202036764  0.0026306828984544485
4342.0  0.0164749566366895195  0.0026464897593112061
4356.0  0.0049561469265776478  0.0025158216998387660
4371.0  0.0055749542102940938  0.0024946113591422709
4385.0  0.0135805930069309768  0.0025568805061649776
4400.0  0.0123927900329563762  0.0025308629696369381
4415.0  0.0069103417657973443  0.0024682015490960123
4429.0  0.0136964513403480051  0.0025043144501376230
4444.0  0.0087335024986399667  0.0024697933946904648
4459.0  0.0065102748576968969  0.0024478596946531819
4474.0  0.0146802515217293993  0.0024923207228108092
4489.0  0.0173836837109473605  0.0025058778389684144
4504.0  0.0162084154286366508  0.0025471305973274049
4519.0  0.0158512885715639228  0.0025447610988173185
4534.0  0.0231906852892316689  0.0025940686020395915
4549.0  0.0248300381737045703  0.0026032929899528117
4564.0  0.0273555141565955499  0.0026158718909562871
4579.0  0.0283725258474236096  0.0026883801937128519
4594.0  0.0321225825416933050  0.0027282572567428566
4610.0  0.0333846171077537626  0.0027821573942423635
4625.0  0.0369047223460496135  0.0029233397328305671
4640.0  0.0294658881416608974  0.0029263623977918841
4656.0  0.0296241862453441342  0.0030699131760362564
4671.0  0.0134971948798283566  0.0031597109192095145
4687.0  0.0162892815208738224  0.0035116407403901128
4703.0  0.0209065524169926124  0.0038410946152289197
4718.0  0.0119795489418825785  0.0040592397678864880
4734.0  0.0134413023727543643  0.0042551988190254854
4750.0  0.0106834220404065459  0.0042920073754490005
4766.0  0.0023272385680676603  0.0041366140241469486
4781.0  0.0081439662684796525  0.0037654642127148636
4797.0  0.0115449574577640851  0.0037074950607655769
4813.0  0.0129645833500645086  0.0037383814590822547
4829.0  0.0015427602421360640  0.0050068086466746537
4846.0  0.0123352644204273720  0.0052603147403705967
4862.0  0.0119310272425635026  0.0041005311374490835
4878.0  0.0148925036409841092  0.0036834233324671553
4894.0  0.0135555651735136153  0.0035266312416530566
4910.0  0.0235088728285569523  0.0036401695445513632
4927.0  0.0228603016428450649  0.0035511052627824904
4943.0  0.0263113433592848389  0.0033888287497896548
4960.0  0.0258461178881936766  0.0031490041691884076
4976.0  0.0196932030244109137  0.0028682059503185604
4993.0  0.0245422979098917880  0.0027511722079264470
5009.0  0.0232119149243565116  0.0025835313656864972
5026.0  0.0180389138476122479  0.0023952649201875540
5043.0  0.0122360334505538619  0.0022427146030199103
5060.0  0.0170770737062832627  0.0021914238142114991
5076.0  0.0176026314177056831  0.0021412898479195382
5093.0  0.0177430108240336920  0.0020883140703219787
5110.0  0.0120533634161383418  0.0019305754744697334
5127.0  0.0133039911668672260  0.0019128868678279947
5144.0  0.0159623908101951331  0.0018954058401821846
5162.0  0.0205320210117048360  0.0018835052926368216
5179.0  0.0151590299938397267  0.0017865818940118231
5196.0  0.0232192736644430964  0.0018543355847922599
5213.0  0.0282198046571993759  0.0018576380373338222
5231.0  0.0200544704080030389  0.0023648381122439582
5248.0  0.0234688601738663738  0.0017784916754720465
5266.0  0.0331990612095686977  0.0017913770619839397
5283.0  0.0332750854464867740  0.0017373468781650657
5301.0  0.0345925688827093611  0.0017044266883415305
5318.0  0.0353288075414617750  0.0017113963857778415
5336.0  0.0361855101258564613  0.0016991522238944121
5354.0  0.0381475299890491337  0.0016911968561601342
5372.0  0.0367696686617479118  0.0016442429335319178
5390.0  0.0387232407503601897  0.0016158864497317995
5408.0  0.0430396286781600940  0.0016252324344719809
5426.0  0.0392221741596821410  0.0015800669461786016
5444.0  0.0416317278106206612  0.0015774910868484671
5462.0  0.0401173412313987204  0.0015688126425744784
5480.0  0.0484071614671375827  0.0016003089108098784
5498.0  0.0497925940447283902  0.0016073888139970299
5517.0  0.0539899941177933440  0.0018831021947773340
5535.0  0.0558274495611945643  0.0018105994028902485
5553.0  0.0535017169044374602  0.0016070381334271663
5572.0  0.0543956948056365311  0.0015974471470547799
5590.0  0.0519090341482827886  0.0015379130205596247
5609.0  0.0471311136522856652  0.0014787549255509734
5628.0  0.0438579787325078727  0.0014245289947458382
5647.0  0.0424489787097158192  0.0013761388203529291
5665.0  0.0351891537961009360  0.0012977219935921302
5684.0  0.0354837562588529026  0.0012693169569484534
5703.0  0.0319570285228814727  0.0012163918834310866
5722.0  0.0319475410962815690  0.0012034340886833124
5741.0  0.0335444474364291131  0.0011922352890723882
5760.0  0.0336572166161340919  0.0011771525480383752
5780.0  0.0355821270348589680  0.0011765883482180370
5799.0  0.0364577997529380929  0.0011809562249099400
5818.0  0.0403335579585816853  0.0011830353456563972
5838.0  0.0396178876932433977  0.0011974842911067166
5857.0  0.0434283502530399546  0.0012385708395156948
5876.0  0.0432647235864545635  0.0012116300710886473
5896.0  0.0394472774179799035  0.0011972232368984198
5916.0  0.0327814137829640778  0.0011696549042247680
5935.0  0.0293179085809773671  0.0010919102001302353
5955.0  0.0318957229700734396  0.0010841999410707360
5975.0  0.0299762983896984143  0.0010538066392645406
5995.0  0.0268771436982062698  0.0009992754943168286
6015.0  0.0210589438077811060  0.0009452843161601609
6035.0  0.0224400627784841628  0.0009359271469418109
6055.0  0.0215216424576040316  0.0009437884272385404
6075.0  0.0240256493125643074  0.0009395526924503249
6095.0  0.0237415660193499786  0.0009455260338190011
6116.0  0.0221329537169184382  0.0008925828402280805
6136.0  0.0227969323128692988  0.0009156640777302054
6157.0  0.0259858023770337503  0.0009172320200012275
6177.0  0.0241389414230559658  0.0008867412164848556
6198.0  0.0272317335608181672  0.0008744833645729336
6218.0  0.0254168361953234535  0.0008485434599432295
6239.0  0.0235340884536393465  0.0008213330406264699
6260.0  0.0251733495028586066  0.0008242846844651332
6281.0  0.0220719287609893837  0.0008054274560366243
6302.0  0.0205119063356151675  0.0007859879622132550
6323.0  0.0239503409599134652  0.0008062320411607756
6344.0  0.0242014132160372104  0.0007952963749567521
6365.0  0.0261321840712236513  0.0007976573171741777
6386.0  0.0269071809344065757  0.0008040102227813923
6407.0  0.0308631025347803206  0.0009476938959978740
6429.0  0.0341851184942273054  0.0009335136174337253
6450.0  0.0388441346852303956  0.0009945721922103442
6471.0  0.0388184630762648808  0.0009347281614709390
6493.0  0.0420332281169121039  0.0009340520896558816
6515.0  0.0445357324943911198  0.0009404008432621232
6536.0  0.0474673033945745490  0.0009244049835060253
6558.0  0.0430071809610708122  0.0008749797660116175
6580.0  0.0404648666162027576  0.0008696931455592215
6602.0  0.0406908543348519988  0.0008587248206024723
6624.0  0.0370900258360493812  0.0008214276655632295
6646.0  0.0345320763708371545  0.0008102919396709513
6668.0  0.0323631613877086513  0.0007783343611063032
6690.0  0.0286732396426835762  0.0007611030047198678
6713.0  0.0262828641730185678  0.0007477250968541466
6735.0  0.0220270911022970722  0.0007339145066394310
6757.0  0.0182785863897373113  0.0006962414559571457
6780.0  0.0172264625207775336  0.0008435066607081087
6803.0  0.0202609411778310079  0.0008843027631010284
6825.0  0.0187695258428946764  0.0009469625914220639
6848.0  0.0201454677958009844  0.0008215942680179944
6871.0  0.0206127711734843677  0.0008806930366382143
6894.0  0.0197561678538283290  0.0008555678697776802
6917.0  0.0186626353205140427  0.0008238086539103559
6940.0  0.0176981734743287891  0.0007936969219904801
6963.0  0.0162089235803619530  0.0007083318347618406
6986.0  0.0174884048635878218  0.0007010682125824998
7009.0  0.0153968156833394314  0.0007801168206267212
7033.0  0.0163319863352372717  0.0006729348475079435
7056.0  0.0159305645280983371  0.0007841964662447966
7079.0  0.0152349888445292257  0.0006845016950148641
7103.0  0.0149091769942378514  0.0007488013504043841
7127.0  0.0171053507595937092  0.0011458161340967131
7150.0  0.0161437414773190659  0.0009831375531748829
7174.0  0.0171121518176061208  0.0008174677900440918
7198.0  0.0184725541933383128  0.0007051430659629432
7222.0  0.0176524447610957175  0.0008331512357995232
7246.0  0.0222326569265284685  0.0008882832308043403
7270.0  0.0221043001566685014  0.0009521012291335243
7295.0  0.0232645446904951002  0.0008314945290125500
7319.0  0.0244089856506007029  0.0009134794816697674
7343.0  0.0213347406020676089  0.0009054035566940945
7368.0  0.0240139287860834973  0.0010535059324640254
7392.0  0.0231806112206033796  0.0009405801058942014
7417.0  0.0230639650801479981  0.0010101189362438894
7442.0  0.0229736749281774962  0.0008592992933123964
7466.0  0.0241580003144555612  0.0009259328329659012
7491.0  0.0246888409319400495  0.0009769570599258712
7516.0  0.0253397523339088243  0.0008800598353747961
7541.0  0.0237671608245946485  0.0007789334237428517
7566.0  0.0204903040198515657  0.0007926591190665543
7592.0  0.0203871293898781197  0.0007627457573185746
7617.0  0.0209825215424770117  0.0007025453770509259
7642.0  0.0214266652856870826  0.0007406808246840334
7668.0  0.0240914296471807059  0.0007367217065765217
7693.0  0.0270518953149515504  0.0007412866150237091
7719.0  0.0271062587380680557  0.0007478520957396256
7745.0  0.0294200558171955513  0.0007541453149555067
7770.0  0.0297920372915956196  0.0011765117820854919
7796.0  0.0282040451239675659  0.0008655411419111436
7822.0  0.0275153904542803432  0.0011746408402529096
7848.0  0.0262117923945945665  0.0008890521055026849
7874.0  0.0208659188851204463  0.0010084683319105088
7901.0  0.0217559632084865194  0.0010855913817529709
7927.0  0.0209543068828733255  0.0009742472795028676
7953.0  0.0168965384069402480  0.0007838329772392757
7980.0  0.0156946491973323117  0.0008347827777062390
8007.0  0.0144122581110624152  0.0007575556455450170
8033.0  0.0137173496702671562  0.0006509273756195853
8060.0  0.0128804233922246471  0.0006955129808863328
8087.0  0.0130790172742029417  0.0008813103112737772
8114.0  0.0101459660816468691  0.0008867653624186230
8141.0  0.0068724968083344910  0.0007388289879037342
8168.0  0.0047351632151981541  0.0005955637316681825
8195.0  0.0026265577357599480  0.0005700202730408348
8222.0  0.0028267848734456632  0.0012880033338374453
8250.0  0.0042149503386527390  0.0007131528361221351
8277.0  0.0041425326618480095  0.0012801264350179133
8305.0  0.0104040111726258436  0.0008550651671707481
8333.0  0.0099424014206776924  0.0010799523579164449
8360.0  0.0079375687763616302  0.0011681461158888271
8388.0  0.0104081986346363196  0.0010487558275935212
8416.0  0.0161354539727102883  0.0008662803628880349
8444.0  0.0211489577686854308  0.0009902911420740009
8472.0  0.0243377699136732573  0.0008881489887887108
8500.0  0.0234247229936990660  0.0008092696412535709
8529.0  0.0246947805332076581  0.0008632364301707752
8557.0  0.0237777354420780594  0.0007708358312447886
8586.0  0.0237668027829914252  0.0008383898676098499
