#@Telescope UH88 
#@Reference Saunders et al. (2018) 
#@Redshift 0.0  
#@Spectrum Train_SN11_3.dat 
#@SN-Name Train_SN11  
#@Phase -3.804 
#@Survey SNFactory 
#@SN-Type SNIa 
#@Units Flux 
# 
# WAVE : 
# SN_SPEC : 
# SN_ERR : 
#end 
3305.0 0.068383631649165721    0.00391151399034679170
3317.0 0.066496989068889512    0.00387882035367319040
3328.0 0.073147607842597093    0.00368014688168373126
3339.0 0.075710960948539116    0.00366354145250474524
3350.0 0.076517239386667490    0.00352394354396968991
3361.0 0.084311570664000704    0.00337801360989502036
3372.0 0.093260525404334424    0.00341679156915225763
3383.0 0.095349091260112734    0.00341787856421719907
3395.0 0.092510089808641088    0.00335039486939198985
3406.0 0.102523437249525493    0.00327068587388925020
3417.0 0.099683673825839106    0.00339824412413546051
3429.0 0.106819326046114729    0.00333758946655551879
3440.0 0.114591305133318111    0.00315668368181448028
3452.0 0.124981879848923422    0.00328921234296101605
3463.0 0.127663483622688645    0.00330214722855765898
3475.0 0.130497961214781383    0.00320249886491670577
3486.0 0.129775999176143242    0.00308338981710199519
3498.0 0.128875110431687478    0.00294911118591935145
3509.0 0.126910211958925212    0.00313242882877989674
3521.0 0.122397054551898907    0.00299732565036471294
3533.0 0.119965405518345170    0.00297906713023140049
3545.0 0.125957575514825310    0.00295454797139305808
3556.0 0.120538120245028774    0.00287351173960654791
3568.0 0.112334005557210820    0.00290132401242416613
3580.0 0.090321941944454365    0.00274380368482043642
3592.0 0.086375124385243640    0.00261777084762599256
3604.0 0.068385886183112671    0.00254416679024317563
3616.0 0.058655317000302777    0.00240635727684063942
3628.0 0.053643953665664414    0.00235262848563395997
3640.0 0.044559297166387402    0.00225688057308989993
3652.0 0.041673842960604071    0.00220937543118046283
3664.0 0.046874066523953303    0.00227047738743960505
3677.0 0.043511092176299261    0.00226714243660518884
3689.0 0.047496764481169094    0.00238584906732627238
3701.0 0.047021222382376070    0.00221631149806745045
3714.0 0.049077897377478169    0.00223599883301270818
3726.0 0.056828992528260847    0.00208936062855641543
3738.0 0.070850660621623082    0.00199870991999099006
3751.0 0.081918270142337435    0.00216625165055368959
3763.0 0.092918989476242206    0.00215578732223364530
3776.0 0.101995055830906789    0.00217032266915483628
3788.0 0.113041195870737424    0.00221721095193926207
3801.0 0.123386691353255640    0.00237443311700634343
3814.0 0.135915749516656609    0.00239076751754672533
3826.0 0.158131135204967077    0.00231986819389034789
3839.0 0.163658119177242184    0.00214348528256526252
3852.0 0.169626806991531848    0.00234719952233473136
3865.0 0.168990365853592672    0.00229445738408947135
3878.0 0.169814456392907959    0.00228661991588146804
3891.0 0.170384027849118658    0.00246845605567433098
3904.0 0.169919141898292908    0.00250636999205599209
3917.0 0.164302348062459025    0.00257167683315934724
3930.0 0.163847428251138127    0.00245855794801103046
3943.0 0.169063566913350088    0.00232512049894304787
3956.0 0.166269382062707721    0.00225364240066394271
3969.0 0.167892443537167868    0.00218954444382827521
3982.0 0.173165464382536077    0.00227033642947970567
3995.0 0.178885413239451979    0.00228227780322373978
4009.0 0.185362783122145963    0.00235340200529986741
4022.0 0.192046757433303100    0.00244179444227441214
4036.0 0.188270439448146837    0.00235373116852626192
4049.0 0.187659253278210147    0.00223476689943690561
4062.0 0.185155130593994105    0.00222147717241179049
4076.0 0.180382044064339636    0.00216466798306806088
4090.0 0.174010780447771657    0.00210258655329733247
4103.0 0.173108546873417590    0.00206374755863813477
4117.0 0.167632194813160634    0.00202919169671871968
4131.0 0.165597665058028559    0.00201283494051017345
4144.0 0.164273221453827417    0.00201583798775861441
4158.0 0.154234746580897086    0.00199138403212390696
4172.0 0.143817099411650690    0.00193235187838411426
4186.0 0.127149900588394871    0.00184363927185013940
4200.0 0.109459453501591294    0.00169919290357306184
4214.0 0.097466854125954336    0.00174551200539360056
4228.0 0.090853286481729426    0.00171362485479095174
4242.0 0.086691449957337033    0.00171161693576919239
4256.0 0.080870343389326346    0.00172707201584060862
4270.0 0.081843752788584953    0.00166590897177978578
4284.0 0.085656684943700448    0.00164125917378379763
4299.0 0.091156221030877685    0.00164320066452108035
4313.0 0.095198872818368835    0.00167493710121194902
4327.0 0.106451256986908091    0.00170311172820064452
4342.0 0.116095388022159685    0.00174281988980719781
4356.0 0.129735970693824337    0.00175635982736191865
4371.0 0.133256246320421073    0.00175486495916119347
4385.0 0.128288983444736410    0.00173569678838399319
4400.0 0.129093540181315414    0.00176411393745698518
4415.0 0.131830265754612180    0.00172499077102251301
4429.0 0.144384320352949624    0.00175303264485791475
4444.0 0.158568206894711128    0.00178742920439699227
4459.0 0.161971888168656403    0.00177724634158530118
4474.0 0.161262684822800401    0.00176291646962153025
4489.0 0.158927585620914774    0.00174533396844048271
4504.0 0.158807507406535264    0.00175552182194670960
4519.0 0.153103112429345656    0.00172692967705228911
4534.0 0.153659350753999835    0.00169634858942741364
4549.0 0.147310879898221697    0.00166806646854852111
4564.0 0.135548071557279909    0.00162644117432003557
4579.0 0.121273278224702935    0.00159362669482639900
4594.0 0.114642158033717301    0.00155732443351292555
4610.0 0.113386394548819755    0.00155535151976039072
4625.0 0.105708926265047243    0.00153758993961373362
4640.0 0.099460346017934048    0.00149408973090018661
4656.0 0.090294209366377706    0.00145619624059789652
4671.0 0.087159678008153052    0.00145492277909206602
4687.0 0.084344760373348329    0.00145059535228124156
4703.0 0.082980167708506011    0.00143562749418792461
4718.0 0.085224818280454015    0.00141250253451950933
4734.0 0.084647257828054920    0.00138311672976934564
4750.0 0.087611474478795512    0.00137836103359298911
4766.0 0.083202453949920527    0.00139752768557494791
4781.0 0.080386786637831609    0.00140308196848760330
4797.0 0.074006892637152669    0.00138263526851527632
4813.0 0.070460587214432421    0.00139191672880647523
4829.0 0.069912393839055648    0.00141846774839426005
4846.0 0.066921284299095107    0.00143983965011105141
4862.0 0.062377800228586029    0.00148612479186813131
4878.0 0.069914403211956938    0.00156244651665075939
4894.0 0.067319434279077578    0.00163708901527932923
4910.0 0.073637625477165722    0.00178970517969630162
4927.0 0.076183199476366523    0.00194826315698521063
4943.0 0.079147710583124850    0.00205214748738033600
4960.0 0.077609807563824143    0.00202096886191767845
4976.0 0.083925424612592905    0.00180726748837685023
4993.0 0.088204634023045514    0.00170385120653119399
5009.0 0.102034319227793560    0.00169839525243730728
5026.0 0.106079875407355639    0.00243331395929046335
5043.0 0.118827802256064971    0.00267969402421157051
5060.0 0.123524797675408776    0.00231582529660044872
5076.0 0.128486191386220888    0.00206119670292659752
5093.0 0.126905377909026257    0.00190025347863422033
5110.0 0.124506147530173417    0.00185644639007589811
5127.0 0.125316112546710490    0.00182000645131581620
5144.0 0.122244897650098092    0.00176187867990264843
5162.0 0.120407778951138106    0.00170901653084843752
5179.0 0.112334107335279446    0.00158858048378559451
5196.0 0.104065773011192339    0.00149788885411242419
5213.0 0.098408518555102825    0.00139951261159621584
5231.0 0.097099762068920722    0.00134119955631092458
5248.0 0.090773120451221073    0.00129164618028881689
5266.0 0.093961343847992457    0.00125120346233940330
5283.0 0.091497906049173655    0.00120450235416117574
5301.0 0.093443752401413865    0.00117293507694732303
5318.0 0.097500140648256003    0.00116513046193610190
5336.0 0.095913094867197679    0.00114016185563819072
5354.0 0.093896057516229217    0.00111863381903486657
5372.0 0.089874097895460331    0.00108305868045073159
5390.0 0.088961242309563926    0.00105766856741798011
5408.0 0.085874746574367972    0.00102905394421817700
5426.0 0.090278408440393920    0.00103583358426663388
5444.0 0.096465642234851073    0.00122508949559063077
5462.0 0.101399498358978934    0.00101886485992677927
5480.0 0.107947704346797027    0.00101872513550160739
5498.0 0.111372110209027556    0.00100158445457989046
5517.0 0.114074905751624531    0.00098036998611214618
5535.0 0.116622708559815727    0.00096782471854680663
5553.0 0.117980248859027456    0.00095864989947266920
5572.0 0.115765764758511275    0.00094465381915605066
5590.0 0.114516087498556782    0.00092062868135357008
5609.0 0.113943037755521254    0.00089680584557271382
5628.0 0.112058478904548661    0.00088643153094215268
5647.0 0.109123850983394347    0.00086183907368737357
5665.0 0.110545055021133001    0.00085533945721906327
5684.0 0.108476847755880401    0.00084400532497549757
5703.0 0.108870594748894184    0.00083318195127381981
5722.0 0.104560107407561012    0.00081644152185399719
5741.0 0.104086322403234344    0.00083966742390265028
5760.0 0.102821971615989993    0.00080614364437786047
5780.0 0.103199906948334807    0.00078554910183490203
5799.0 0.105073577439575919    0.00078240145378673004
5818.0 0.105623563841369617    0.00076736536574312589
5838.0 0.100876298469279271    0.00075218495516145810
5857.0 0.098595333611593408    0.00074179371251385502
5876.0 0.086215024388502939    0.00069908550545146747
5896.0 0.071352175209278931    0.00065288512775201380
5916.0 0.067508389446734041    0.00063673259299517389
5935.0 0.060232083859626133    0.00061486365344400756
5955.0 0.053753440134641277    0.00059685134015268469
5975.0 0.050444501880514379    0.00058304879858488905
5995.0 0.047566201039254657    0.00057087828331440127
6015.0 0.046816096081380092    0.00055862963307880145
6035.0 0.049976214998049537    0.00056196588947993013
6055.0 0.049644186259946523    0.00055785894891723325
6075.0 0.050470728695835035    0.00055426406465750098
6095.0 0.053446799406298998    0.00054862183160134389
6116.0 0.059459400059387428    0.00055226739448161778
6136.0 0.068377408114101576    0.00056532000118033297
6157.0 0.074375859613455442    0.00057142675401675690
6177.0 0.082105279409157489    0.00058175029127052855
6198.0 0.086885300821250275    0.00057938995765069803
6218.0 0.091320402394831426    0.00058126538513307807
6239.0 0.096392987773643649    0.00058578720470674975
6260.0 0.098099673883042568    0.00058199264793504344
6281.0 0.097776589969551339    0.00058115203881936963
6302.0 0.099632471123789368    0.00058183964591459851
6323.0 0.098663632704144952    0.00057346655713242821
6344.0 0.097665477499851563    0.00057003783642124684
6365.0 0.095533523685096045    0.00055700150895223420
6386.0 0.092624773887249226    0.00054914313325949251
6407.0 0.090852023958874900    0.00053710550764079839
6429.0 0.088000125029864790    0.00052704610120995034
6450.0 0.082114635875049677    0.00051575153810742760
6471.0 0.081311502872757097    0.00050659700994978732
6493.0 0.077986106308042244    0.00049301997787028001
6515.0 0.075031924402722827    0.00048689796977973104
6536.0 0.073607113238936109    0.00048628729411506570
6558.0 0.074419011481380637    0.00052058680864507274
6580.0 0.071134972119321363    0.00048572078122672858
6602.0 0.070485789598143514    0.00046827007755949942
6624.0 0.067104627182164728    0.00045861153146060978
6646.0 0.063852290776562889    0.00045025413902836047
6668.0 0.064281483443551751    0.00045401394124310545
6690.0 0.060504975528524997    0.00044720082076673022
6713.0 0.061010332734867230    0.00046989482644797554
6735.0 0.058983815915709392    0.00044229535961232976
6757.0 0.056625554275632976    0.00042188829422789572
6780.0 0.054709368802398572    0.00041480644033692354
6803.0 0.054466390068592080    0.00041032003290449932
6825.0 0.054676592616444114    0.00040271673552688214
6848.0 0.053223174402372647    0.00039920138491379953
6871.0 0.053234905197455308    0.00039753966886479057
6894.0 0.052750521277752364    0.00039583905393728854
6917.0 0.051995844934438443    0.00039254112966511566
6940.0 0.050732045167248704    0.00038623962024929450
6963.0 0.049606865420339194    0.00038417871919857981
6986.0 0.050481066665545388    0.00038140863643425297
7009.0 0.051185354655544184    0.00038674871005618975
7033.0 0.049638112404800178    0.00038086044587778609
7056.0 0.049737219033343591    0.00038957338355035965
7079.0 0.049385608995179776    0.00038539561007647666
7103.0 0.048773098429004909    0.00039490898922178242
7127.0 0.047993038187159894    0.00038222652121163467
7150.0 0.047605891329082425    0.00037974118073633113
7174.0 0.046257522612003728    0.00037173144376289555
7198.0 0.045580077061958220    0.00036674512925221475
7222.0 0.044349921074340742    0.00036394098228171152
7246.0 0.043250425226619836    0.00035710907759901368
7270.0 0.041573791099285620    0.00035237217954231910
7295.0 0.039385536829209526    0.00035524622665023567
7319.0 0.037420220128958639    0.00034738392768088799
7343.0 0.037593977980775482    0.00035377437340543771
7368.0 0.036227031151211550    0.00034018498081503758
7392.0 0.036525829854353146    0.00034529950938277904
7417.0 0.035904383128100369    0.00050928580673918994
7442.0 0.037305385097654326    0.00043958092771815226
7466.0 0.037229605175372077    0.00038678132544014911
7491.0 0.037329227616880387    0.00034734150600787485
7516.0 0.037689470642653038    0.00035750090824911623
7541.0 0.037367350641536110    0.00035110745669659078
7566.0 0.036886012420745511    0.00036237660458933593
7592.0 0.037135380285004106    0.00035285922389136824
7617.0 0.037993831513575951    0.00035556720043219714
7642.0 0.037287429257637027    0.00035398947691388097
7668.0 0.037526815655957155    0.00036982573330855012
7693.0 0.037043342162682492    0.00035393899000274817
7719.0 0.038405139284296494    0.00036574566898402053
7745.0 0.037763002994224158    0.00034627955305775043
7770.0 0.037758806824735584    0.00035487717566152918
7796.0 0.036089094213657628    0.00035707502679422232
7822.0 0.033968325110156995    0.00034831348253678071
7848.0 0.031402367061982996    0.00032829551085635460
7874.0 0.028178268493925643    0.00032030668287630300
7901.0 0.025283724815455870    0.00031055624635677669
7927.0 0.021883776304394687    0.00029633499549400850
7953.0 0.021282375837041699    0.00029933186749167535
7980.0 0.020026766335495130    0.00029731377578190769
8007.0 0.017645847124529650    0.00028846113826084499
8033.0 0.017589152680247338    0.00028808564467367170
8060.0 0.018064703526436163    0.00029058732249936014
8087.0 0.018525275778823215    0.00033379659849461056
8114.0 0.019221400713226047    0.00029899457669552913
8141.0 0.021138771481008834    0.00034625088560740749
8168.0 0.022841603527308799    0.00031491202619656394
8195.0 0.025740960377690941    0.00033904524369217528
8222.0 0.026899754462452467    0.00034615196231517974
8250.0 0.028296254714955914    0.00034227884217490409
8277.0 0.031233973125271052    0.00032974865901228164
8305.0 0.032412477348844060    0.00033648089349223674
8333.0 0.034000130266816316    0.00033119252464225239
8360.0 0.036182404869735889    0.00033189366351619819
8388.0 0.037405142676366021    0.00033974941650500125
8416.0 0.039262815155234491    0.00039140256134557495
8444.0 0.039496251544477237    0.00039085656879671527
8472.0 0.038252747404736678    0.00035661360612725292
8500.0 0.039488925510335275    0.00033740438293647628
8529.0 0.037932582001949593    0.00033663307307641132
8557.0 0.038736806286651521    0.00040081202483291254
8586.0 0.036485651119851609    0.00033897747640054517
