#@Telescope UH88 
#@Reference Saunders et al. (2018) 
#@Redshift 0.0  
#@Spectrum Train_SN37_5.dat 
#@SN-Name Train_SN37  
#@Phase 3.804 
#@Survey SNFactory 
#@SN-Type SNIa 
#@Units Flux 
# 
# WAVE : 
# SN_SPEC : 
# SN_ERR : 
#end 
3305.0 0.024259781066944239    0.00211522007482034102
3317.0 0.018589244983407031    0.00200770981412202012
3328.0 0.022615094206645155    0.00201962773240766660
3339.0 0.022217404045262609    0.00193992043266306763
3350.0 0.021186828879347606    0.00188523941689993984
3361.0 0.019016395292188099    0.00180291585395844734
3372.0 0.021906678192252390    0.00174931733372159877
3383.0 0.020310861702189074    0.00171655404507251984
3395.0 0.022049048085360873    0.00169317325950495297
3406.0 0.026886480476956156    0.00168519946027311657
3417.0 0.023366024378114959    0.00168137399914410936
3429.0 0.023083058508898420    0.00164628985907711305
3440.0 0.027104195091757495    0.00161108702891710957
3452.0 0.024641741605652516    0.00155653601396636720
3463.0 0.027470667941816292    0.00157877008327013120
3475.0 0.030140444287682155    0.00156153446561395240
3486.0 0.031747724108778672    0.00153897337501041976
3498.0 0.032849956074789501    0.00155982170114601481
3509.0 0.036806576478054527    0.00157267251222982258
3521.0 0.042765232489530083    0.00162252225190184503
3533.0 0.048152117155043410    0.00164790567046539335
3545.0 0.047040124035256668    0.00158687895981937167
3556.0 0.052208234997230665    0.00159470831760423894
3568.0 0.054873370155590247    0.00158622600334099592
3580.0 0.055017149263485249    0.00155062814874566387
3592.0 0.049797489232515431    0.00145782771157379042
3604.0 0.052088411215427621    0.00144412413545801067
3616.0 0.049092536953879148    0.00139965206957167062
3628.0 0.051345892795262978    0.00140363984833247061
3640.0 0.053728588698182859    0.00140857373461892037
3652.0 0.054473549830735900    0.00142124363334288181
3664.0 0.054571461955189048    0.00141512150358672948
3677.0 0.056341552909185737    0.00141372756645055642
3689.0 0.046616496665006557    0.00133996662927032264
3701.0 0.039088094472725522    0.00124977597976056874
3714.0 0.033206204043879153    0.00115656140958887580
3726.0 0.031371718086042548    0.00110818672417900338
3738.0 0.028651363713081360    0.00105999472318390521
3751.0 0.027191077340792621    0.00104708811336111872
3763.0 0.027323494739555643    0.00102575161686121433
3776.0 0.025685050997952097    0.00099721602068546505
3788.0 0.026289060984917016    0.00102949921353996015
3801.0 0.028736617878718018    0.00106743011642682030
3814.0 0.030756073149508262    0.00105604331552652201
3826.0 0.034073226452790130    0.00106119073145653385
3839.0 0.039173435510367095    0.00108200330304725808
3852.0 0.044603207918988530    0.00110597268086894737
3865.0 0.054012350559041515    0.00116463421728332426
3878.0 0.065891019211003835    0.00121293407883493179
3891.0 0.074207874403884683    0.00127275686219605858
3904.0 0.081001435794344642    0.00136984323116618356
3917.0 0.082555949575706083    0.00142759743912602858
3930.0 0.079377495214270330    0.00133947092188996101
3943.0 0.088249399957343710    0.00132778976847655258
3956.0 0.085573300196934168    0.00127783447207517045
3969.0 0.076327095741801632    0.00119445018137563272
3982.0 0.070607077543359945    0.00116741561197944758
3995.0 0.067625065050934449    0.00116370895482958417
4009.0 0.063960608728491047    0.00116554254331558836
4022.0 0.064538898851509319    0.00116274752366348649
4036.0 0.070315251344376856    0.00115092615090408787
4049.0 0.076421111368929012    0.00114394696116023068
4062.0 0.078781795523242687    0.00115168015747763464
4076.0 0.079598548279517442    0.00115047979453660929
4090.0 0.080497981207382441    0.00113604505799320228
4103.0 0.081031355671095207    0.00112000590804739995
4117.0 0.081567988696365085    0.00111224874724686913
4131.0 0.079704482029966939    0.00110018204642168714
4144.0 0.078777206384876897    0.00110371190235745249
4158.0 0.077002535890837220    0.00109283061711132833
4172.0 0.078682252378242543    0.00110798177090578958
4186.0 0.079167182111403514    0.00109531071019814503
4200.0 0.077457463507054153    0.00107868429396936459
4214.0 0.070476345519469130    0.00103923813316430537
4228.0 0.067644905348212145    0.00102112625432903463
4242.0 0.065088940319408525    0.00100280686218242893
4256.0 0.061318836867728641    0.00096952061853014949
4270.0 0.058089615870268826    0.00093320015523998419
4284.0 0.054051058838929217    0.00089918052493275923
4299.0 0.048673975405372154    0.00085751589729396839
4313.0 0.046012817208301172    0.00083997942291968075
4327.0 0.047446019657772613    0.00085409900149972036
4342.0 0.049515998976821601    0.00087021078305427686
4356.0 0.049727562200685207    0.00086124355605369531
4371.0 0.050685008468398983    0.00085197593376808243
4385.0 0.049674805881125945    0.00084802784608878877
4400.0 0.052748824226913904    0.00086850908524246939
4415.0 0.053972023974651138    0.00086365975991908948
4429.0 0.051741461209828969    0.00084753609087671248
4444.0 0.056124125094931372    0.00086785909292087598
4459.0 0.059982572135240324    0.00088333503065448726
4474.0 0.062743907122356793    0.00089279316173379889
4489.0 0.069392695214083408    0.00092157888342819393
4504.0 0.071447992828079440    0.00092808436151008025
4519.0 0.074344910868028316    0.00094155228757324973
4534.0 0.074982079158626133    0.00093820181599780638
4549.0 0.075881174213726893    0.00094166375995499718
4564.0 0.075682456304480270    0.00093718201899268335
4579.0 0.073800136411678777    0.00093242155089754081
4594.0 0.074576741027939097    0.00092586142419015559
4610.0 0.075267425810873201    0.00091908621373474231
4625.0 0.074839911525343028    0.00092110254556231790
4640.0 0.070734551693490730    0.00089898016854540839
4656.0 0.063138103468392937    0.00085410238361038264
4671.0 0.057424911179421695    0.00082944900723475479
4687.0 0.056701818850889596    0.00083481837585828739
4703.0 0.056910091270117383    0.00083574237624228862
4718.0 0.056544343785477451    0.00082558605167598934
4734.0 0.054437017056985948    0.00081026926218162034
4750.0 0.050545124816914193    0.00079509062884320432
4766.0 0.049416966333857344    0.00079991698898419707
4781.0 0.050239381122164757    0.00080852087208766854
4797.0 0.053785153481835372    0.00083141407869572555
4813.0 0.051743699328625818    0.00083393255060648219
4829.0 0.049292344486200838    0.00083692026980843493
4846.0 0.043106955297359348    0.00082655593451191217
4862.0 0.039030099993279214    0.00083512557589401513
4878.0 0.038911767704654605    0.00087066257241715428
4894.0 0.041589438497970144    0.00094738387533304389
4910.0 0.045384774757709655    0.00105078880076601988
4927.0 0.046911517890064959    0.00114035002316581198
4943.0 0.051108565161059501    0.00119768612221988666
4960.0 0.048171058019799838    0.00116222765691336317
4976.0 0.045329021108510205    0.00102047098899090446
4993.0 0.042976428349015251    0.00098803012679890079
5009.0 0.046083795302591969    0.00100822231029452751
5026.0 0.047085714121584979    0.00161758438902442751
5043.0 0.054509827878418904    0.00163883365028885393
5060.0 0.049539768752918295    0.00130636653749174837
5076.0 0.057188475794455754    0.00121456072843700164
5093.0 0.063288425338689405    0.00120820816081390722
5110.0 0.066475677521617690    0.00119913361219324598
5127.0 0.068571290882648780    0.00118433915143775857
5144.0 0.067682634314832277    0.00113287204274008192
5162.0 0.065256111716981799    0.00107621000293174119
5179.0 0.063633127831961178    0.00100577588579410970
5196.0 0.064538841192431709    0.00096388918266184203
5213.0 0.065964331490549394    0.00092440986745714329
5231.0 0.066425240217254197    0.00089039859117023899
5248.0 0.061597600815940498    0.00085385421160018814
5266.0 0.052739291507654641    0.00078284586829022510
5283.0 0.047686325202513057    0.00072152853236754917
5301.0 0.045328176633634122    0.00068991710674042787
5318.0 0.046724006030255116    0.00068201539575128266
5336.0 0.048386106818443665    0.00067626505490007115
5354.0 0.047691620529070083    0.00065679687717712528
5372.0 0.051638464812748919    0.00066389444616746359
5390.0 0.051870224981634787    0.00065002378437146774
5408.0 0.052950758362029261    0.00064392283715027001
5426.0 0.049521421484939099    0.00062725488045923975
5444.0 0.043860555447531348    0.00066497954193082173
5462.0 0.041655168823457087    0.00057081088945609400
5480.0 0.040557268942762681    0.00055421616483721284
5498.0 0.043371692987593913    0.00055639029778906069
5517.0 0.051015272312146920    0.00057172021528733229
5535.0 0.054964878159328469    0.00057641115490368014
5553.0 0.060780444660928898    0.00059019645201590135
5572.0 0.063990070938665808    0.00059646145519824298
5590.0 0.066798806896913157    0.00059147393865014125
5609.0 0.066094381170641217    0.00057412089714239370
5628.0 0.066432968638560103    0.00056982023585714519
5647.0 0.065512759242024085    0.00055977724314489063
5665.0 0.063682871981166594    0.00054725974875424949
5684.0 0.062142373958073163    0.00053527668102617155
5703.0 0.060755972021276215    0.00052491200628482020
5722.0 0.059271119384335935    0.00051686766568446400
5741.0 0.056719157347778278    0.00052202122986662986
5760.0 0.055635912798513043    0.00049999056397714197
5780.0 0.052263894763246298    0.00047946146344605663
5799.0 0.054431298004127389    0.00048094001941800557
5818.0 0.055789181706381238    0.00047634540323464303
5838.0 0.059476782295900074    0.00048377568684743454
5857.0 0.060904588123985248    0.00048521199837282998
5876.0 0.061048919683245363    0.00047433886208612491
5896.0 0.054800358336437344    0.00044537948484804152
5916.0 0.061717462134792990    0.00046224557706891833
5935.0 0.061330685008593525    0.00045837228303381375
5955.0 0.060746581591114367    0.00045501243289607448
5975.0 0.060749479536713294    0.00045218786859450372
5995.0 0.058998333171087249    0.00044448839021333272
6015.0 0.058876017090408010    0.00043867521603693202
6035.0 0.057650047627365926    0.00043110681586365962
6055.0 0.051660856556919120    0.00040946211056936267
6075.0 0.037510121889260943    0.00036046525928266324
6095.0 0.027158233023977449    0.00031629098524863273
6116.0 0.019300935347963670    0.00027720846360307312
6136.0 0.018742991866821775    0.00030038866787522432
6157.0 0.018827855730350437    0.00028515429993804676
6177.0 0.023815305978054396    0.00028819241827204086
6198.0 0.029786558380527593    0.00031309709105508695
6218.0 0.037760156683691905    0.00033349786748618996
6239.0 0.044576559983724395    0.00034768054442588215
6260.0 0.049980542138165336    0.00035982933075144022
6281.0 0.051590824490630516    0.00036371662311286354
6302.0 0.054336495466291553    0.00037268961488870554
6323.0 0.054929629249441746    0.00036912375967318185
6344.0 0.055943087302187250    0.00037174595180203469
6365.0 0.054807604076533026    0.00036242736806831461
6386.0 0.054997086481846778    0.00036243726337614117
6407.0 0.054009247539283628    0.00035278436397445396
6429.0 0.052450624963957963    0.00034437360138375939
6450.0 0.051055270290803478    0.00033975005712505267
6471.0 0.049605974140287279    0.00033099045049202945
6493.0 0.049043248879260509    0.00032409282601229768
6515.0 0.047233897964411707    0.00031763810790048675
6536.0 0.046540591233144961    0.00031582483784662718
6558.0 0.045423629275530834    0.00031390538830952972
6580.0 0.043807688020012718    0.00030785747386428492
6602.0 0.042861235433423246    0.00030065108206090715
6624.0 0.041954544116656035    0.00029681002056376038
6646.0 0.039777334872652392    0.00029048131715663932
6668.0 0.038759611544025754    0.00029675093925406908
6690.0 0.037602612771382521    0.00029787851100158085
6713.0 0.036856837318328312    0.00030414125185085561
6735.0 0.036537342188313435    0.00028862958995328316
6757.0 0.034421539406089587    0.00027212844489797703
6780.0 0.033059815506800996    0.00026600046170738295
6803.0 0.033309141897533222    0.00026265306223373304
6825.0 0.032360465525000215    0.00025396189426949844
6848.0 0.031468852648463656    0.00025021453559340162
6871.0 0.031063134894182755    0.00024866745285232519
6894.0 0.030555928029715591    0.00024643805135583145
6917.0 0.029618026069307569    0.00024268167414211178
6940.0 0.028465531319619517    0.00023625956620461713
6963.0 0.027956901933881131    0.00023518941753384402
6986.0 0.027770653847413288    0.00023387078681272349
7009.0 0.027664250881288110    0.00024057715877382973
7033.0 0.026743898651067424    0.00023327829602907773
7056.0 0.026451393363694745    0.00025275703609328092
7079.0 0.026956893377335010    0.00024475303742809600
7103.0 0.027254276075151664    0.00026059376337637859
7127.0 0.026188484280982843    0.00024485640171654409
7150.0 0.026310571305122894    0.00024364469443522756
7174.0 0.025646477896297745    0.00023479914702090494
7198.0 0.025313255292679141    0.00023010599382517028
7222.0 0.024792726283656207    0.00022736420813219193
7246.0 0.025090249687053867    0.00022425120636059963
7270.0 0.024482916848384009    0.00021836329166761710
7295.0 0.023228496567729882    0.00022425628520584534
7319.0 0.022190695533928169    0.00021125153853789576
7343.0 0.020333829723538664    0.00021590875785604838
7368.0 0.019397775057265972    0.00020026115159887844
7392.0 0.018850158967265541    0.00020602543923471160
7417.0 0.018483537849497605    0.00034804882652738131
7442.0 0.016158041915088978    0.00026833110895868096
7466.0 0.013914818790158316    0.00021174806161895662
7491.0 0.013374079101411647    0.00018129426150980226
7516.0 0.014020054896893546    0.00020693240817573521
7541.0 0.014619598232048420    0.00019431019785285590
7566.0 0.015698812218405449    0.00021628031930723520
7592.0 0.016859596009353026    0.00021214353254746536
7617.0 0.018121628098720637    0.00021786752591841665
7642.0 0.018638374245413633    0.00021703000407994054
7668.0 0.018359360944271725    0.00023953753869634172
7693.0 0.018369793552878124    0.00022016198107876591
7719.0 0.018844179154465755    0.00023650495975067727
7745.0 0.019962902144405454    0.00021771929144254572
7770.0 0.020823754046514494    0.00023314942842003649
7796.0 0.022096964485892993    0.00023846467320268156
7822.0 0.022921715651161436    0.00023847108800697451
7848.0 0.023266519433801057    0.00022409008839663607
7874.0 0.024075239190014946    0.00022592561541079966
7901.0 0.023652460077288110    0.00022389392068642374
7927.0 0.022490780382284147    0.00021627276386148165
7953.0 0.022706028871755098    0.00022520383244885664
7980.0 0.022971819926854362    0.00022746332684901580
8007.0 0.021746571575581963    0.00021850568642186105
8033.0 0.020411258115542560    0.00021736737846730038
8060.0 0.019245759093662447    0.00021298950099807749
8087.0 0.018196741035040931    0.00025924698241848801
8114.0 0.018219979222669345    0.00021373572118431298
8141.0 0.016973434223372934    0.00025673320129648906
8168.0 0.014352425009665744    0.00020717813550649426
8195.0 0.012051372730258098    0.00022055488232375120
8222.0 0.010732254399424575    0.00021715414684424385
8250.0 0.010944544130831199    0.00021217403616560177
8277.0 0.011384444482168245    0.00018832173000611827
8305.0 0.012323707586704391    0.00019599665569381062
8333.0 0.012605312573599908    0.00019228820713428096
8360.0 0.013328449632795419    0.00018349512367789932
8388.0 0.016259359764969516    0.00020220208941114251
8416.0 0.018743846548467384    0.00023614796358872018
8444.0 0.022086570736553561    0.00025107862219326670
8472.0 0.024141351771440282    0.00023623524836663756
8500.0 0.025548218517594493    0.00023231589864893156
8529.0 0.026345570025839805    0.00024598262889873886
8557.0 0.028019988647524439    0.00031459942524820220
8586.0 0.027468920268917667    0.00024896281560675204
