#@Telescope UH88 
#@Reference Saunders et al. (2018) 
#@Redshift 0.0  
#@Spectrum Train_SN20_9.dat 
#@SN-Name Train_SN20  
#@Phase 17.544 
#@Survey SNFactory 
#@SN-Type SNIa 
#@Units Flux 
# 
# WAVE : 
# SN_SPEC : 
# SN_ERR : 
#end 
3305.0 0.0245729548094804386    0.0133559686469965216
3317.0 0.0111324889035917425    0.0126271100864682392
3328.0 0.0269038127989552449    0.0120601428690442544
3339.0 0.0199420235014859705    0.0116136897020286730
3350.0 0.0576944191530717604    0.0123150604779834472
3361.0 0.0089508032391250759    0.0110252001585489055
3372.0 0.0226139714637382944    0.0113528535874792887
3383.0 0.0325297913779842504    0.0115551006798653311
3395.0 0.0300475028352255730    0.0114415394054387404
3406.0 0.0236300080659447159    0.0116384209477141815
3417.0 0.0025936217731069747    0.0110835090105539380
3429.0 0.0333957495116171607    0.0106911515777199807
3440.0 0.0213368215024873631    0.0106218783016948162
3452.0 0.0374724454433588428    0.0104170862286008560
3463.0 0.0361746440322464474    0.0103568584928599300
3475.0 0.0431735960778842284    0.0098849231402810666
3486.0 0.0211748819944387011    0.0093740546983403610
3498.0 0.0340487264679308552    0.0096969545494962998
3509.0 0.0436700919644152086    0.0100335074353758609
3521.0 0.0324061379010453926    0.0102746837842473474
3533.0 0.0506452789392296890    0.0096310832766813136
3545.0 0.0477229083885638561    0.0095292190397283129
3556.0 0.0460713214524983913    0.0085179186002571662
3568.0 0.0431843607535122714    0.0079327889896422636
3580.0 0.0598653178277538667    0.0085820480944634372
3592.0 0.0453364868188689540    0.0082233598901937256
3604.0 0.0585851734733343413    0.0083811027407824541
3616.0 0.0415883453541568276    0.0081852050133803689
3628.0 0.0405050504625042787    0.0086129854508930088
3640.0 0.0549458078218267518    0.0087086325077517790
3652.0 0.0717380086903228742    0.0080586680906833859
3664.0 0.0841997315057582407    0.0075756341025984804
3677.0 0.0946976612635697379    0.0088083073715773379
3689.0 0.0805270110981925330    0.0078694031854260743
3701.0 0.0846735715864823796    0.0084160246946249281
3714.0 0.0765936423139937789    0.0090228438286344241
3726.0 0.0262534881590087733    0.0090891326629677638
3738.0 0.0580947988119492192    0.0091093735158177726
3751.0 0.0582338324839430724    0.0085126338798104349
3763.0 0.0532470617580451874    0.0082924448447313330
3776.0 0.0470734369166669261    0.0079242554191512604
3788.0 0.0349693123999351430    0.0078893064372121523
3801.0 0.0159911710670070303    0.0081268744859947575
3814.0 0.0445145818182009212    0.0081184663348119312
3826.0 0.0604635853247719943    0.0086623820071952580
3839.0 0.0729474317163089775    0.0084217310141045405
3852.0 0.0806381733421992070    0.0081017146380296355
3865.0 0.1161524640611086429    0.0082387357762323064
3878.0 0.1125697501389340410    0.0080399193658010244
3891.0 0.1143374963899461416    0.0078411619019963345
3904.0 0.1222155740873586138    0.0078604348260446245
3917.0 0.1096362091205056039    0.0078856360931135964
3930.0 0.1180344191706006879    0.0076977326119310931
3943.0 0.1259237192860138688    0.0076240212108832387
3956.0 0.1373605296065190939    0.0076280139925363763
3969.0 0.1398627804291218135    0.0074155943455532641
3982.0 0.1103120349234482933    0.0072267337777777475
3995.0 0.1037142352929438377    0.0069470072794858822
4009.0 0.0883824665646677360    0.0064439252536692658
4022.0 0.0789177583906837399    0.0069838581845125649
4036.0 0.0804646468172795226    0.0068104288527546814
4049.0 0.0932080004250665645    0.0069268221361575661
4062.0 0.0765967549347610493    0.0069937717743998760
4076.0 0.0745951472228383594    0.0068226361144527953
4090.0 0.0668164809935222620    0.0067142673594229960
4103.0 0.0705253853457505214    0.0066668615031783354
4117.0 0.0614032643101112205    0.0067096647779333364
4131.0 0.0780283140359644967    0.0067016654980895825
4144.0 0.0702494164960760781    0.0066411562219847314
4158.0 0.0800692307001314163    0.0068352116850931904
4172.0 0.1020275706037957475    0.0070041020481447225
4186.0 0.0721877694309957935    0.0068198509583781196
4200.0 0.0786882984131134361    0.0068321115734691048
4214.0 0.0901570637951488452    0.0066525059653844741
4228.0 0.0768688318417159039    0.0066422740981691491
4242.0 0.0924828269628876626    0.0067382703890701530
4256.0 0.0781955961048635961    0.0065862240285044400
4270.0 0.0928648927088254611    0.0065228780952647503
4284.0 0.0907408541535873747    0.0064077580992085818
4299.0 0.0936462480119199941    0.0063888966602166581
4313.0 0.0882275803941016262    0.0062627649177330611
4327.0 0.0912394514281751057    0.0062948092441424425
4342.0 0.0701223802174089084    0.0061590008927662034
4356.0 0.0645185401084045207    0.0060630869627475549
4371.0 0.0616206634323504671    0.0058751772922241829
4385.0 0.0523872263687694892    0.0058715988206096371
4400.0 0.0513833407545182461    0.0059274538671190207
4415.0 0.0509701459652793787    0.0058359632215010384
4429.0 0.0666499250091689838    0.0058671318725123647
4444.0 0.0528814840922441423    0.0057908827075135979
4459.0 0.0728565256312506682    0.0058571298281677496
4474.0 0.0613810863920043887    0.0058414028671963528
4489.0 0.0810096672007107055    0.0058951100693470015
4504.0 0.0932239109437329599    0.0059449624896108005
4519.0 0.0984649888032520099    0.0058283106569155512
4534.0 0.1189961762225906078    0.0059552389737824287
4549.0 0.1197298611499003768    0.0060431050622475561
4564.0 0.1456962967584236601    0.0062578532615523456
4579.0 0.1600468880048276366    0.0063641190010640253
4594.0 0.1750299877051405828    0.0065835116344457175
4610.0 0.1903211727719925361    0.0068073042558390306
4625.0 0.1866519663693227971    0.0071808933835859649
4640.0 0.1454001074556594553    0.0072208799961220810
4656.0 0.1257548770447362296    0.0075712502092671573
4671.0 0.1209410039032204343    0.0080035009091272025
4687.0 0.0938722435335144906    0.0086254649765990388
4703.0 0.0917555852621612239    0.0089801088577016307
4718.0 0.0777075897667788007    0.0088534843976614038
4734.0 0.0703790739386126046    0.0085663393462344899
4750.0 0.0658448137347297791    0.0072809085843850256
4766.0 0.0611534493040742991    0.0070674168781137648
4781.0 0.0622788079187168095    0.0070379245967442279
4797.0 0.0603472534415996284    0.0107814565839689080
4813.0 0.0859949051713841811    0.0098325911962426661
4829.0 0.0525422196310893000    0.0079858119866232629
4846.0 0.0577489314590914488    0.0071258348590116372
4862.0 0.0626939476854962985    0.0069921800554285313
4878.0 0.0690572081951257161    0.0069443024379998433
4894.0 0.0889903625230521605    0.0068750505052292401
4910.0 0.0933646975765703158    0.0066782913974982412
4927.0 0.1046640038646076132    0.0065331690758276394
4943.0 0.0938662618647235075    0.0061446069874333525
4960.0 0.0800286792003225000    0.0055864331310011553
4976.0 0.0699287067540976526    0.0052064573882243149
4993.0 0.0650872162991585207    0.0050306108212753572
5009.0 0.0655646306851376259    0.0048720804434966630
5026.0 0.0584740238652133107    0.0045354240876461374
5043.0 0.0544442353974451607    0.0044342522466518462
5060.0 0.0524825417352529772    0.0042464056323760326
5076.0 0.0466680190888228361    0.0041348020042956653
5093.0 0.0501478953327283775    0.0040293224397863411
5110.0 0.0620194807557177125    0.0039702641057387236
5127.0 0.0608549569932259893    0.0039319017776594661
5144.0 0.0661758066000869699    0.0038765041038487081
5162.0 0.0717633223274530274    0.0038404813908796548
5179.0 0.0830445173601377790    0.0038703117212489316
5196.0 0.1032478425348657691    0.0042049605385367774
5213.0 0.1098281498748781004    0.0038091728740549361
5231.0 0.1303323240212247158    0.0038119927197314586
5248.0 0.1350816878911574315    0.0038180151640808450
5266.0 0.1311587855784424328    0.0036938847430011451
5283.0 0.1428468250001808104    0.0036555180628087183
5301.0 0.1439038491971210143    0.0035815653458566568
5318.0 0.1362812746448235635    0.0034954429652815501
5336.0 0.1260499347585865293    0.0034400949498625292
5354.0 0.1316658369373952531    0.0033921854800757862
5372.0 0.1268583514695508507    0.0032896092952173920
5390.0 0.1346268265164357603    0.0032733076390310542
5408.0 0.1225464615184116285    0.0031703762785649054
5426.0 0.1254579984479627375    0.0031480972964464883
5444.0 0.1201936107517388025    0.0030894741730071850
5462.0 0.1079438598129002364    0.0030425308521131152
5480.0 0.1130322955675246710    0.0031396781534237554
5498.0 0.1123705148822401328    0.0029717702742494564
5517.0 0.1050644989350577874    0.0028567193059260898
5535.0 0.0950682391760239581    0.0027487616915051983
5553.0 0.0886189649112311961    0.0026766205010953789
5572.0 0.0840501012369507250    0.0026253408001835885
5590.0 0.0778114457605196402    0.0025316335658208946
5609.0 0.0682911884281675596    0.0024207110919818053
5628.0 0.0662874237535221178    0.0023925651980578155
5647.0 0.0622469722135325573    0.0023266389239195422
5665.0 0.0569971661179669506    0.0022589890306406670
5684.0 0.0495697355712547555    0.0021955764180017611
5703.0 0.0472663929260535437    0.0021391013987780792
5722.0 0.0568474580329795601    0.0021680718487601400
5741.0 0.0606470780083315647    0.0021655379174857514
5760.0 0.0677294233161755271    0.0021729546159099888
5780.0 0.0734460292365890222    0.0021840257591115475
5799.0 0.0892036813056819727    0.0022649695620894162
5818.0 0.1018337559211822951    0.0022546314473959514
5838.0 0.1045618936708194030    0.0022517189786886642
5857.0 0.1120365356975209087    0.0023480307478778799
5876.0 0.1129893649435738945    0.0022284370729801417
5896.0 0.0987910772583067420    0.0021079020249026655
5916.0 0.0859152344855320244    0.0020753651089496900
5935.0 0.0854131222541691520    0.0020214916953027063
5955.0 0.0816705994233937194    0.0019812440226523106
5975.0 0.0802432092133127106    0.0019788443247671910
5995.0 0.0700295730925083876    0.0018940622778070024
6015.0 0.0658183620830744970    0.0018872509229507627
6035.0 0.0630638930726693664    0.0018426981182405227
6055.0 0.0635044638602466072    0.0018451551232101320
6075.0 0.0570971798642020620    0.0017873695621681445
6095.0 0.0500492711948569216    0.0017202508838561770
6116.0 0.0397225853191492742    0.0016219216293166599
6136.0 0.0371287426002888665    0.0015753169951913601
6157.0 0.0415276687309589984    0.0015720397871421446
6177.0 0.0503854723876522859    0.0016098565352817180
6198.0 0.0483070289478407938    0.0015849178437456132
6218.0 0.0531251809688003326    0.0015767685947642789
6239.0 0.0596992363004254928    0.0015915048295409102
6260.0 0.0579043270856376621    0.0015657867500785349
6281.0 0.0656931177488483120    0.0015950904921187036
6302.0 0.0675660912416245762    0.0015855580499992627
6323.0 0.0723695211378812542    0.0015940804058628241
6344.0 0.0720266918578600368    0.0015999555247321719
6365.0 0.0734567430407154082    0.0016545161380748703
6386.0 0.0772421538458223506    0.0017284617027103688
6407.0 0.0806326891086582842    0.0016888724660228042
6429.0 0.0789096526863773823    0.0016465153527143257
6450.0 0.0799397682567481865    0.0016199155200790859
6471.0 0.0795558771459128899    0.0015831123926018174
6493.0 0.0806291476153389447    0.0015526092656704172
6515.0 0.0775254434793908181    0.0015081693271582477
6536.0 0.0768468486633930858    0.0014955451321056940
6558.0 0.0780376996882506807    0.0015644613017250593
6580.0 0.0697237537453438277    0.0015002349058811579
6602.0 0.0672597664268573675    0.0014456350338942416
6624.0 0.0617695793019171560    0.0013989595084884189
6646.0 0.0549604065645294404    0.0013703440821643067
6668.0 0.0452114161430322500    0.0013219774557939473
6690.0 0.0498516135375320357    0.0013233323426181088
6713.0 0.0419549019149476690    0.0012646408982027245
6735.0 0.0381273454268129044    0.0014682007628807362
6757.0 0.0364989900832098160    0.0013100759111243320
6780.0 0.0375160959370113845    0.0014371971370146530
6803.0 0.0356022994150700517    0.0013985263364482687
6825.0 0.0374387651359835427    0.0014188408530347993
6848.0 0.0380851198243086497    0.0013731855804198576
6871.0 0.0315560005725844875    0.0012694138389228581
6894.0 0.0360633293626029458    0.0012901347356906222
6917.0 0.0289956673412227750    0.0012285016972303276
6940.0 0.0287995630579915007    0.0012147552735705569
6963.0 0.0290433362987471098    0.0012743467529654406
6986.0 0.0310308824170219856    0.0011909824774279868
7009.0 0.0335389049254889923    0.0013062338454752158
7033.0 0.0280760754020724056    0.0012094429787214010
7056.0 0.0294359494740564498    0.0012579662975059289
7079.0 0.0304887483513660885    0.0018140708118637276
7103.0 0.0324990881589061545    0.0015354913214410458
7127.0 0.0330758743580454317    0.0013137786775169490
7150.0 0.0323781558901315089    0.0011757575877452088
7174.0 0.0288728654753413055    0.0013860692671141075
7198.0 0.0341576428355584230    0.0012448762485808252
7222.0 0.0306447080913513498    0.0013628521179795154
7246.0 0.0327328379116528026    0.0013338007855130188
7270.0 0.0294758235914448011    0.0013522453705267837
7295.0 0.0312930387597152165    0.0012975922164450830
7319.0 0.0325228619869979835    0.0015001353713316749
7343.0 0.0325364778036555599    0.0013190948953435307
7368.0 0.0366054480064775464    0.0015121322224543124
7392.0 0.0290987629086331516    0.0012389521347588989
7417.0 0.0296264232975555208    0.0013905233545055879
7442.0 0.0279417406430424939    0.0013378260662280904
7466.0 0.0264257957000509566    0.0013282421643003443
7491.0 0.0283009998042435609    0.0012054065237178779
7516.0 0.0277039482967067346    0.0011452352616487945
7541.0 0.0295676715495059965    0.0011645813759337846
7566.0 0.0261124349608124542    0.0011085644239037672
7592.0 0.0250127151300193473    0.0011217480250403247
7617.0 0.0261882480059888283    0.0011195696800003320
7642.0 0.0249826376089503401    0.0011005670670600058
7668.0 0.0260509508147729815    0.0011023714202587579
7693.0 0.0256090587270942326    0.0011532713839269952
7719.0 0.0248207008956931284    0.0015036809149942751
7745.0 0.0261841354717665675    0.0011422319743069319
7770.0 0.0274743000252755318    0.0016199412988445775
7796.0 0.0248693147137903324    0.0012314523940879318
7822.0 0.0287952875790884813    0.0014767229862548781
7848.0 0.0253778703241416027    0.0014401425986923441
7874.0 0.0287182813766372787    0.0014053340995643471
7901.0 0.0237657496707929447    0.0011873406907855180
7927.0 0.0233052150624248194    0.0011305889312517867
7953.0 0.0250750961693053977    0.0011438500981487902
7980.0 0.0252381477366200452    0.0010688767570826048
8007.0 0.0213970665961927785    0.0010874712977898616
8033.0 0.0216580757742850065    0.0012356859801454395
8060.0 0.0212760256416854934    0.0012563338224237386
8087.0 0.0194311930567901449    0.0010811279289540184
8114.0 0.0181907937365567915    0.0010215111417401115
8141.0 0.0117715941746314428    0.0011532613680359559
8168.0 0.0124531133563597664    0.0015899635363631262
8195.0 0.0057189639565812774    0.0010263433936561661
8222.0 0.0072789389394479842    0.0016978131085375132
8250.0 0.0081257907254194354    0.0011691009019442035
8277.0 0.0140498882887873985    0.0015233355304388790
8305.0 0.0096933210684634636    0.0014712896981808644
8333.0 0.0111203572152427099    0.0014578299062979188
8360.0 0.0116682384228522767    0.0011652887819953702
8388.0 0.0155858014852016773    0.0012094852729053233
8416.0 0.0222409309597440610    0.0012127149323100429
8444.0 0.0263519887479251730    0.0011065968227023516
8472.0 0.0287601846349534312    0.0011616651148952937
8500.0 0.0310202143064069978    0.0011493033050139594
8529.0 0.0331879832883967898    0.0012271649183407871
8557.0 0.0357905887815858081    0.0011868000849525209
8586.0 0.0374467142382970894    0.0012753325903235957
