#@Telescope UH88 
#@Reference Saunders et al. (2018) 
#@Redshift 0.0  
#@Spectrum Train_SN50_1.dat 
#@SN-Name Train_SN50  
#@Phase -7.507 
#@Survey SNFactory 
#@SN-Type SNIa 
#@Units Flux 
# 
# WAVE : 
# SN_SPEC : 
# SN_ERR : 
#end 
3305.0 0.110698714291848258    0.00391406821287895376
3317.0 0.128030913948303154    0.00391186545160438198
3328.0 0.122439399943369706    0.00371762369000180372
3339.0 0.131129930646477266    0.00372430160919499931
3350.0 0.124326783031263738    0.00353283396568020375
3361.0 0.120506133065498469    0.00349654454178273356
3372.0 0.125994978231540683    0.00351281058743354441
3383.0 0.125550189081310853    0.00353920144314589721
3395.0 0.131328444582124976    0.00345815491218966686
3406.0 0.140285350317608276    0.00336207852268531702
3417.0 0.146632375219884037    0.00341154753309989758
3429.0 0.149610102743289369    0.00344667740679645111
3440.0 0.143979018465201225    0.00338790530966687946
3452.0 0.146560404917888548    0.00339956625628790813
3463.0 0.149447014649934679    0.00337722041738362311
3475.0 0.150729162509555342    0.00325316138001400168
3486.0 0.146254028739699282    0.00311414597664704104
3498.0 0.137478985316497465    0.00304079271348300754
3509.0 0.132437910373540774    0.00304277953377720409
3521.0 0.121717066556267170    0.00301296460145947242
3533.0 0.111275123392818684    0.00288460169968103976
3545.0 0.103002478098375858    0.00272352730958005116
3556.0 0.083325240670905687    0.00251341866826861006
3568.0 0.057587348432660071    0.00224408800188954189
3580.0 0.047808044466507035    0.00213628141834574852
3592.0 0.035251555505911011    0.00204262421925923950
3604.0 0.028011900426945797    0.00197016591563959134
3616.0 0.025601729688117289    0.00190076708731728625
3628.0 0.024830450895208040    0.00187481171652379396
3640.0 0.024900789456691139    0.00182376397009038232
3652.0 0.024457199415643185    0.00178433043796635870
3664.0 0.026904117928195782    0.00179063947205434907
3677.0 0.029824328410252062    0.00180262823912936249
3689.0 0.030539386583996294    0.00176936740396499946
3701.0 0.040799170211208761    0.00185440301973402986
3714.0 0.049847008629463632    0.00187081159617868173
3726.0 0.058790950199513574    0.00196455891058416399
3738.0 0.075278109153166628    0.00207564969906093560
3751.0 0.089815619292495971    0.00222859267681202759
3763.0 0.086298817576816442    0.00216205401685141269
3776.0 0.101603772244687182    0.00214311228061726160
3788.0 0.115237121529091310    0.00222431535087842976
3801.0 0.120158158908285781    0.00227163956026338668
3814.0 0.126548735453318656    0.00226250718914723214
3826.0 0.141583693842403352    0.00234972249382876808
3839.0 0.151333614242509490    0.00240445896870274903
3852.0 0.158356492932397674    0.00249864530058053948
3865.0 0.165360836455781313    0.00258633401299981002
3878.0 0.167743093347964417    0.00243157416191162748
3891.0 0.174601089115453773    0.00240579356814210219
3904.0 0.174890425807602001    0.00237227566531601070
3917.0 0.174503853359843947    0.00235847401640551122
3930.0 0.173685673112698391    0.00234474332188561044
3943.0 0.152800933797376470    0.00225640275299485117
3956.0 0.140458024290056410    0.00225073185420869093
3969.0 0.138256144496161831    0.00219350901388596286
3982.0 0.136577199304703634    0.00213898928514090350
3995.0 0.132135313734482118    0.00204701960982350654
4009.0 0.141480141493108308    0.00204883533837339239
4022.0 0.144260968416594693    0.00206910127862120321
4036.0 0.154244978252962406    0.00209899405564036544
4049.0 0.159219958028511105    0.00207520484939927898
4062.0 0.162625067323687394    0.00210059416425507428
4076.0 0.163406082262843116    0.00211064046374218528
4090.0 0.160225758460577128    0.00207259783837815143
4103.0 0.154918068445319634    0.00201797895619716715
4117.0 0.149675949868187275    0.00198046264225981792
4131.0 0.142796513432592670    0.00195860799969099515
4144.0 0.137397374458788191    0.00193565658081316862
4158.0 0.137084456223582396    0.00194691491112518713
4172.0 0.134139550846780170    0.00192211636830835189
4186.0 0.121005185865026038    0.00185070914877093532
4200.0 0.114634222569573035    0.00180420697452667814
4214.0 0.105479903704181588    0.00174791614027747927
4228.0 0.097669158957232244    0.00170969721811075606
4242.0 0.089954802212873844    0.00166626347896146605
4256.0 0.082589889251871620    0.00161244308769125971
4270.0 0.081866120631026010    0.00159244038637466391
4284.0 0.077488933438345411    0.00155155662375900099
4299.0 0.080716418951277014    0.00154901959391663679
4313.0 0.086313259369466711    0.00157174183351164402
4327.0 0.097129353118604281    0.00162490323074848740
4342.0 0.099099474657987061    0.00165116940120619573
4356.0 0.105864151564565162    0.00167180404283013033
4371.0 0.103657691417694736    0.00162880422003260192
4385.0 0.102924424069515394    0.00163372166707046970
4400.0 0.107798631481188817    0.00165785198310526311
4415.0 0.110736794589436652    0.00164943450631102693
4429.0 0.121287694710743646    0.00169671197808843864
4444.0 0.126190038936110360    0.00170924602942389885
4459.0 0.128866682764390894    0.00170219688933136051
4474.0 0.132400017318043128    0.00172636643913394038
4489.0 0.131556074941050455    0.00172047526101363839
4504.0 0.130288336248797820    0.00169968557647076548
4519.0 0.124909428396848293    0.00167748408017174091
4534.0 0.127084033224671933    0.00166885290074929543
4549.0 0.115379192922251808    0.00162507548021315952
4564.0 0.105441297157110730    0.00156496175996409330
4579.0 0.098059022157369488    0.00153332567632444338
4594.0 0.089816268465886195    0.00147819786051990067
4610.0 0.083204205399364004    0.00143788574182940093
4625.0 0.078137787345383888    0.00142078285246055223
4640.0 0.076579287260957890    0.00140644688924296984
4656.0 0.071721305459700901    0.00136562093549105670
4671.0 0.068018242310892721    0.00136000444895711709
4687.0 0.069120662341917716    0.00137640114722610758
4703.0 0.068596776903194309    0.00136126895783061116
4718.0 0.067847165687111508    0.00135008933290875683
4734.0 0.070893110528637879    0.00137675914444927586
4750.0 0.076255409222085596    0.00142224270261380871
4766.0 0.074530976778286004    0.00145565077635373711
4781.0 0.072159692803928283    0.00148337261154943409
4797.0 0.067425450837833828    0.00151254414672961955
4813.0 0.054564581371498104    0.00152262280442507750
4829.0 0.053189983664260303    0.00166069330591925323
4846.0 0.049850576382443487    0.00180620505169044095
4862.0 0.052642854412936348    0.00196955889626773987
4878.0 0.059467166463153830    0.00210107670445613872
4894.0 0.063917292105627077    0.00215313159613993946
4910.0 0.067012047776854322    0.00212368563940303892
4927.0 0.067866118446129331    0.00209517244031843727
4943.0 0.070829646808453314    0.00202692854786467713
4960.0 0.075182990687930121    0.00186569850356425870
4976.0 0.075153937917878125    0.00193228757967043078
4993.0 0.076690058566603533    0.00215477884656228597
5009.0 0.077938457080044654    0.00226478208944746757
5026.0 0.086149506674233059    0.00202740983673047482
5043.0 0.089110834290991758    0.00201586462890350872
5060.0 0.089779639598400657    0.00198472029493448020
5076.0 0.090301654909635501    0.00193446270897816835
5093.0 0.086753118873592425    0.00183867497131909980
5110.0 0.085460057852590310    0.00172861550506071327
5127.0 0.085437321498200103    0.00163987637572687601
5144.0 0.090983561710060376    0.00158066363231657708
5162.0 0.087375631792186964    0.00149940734420699984
5179.0 0.084644019165142553    0.00141172185224537898
5196.0 0.080445214165685772    0.00135141038146925478
5213.0 0.070194893759281521    0.00124977296800526981
5231.0 0.068876377959369406    0.00119931360691097073
5248.0 0.064438818910353204    0.00115411026497336320
5266.0 0.064689424377459628    0.00112097492661209028
5283.0 0.063064418949509010    0.00106946679923388484
5301.0 0.066245811705436516    0.00106218273459010777
5318.0 0.063611991818965055    0.00103657020915755749
5336.0 0.063419528150542609    0.00102993469976657859
5354.0 0.065071935868104613    0.00102140865537121987
5372.0 0.059879291096620005    0.00096999248248691298
5390.0 0.056319191594340359    0.00093107043659339554
5408.0 0.054093845540751959    0.00104141840920758092
5426.0 0.052723784226726043    0.00088572187870688461
5444.0 0.056702443190113527    0.00088299041702932855
5462.0 0.063015735263064573    0.00089781729890752360
5480.0 0.068087952491849249    0.00090247206259086042
5498.0 0.070665692253137430    0.00089035613828561053
5517.0 0.070980238541976687    0.00086615515845400899
5535.0 0.069836943364572274    0.00084324651389755447
5553.0 0.070163465475756109    0.00083061154127118801
5572.0 0.068735851649979127    0.00081985773535768643
5590.0 0.072170335058960075    0.00081798454153556705
5609.0 0.071081740630651077    0.00079744610029005073
5628.0 0.072567697258857089    0.00080472991246102613
5647.0 0.071315676912706585    0.00078865232937772121
5665.0 0.070036775257538028    0.00077511603267478601
5684.0 0.066471655798275714    0.00075649379022328786
5703.0 0.057958036924228740    0.00072916679499213631
5722.0 0.052720014209712347    0.00072389645954991312
5741.0 0.055561555198122628    0.00069491296835299231
5760.0 0.057846698274161244    0.00069146163024663254
5780.0 0.058700964273925023    0.00068542287756570607
5799.0 0.061221325724757726    0.00068905054957687443
5818.0 0.063029888501922537    0.00067564416024149811
5838.0 0.065292249116251339    0.00067474313499074721
5857.0 0.065950520915176447    0.00067120486630012723
5876.0 0.063336637093598977    0.00064889982134161081
5896.0 0.057195112035455756    0.00061366269325883094
5916.0 0.051854964316072748    0.00059290549599802869
5935.0 0.043386115453927614    0.00055865152776643110
5955.0 0.036217863449058293    0.00052726297485694617
5975.0 0.032724557485779855    0.00050905953865576069
5995.0 0.028955377030031478    0.00048637615385634483
6015.0 0.026482776329845751    0.00046814588581894798
6035.0 0.026340009701180264    0.00046294724797752270
6055.0 0.026514514954233528    0.00046508799728081087
6075.0 0.027673690627277439    0.00045965090233383816
6095.0 0.029328729903558323    0.00046688695837171333
6116.0 0.032900557036834636    0.00053880660735355760
6136.0 0.039365765148591941    0.00048062467271498623
6157.0 0.044908470012153194    0.00050567524289803635
6177.0 0.049732194731629514    0.00054251099107643105
6198.0 0.054343367013615973    0.00052827268044129889
6218.0 0.058563972455287300    0.00053477562364516484
6239.0 0.062294092691997198    0.00054557740239647649
6260.0 0.064501232786733184    0.00054436842286004292
6281.0 0.064764931817477861    0.00054729802416586841
6302.0 0.064975175904244981    0.00054484802997895434
6323.0 0.066594812960707725    0.00054262110046074039
6344.0 0.066672635226785570    0.00054164980304429345
6365.0 0.064630109990787526    0.00052916447333628601
6386.0 0.062695783822096923    0.00051866919643194767
6407.0 0.061729291281992747    0.00050800016977512526
6429.0 0.060514177021402833    0.00050099130204329001
6450.0 0.059336589114456356    0.00049582477278462575
6471.0 0.058331506955926218    0.00048564835007493539
6493.0 0.057913324742981928    0.00047774930621406286
6515.0 0.055540936072473929    0.00046945938841714820
6536.0 0.052967378589278830    0.00045955666517220574
6558.0 0.052622018214175115    0.00046123413925987526
6580.0 0.052523240567755494    0.00045778303342764874
6602.0 0.051522881485806422    0.00044908441023252995
6624.0 0.051588614976480270    0.00046009888127757212
6646.0 0.049241988075525239    0.00044633184377055137
6668.0 0.047975069918056466    0.00047817201840194063
6690.0 0.047331460772782233    0.00045276687835807460
6713.0 0.045295153405644314    0.00042983366816741806
6735.0 0.043297777389507588    0.00041164481710940397
6757.0 0.042438354424543412    0.00040447869563633928
6780.0 0.043010523802398698    0.00040544831054120390
6803.0 0.042778166835048939    0.00039869655223397869
6825.0 0.042720589585362428    0.00039387502712885691
6848.0 0.041839451476253647    0.00039354766533115015
6871.0 0.041872937680205974    0.00039067937724397174
6894.0 0.041507994798349573    0.00038922181055224179
6917.0 0.042301010939710393    0.00039369931970256619
6940.0 0.040844645081795306    0.00038926697984611281
6963.0 0.038805529384701207    0.00038585480883003944
6986.0 0.038879320905320029    0.00038350736866893408
7009.0 0.039531095536790087    0.00039009528487322052
7033.0 0.036784733745952924    0.00040723923887257715
7056.0 0.040210623733968304    0.00040943091016791685
7079.0 0.037205429087129156    0.00038296722701751867
7103.0 0.038773566855589241    0.00039577831559738200
7127.0 0.038132898534455506    0.00038944696127125199
7150.0 0.037706547801560859    0.00037977795203869672
7174.0 0.037537733889764675    0.00037181497476965365
7198.0 0.036050199140131259    0.00035685504653578060
7222.0 0.035322547079129914    0.00035579186380688447
7246.0 0.033502026043026899    0.00035439408472098837
7270.0 0.032755674263663305    0.00034847006215471581
7295.0 0.032061867112256059    0.00035378426377956563
7319.0 0.029467967299302199    0.00033748856282134399
7343.0 0.028947801745943733    0.00034026590305300208
7368.0 0.028026452297482980    0.00045391473118972794
7392.0 0.028748331192407887    0.00047046813127695245
7417.0 0.024850510722006138    0.00039527552202467181
7442.0 0.022889005365534683    0.00032792131908079353
7466.0 0.024635211113604932    0.00032425480007153057
7491.0 0.025299606179957582    0.00035960917252036062
7516.0 0.026322834076114965    0.00035761942247046903
7541.0 0.026554676377863094    0.00034067791882182017
7566.0 0.027090064324667425    0.00035921250917414428
7592.0 0.028008734836969043    0.00036062592092276816
7617.0 0.028573977813009098    0.00037521606252563191
7642.0 0.029257117181507863    0.00037097122770930529
7668.0 0.030502478899305203    0.00037499976077824871
7693.0 0.029896772447328007    0.00036494385734118937
7719.0 0.030528452420253600    0.00036511081476162148
7745.0 0.028748575508619013    0.00036571812380193800
7770.0 0.025529764650075649    0.00034341368651003110
7796.0 0.022487565634989853    0.00033354317635429965
7822.0 0.017801630406571744    0.00031130172543764680
7848.0 0.016219098223010365    0.00029719905972369674
7874.0 0.014446697947551840    0.00028488489098811337
7901.0 0.013567088558355395    0.00028527417135315846
7927.0 0.013593733776202788    0.00028465785347934358
7953.0 0.013569278190213618    0.00028555169822960753
7980.0 0.013516309582956040    0.00028814087583568316
8007.0 0.014662239145967712    0.00028870299038289625
8033.0 0.016934058182023901    0.00034294387810576829
8060.0 0.016986791764643128    0.00033152429785396949
8087.0 0.017646536337421356    0.00034815067995182578
8114.0 0.019184047493596958    0.00033160573351974240
8141.0 0.020195577521044325    0.00035496869240999755
8168.0 0.018963119571335733    0.00035097183418430827
8195.0 0.018513156660460627    0.00032660886025351164
8222.0 0.021109838448542074    0.00033681571458219232
8250.0 0.021958907693676064    0.00034171004956430709
8277.0 0.022942174060618575    0.00032923645978489354
8305.0 0.022944278052413506    0.00032938037639582021
8333.0 0.022305467457238416    0.00032471511374851560
8360.0 0.024412980069756104    0.00036248040864446493
8388.0 0.024519744392864851    0.00037377891087168175
8416.0 0.025108008680649368    0.00036508459737196104
8444.0 0.026126900095637094    0.00033844022745239971
8472.0 0.026029007147563770    0.00033435506526197762
8500.0 0.024657672995782056    0.00040081536221370695
8529.0 0.024595144954463747    0.00036425566856959239
8557.0 0.025419307121627849    0.00040216488411479894
8586.0 0.024301691587740516    0.00035216010940720163
