#@Telescope UH88 
#@Reference Saunders et al. (2018) 
#@Redshift 0.0  
#@Spectrum Train_SN0_5.dat 
#@SN-Name Train_SN0  
#@Phase 18.517 
#@Survey SNFactory 
#@SN-Type SNIa 
#@Units Flux 
# 
# WAVE : 
# SN_SPEC : 
# SN_ERR : 
#end 
3305.0 0.015721085945250249    0.00336530315456089364
3317.0 0.010529625040209404    0.00327996342737160414
3328.0 0.019800899097987948    0.00323525325063319475
3339.0 0.015591361110045211    0.00312981102371739190
3350.0 0.014092040688616855    0.00302542037839375038
3361.0 0.006915701717783504    0.00292371708797397245
3372.0 0.007992392474497638    0.00288415154516514843
3383.0 0.012280449741153087    0.00289978728725921904
3395.0 0.015042521475304259    0.00281984042319662976
3406.0 0.014411813993391719    0.00269804199627606163
3417.0 0.019954741549714335    0.00275749806427071044
3429.0 0.013477380908367578    0.00276560712554056341
3440.0 0.019965329590783190    0.00269159265935452283
3452.0 0.020874245048731942    0.00261195035414610527
3463.0 0.022882238956438081    0.00264738948837009826
3475.0 0.016746961363795162    0.00257830919771543992
3486.0 0.013396249663405442    0.00250071072335878624
3498.0 0.017510634576885870    0.00250972823194161535
3509.0 0.017664546815927891    0.00248902658485706738
3521.0 0.022961868353346928    0.00249640128639021502
3533.0 0.025966280496971680    0.00245019277013131106
3545.0 0.027762377827215717    0.00240227976650480863
3556.0 0.020645097209454615    0.00230891091843187044
3568.0 0.025627694814960283    0.00226208917469916367
3580.0 0.027778982697854969    0.00222137140723108065
3592.0 0.022917321438312977    0.00211795684381200187
3604.0 0.021859577525753671    0.00207800993245001609
3616.0 0.020626203971619406    0.00205799671212644145
3628.0 0.020366486025909240    0.00206324972734005891
3640.0 0.026839856649077325    0.00203360461071673418
3652.0 0.019618503692289801    0.00198520839732971906
3664.0 0.026088460096795579    0.00201087764146671687
3677.0 0.017177439917575997    0.00197079770406622485
3689.0 0.020139717690557227    0.00192315384949626384
3701.0 0.014016577228658714    0.00182874683138382595
3714.0 0.011319775888787079    0.00174540140183229763
3726.0 0.009846241310068270    0.00184042333706347576
3738.0 0.010323953180901815    0.00168247407825066072
3751.0 0.011092230200549908    0.00168458987068209848
3763.0 0.013001516495954536    0.00170024424640472091
3776.0 0.009120329494988219    0.00165828748200151210
3788.0 0.014629864954071724    0.00177202357035889852
3801.0 0.017159610490314382    0.00175005805872534043
3814.0 0.020686609535597308    0.00174803743687600567
3826.0 0.024980554653535110    0.00174132659262802810
3839.0 0.029330056789696562    0.00175628797879370975
3852.0 0.039135547586775080    0.00185440578486480785
3865.0 0.043116799079006014    0.00190748600991410677
3878.0 0.040138310424134085    0.00188543813648501049
3891.0 0.055060624048184237    0.00192741243537105484
3904.0 0.053314128505046514    0.00199255505542259839
3917.0 0.052275578527659947    0.00203847842570540217
3930.0 0.060446594543279296    0.00193337518543159714
3943.0 0.062605392842597918    0.00186525854973716037
3956.0 0.064855803934485964    0.00187114257576905755
3969.0 0.064814428228352094    0.00179193159672954888
3982.0 0.063364358222117001    0.00182456717088588967
3995.0 0.060844444748084169    0.00186292162269408338
4009.0 0.052162246103838544    0.00181587572398060615
4022.0 0.046496147319093330    0.00177052028491376297
4036.0 0.048951445599439258    0.00171587335347129599
4049.0 0.050818154972201081    0.00166510596095696163
4062.0 0.050002671277356352    0.00166501190553476012
4076.0 0.050281979074919957    0.00163136098365551934
4090.0 0.046240965571523941    0.00157862512553291171
4103.0 0.041135507337975163    0.00149500031387190635
4117.0 0.042607176931787741    0.00152506963250940010
4131.0 0.038552751489409676    0.00147718012849489726
4144.0 0.039831937620361087    0.00150288107878624247
4158.0 0.039913803322454734    0.00149342189222810063
4172.0 0.039006660111297102    0.00149445873151033532
4186.0 0.043486234440113958    0.00152032816177919382
4200.0 0.041668299802438934    0.00148793994665209956
4214.0 0.039238433409691242    0.00147800253947173287
4228.0 0.040830479976232209    0.00148338546202955008
4242.0 0.040013310567155395    0.00145983646769109435
4256.0 0.037950295785763651    0.00145103341082184032
4270.0 0.041313405451854718    0.00143730389621048648
4284.0 0.041906082045113854    0.00140823419660639909
4299.0 0.047733099293924670    0.00143071717806226954
4313.0 0.048131914550664193    0.00141613606714911149
4327.0 0.045828570940139653    0.00137774562339438786
4342.0 0.037051861109265304    0.00135232521714179189
4356.0 0.033684347770207845    0.00133965422143645816
4371.0 0.032141932311914527    0.00130029705753015312
4385.0 0.031102421202423902    0.00128192161364219749
4400.0 0.030919070974445562    0.00127939485863843390
4415.0 0.028221327193768284    0.00125366166477382007
4429.0 0.029369309484678991    0.00125973803611738235
4444.0 0.028259568753706107    0.00125037225372315840
4459.0 0.032334652800375584    0.00124760848030148856
4474.0 0.033550586293626936    0.00125615827342546245
4489.0 0.033586859889891414    0.00126276542760626171
4504.0 0.038935070706339170    0.00127726287063092796
4519.0 0.043948479620939042    0.00129734292411268800
4534.0 0.056649591998926906    0.00134883411788519719
4549.0 0.070329678981507521    0.00141636298980192792
4564.0 0.079610867572084812    0.00144187174839456632
4579.0 0.087336717641081973    0.00148839554605384515
4594.0 0.092487536704111264    0.00150879737362723623
4610.0 0.098553749568466145    0.00151859690118106129
4625.0 0.109880680225018595    0.00157576746034890488
4640.0 0.101697806107585581    0.00152160797875525665
4656.0 0.080896627394634935    0.00142162136354185968
4671.0 0.063599352288063501    0.00133884776571062077
4687.0 0.050455569462046289    0.00127678723616723088
4703.0 0.042508243803873476    0.00122841030683463635
4718.0 0.039543039908108972    0.00119061173726818731
4734.0 0.041905294715584879    0.00119472566834652721
4750.0 0.040944969553422389    0.00119133988130549345
4766.0 0.037589211711917446    0.00117273001796234567
4781.0 0.046354056781861712    0.00124638910961476137
4797.0 0.054404197414921175    0.00129585216568271462
4813.0 0.055843337395957787    0.00134751548471794750
4829.0 0.055260850090301392    0.00137974149435007398
4846.0 0.050135531040838968    0.00140485540603422013
4862.0 0.050948644156517578    0.00148663730368808148
4878.0 0.048922250472217377    0.00156808133804499676
4894.0 0.055288749307466571    0.00172688678622064974
4910.0 0.057319317785729892    0.00186782550511507025
4927.0 0.069099735424401634    0.00201437815373801911
4943.0 0.068938266554333508    0.00179298594852843524
4960.0 0.070542995603369810    0.00170387091860620858
4976.0 0.060461986565266780    0.00160234778283052767
4993.0 0.058975980993691009    0.00281586421640342812
5009.0 0.052167144221735053    0.00269865150701892017
5026.0 0.043117201533770834    0.00214171426249919715
5043.0 0.036653250270276126    0.00176858569315943830
5060.0 0.042774532139031290    0.00155611670352519987
5076.0 0.032735120305303171    0.00147362908436664709
5093.0 0.040843487358586013    0.00147927074540984732
5110.0 0.037827495359479914    0.00142750616587921080
5127.0 0.031647012191707936    0.00135308087370094969
5144.0 0.036320770062791059    0.00129576866555711407
5162.0 0.038667947693643616    0.00124974924566113063
5179.0 0.043554979459752001    0.00118520590859099101
5196.0 0.048741868419899734    0.00117881464871659133
5213.0 0.058954466537264563    0.00117320058968738150
5231.0 0.065132056289940760    0.00115943429994418970
5248.0 0.073141262923332159    0.00117365301485086249
5266.0 0.078970892295030556    0.00115390360085176088
5283.0 0.083631934436838348    0.00114067356393204411
5301.0 0.084788226570978079    0.00110424099265793679
5318.0 0.082072606816213312    0.00107668092385388055
5336.0 0.077522661894773554    0.00105190261564171378
5354.0 0.072295971831707537    0.00101821374615492866
5372.0 0.076937077765483641    0.00100888513188519976
5390.0 0.082291088573886464    0.00102969220248773233
5408.0 0.085317517709048149    0.00109639473173467165
5426.0 0.090099573161883453    0.00100779927774405950
5444.0 0.092511241442049738    0.00100004642679668489
5462.0 0.092728543539307581    0.00099271310718154673
5480.0 0.087397740103412086    0.00095570894426957734
5498.0 0.086601319686495287    0.00092924577112330690
5517.0 0.083765830221537607    0.00089645477885588634
5535.0 0.076921855081374210    0.00085363439201268222
5553.0 0.072520373132123755    0.00083032105022015949
5572.0 0.069279866693781139    0.00080943850759853005
5590.0 0.065495714881953632    0.00077672412281307081
5609.0 0.063203664863118944    0.00074957566311178829
5628.0 0.057254825493754172    0.00072388193498227075
5647.0 0.053864712995696014    0.00069977862921300296
5665.0 0.048876478624890585    0.00067018404063114427
5684.0 0.046263415353914795    0.00066963955285037873
5703.0 0.041033983822114407    0.00070196867769873358
5722.0 0.041297715888614146    0.00063775735912111184
5741.0 0.042948416100763130    0.00063480674391135214
5760.0 0.043365045227747825    0.00062752759357969918
5780.0 0.048815495037501738    0.00063362055546466189
5799.0 0.054361322389401959    0.00065003069747478443
5818.0 0.060928748262089716    0.00065511387995695282
5838.0 0.066613756901393192    0.00066919168922629515
5857.0 0.073274155191883183    0.00067906056854245855
5876.0 0.077978003867161083    0.00067746793369637137
5896.0 0.077128871416185338    0.00066005085493271503
5916.0 0.073658404506461370    0.00064512408265611997
5935.0 0.060819604338578533    0.00060376825520332513
5955.0 0.055368811366345957    0.00058738366876158324
5975.0 0.052952980595189117    0.00057644667969683819
5995.0 0.053409089295352125    0.00057144182848489614
6015.0 0.049063801054008517    0.00055318685225434511
6035.0 0.043399295540874565    0.00053867332544638711
6055.0 0.044283297049522559    0.00053449156527378655
6075.0 0.049190165483168631    0.00054054503241731885
6095.0 0.051030857093451357    0.00057176242679372370
6116.0 0.046080475631965302    0.00051459699347100314
6136.0 0.037228413299795537    0.00047046911701338287
6157.0 0.033013295490863938    0.00046362435011597315
6177.0 0.030492807047358100    0.00043832487912767547
6198.0 0.032102122778816140    0.00043424779772740786
6218.0 0.035546290323353394    0.00043889582472286944
6239.0 0.034776034809043961    0.00043487086283522109
6260.0 0.038800576773692447    0.00045056655920067297
6281.0 0.042734689950628596    0.00045713106565457460
6302.0 0.046530869843832083    0.00047555931838166393
6323.0 0.049379950377355271    0.00047695325940184333
6344.0 0.053824905317260328    0.00048752039350757697
6365.0 0.055895015798181270    0.00048436266423591086
6386.0 0.058073402666299283    0.00048317277332680263
6407.0 0.062092745005847272    0.00048800005321421211
6429.0 0.061479107550741090    0.00049536946592144808
6450.0 0.064219799408753123    0.00048451453264828829
6471.0 0.064140260437028668    0.00047504210291125331
6493.0 0.064877165724687352    0.00046939914433326307
6515.0 0.063847486025306197    0.00046672956111770453
6536.0 0.061495914986647061    0.00046079934436335431
6558.0 0.059998346604336589    0.00047327637775015842
6580.0 0.057729663607633923    0.00044978906080556021
6602.0 0.053033244965252378    0.00043904721869090032
6624.0 0.049182593140929654    0.00044294673430678947
6646.0 0.044879361653176297    0.00045015358787576457
6668.0 0.040153447366848269    0.00042537222412161572
6690.0 0.037182742789168971    0.00040422673952603984
6713.0 0.034157671557321988    0.00038641483054142699
6735.0 0.031990670116431752    0.00037447216712802284
6757.0 0.029832485971511915    0.00035843724912732676
6780.0 0.029136779163048989    0.00034772485281648556
6803.0 0.028619237897936613    0.00033830612225668044
6825.0 0.029195453649344137    0.00034134149099074703
6848.0 0.027354301861702273    0.00033102675704637817
6871.0 0.026113693837382920    0.00032708935874668755
6894.0 0.027293761497099490    0.00032714319083653089
6917.0 0.027045939657315766    0.00032821251342618778
6940.0 0.026096024554135563    0.00032460378027387413
6963.0 0.027086393152156531    0.00032608775989088082
6986.0 0.025876116188047523    0.00031749511608164234
7009.0 0.025171338049237740    0.00037324636283023237
7033.0 0.025481649059400341    0.00033911467497161100
7056.0 0.026240308016709235    0.00036462700422110802
7079.0 0.023679972268195813    0.00034867076453219269
7103.0 0.025948258280947472    0.00036229948913456728
7127.0 0.026074766393595919    0.00034723267023864925
7150.0 0.026930407189713259    0.00033061532267147095
7174.0 0.026793855497822101    0.00033050440216443101
7198.0 0.026359591469535058    0.00032396417292258629
7222.0 0.026195577031136633    0.00031438105571311259
7246.0 0.026715512691759764    0.00033460276902398081
7270.0 0.027698993830230532    0.00031842211625187879
7295.0 0.028538981907721694    0.00034552015904820005
7319.0 0.028492437233879904    0.00032708985788099402
7343.0 0.029823219053113786    0.00034614499715649371
7368.0 0.028032291902689722    0.00050702516505072800
7392.0 0.028285600003576987    0.00042608023362585029
7417.0 0.028093771810151030    0.00035659998544090128
7442.0 0.026545707432850823    0.00031612398969150569
7466.0 0.024867028696310575    0.00036684676519351157
7491.0 0.023746966780667900    0.00032222360480120218
7516.0 0.022191335816602840    0.00035230438963513888
7541.0 0.024079849565506205    0.00034785907433845911
7566.0 0.023538994996870739    0.00035304017285636967
7592.0 0.024057311018255763    0.00033826466326240177
7617.0 0.024987426702064903    0.00038365477428117421
7642.0 0.026466809504000245    0.00035082411591249880
7668.0 0.026887949754981648    0.00039429056988022075
7693.0 0.025642382690363147    0.00033177882222063708
7719.0 0.024628229022175950    0.00036167749058736362
7745.0 0.023788791210533306    0.00035366223148979465
7770.0 0.022730699841105421    0.00034592830736010315
7796.0 0.023262258204055888    0.00031906707236958122
7822.0 0.023282770149222826    0.00030942124657105247
7848.0 0.023463978771442125    0.00031149846525498217
7874.0 0.023147301139173068    0.00030151628043420433
7901.0 0.021765159917844615    0.00029764819103130294
7927.0 0.021213477020685843    0.00029427776092660608
7953.0 0.019809282563993898    0.00028669608126754572
7980.0 0.017644732406446088    0.00028308566861621050
8007.0 0.015976860601513265    0.00029381554893736595
8033.0 0.015523256298321526    0.00037654972278233756
8060.0 0.014892471461141966    0.00028393585342226214
8087.0 0.012212205429643609    0.00039157154034961662
8114.0 0.013544355035026798    0.00029964739235186259
8141.0 0.010912612551676876    0.00035231620221641883
8168.0 0.008935757399331603    0.00033688828931265118
8195.0 0.005910733916104332    0.00031680740471684891
8222.0 0.004882513156741823    0.00025927603512387930
8250.0 0.005460711196544795    0.00024434175988340557
8277.0 0.007585906694178644    0.00025877186050760157
8305.0 0.009685773905852043    0.00024651746783886132
8333.0 0.010260911916126375    0.00025605167917216591
8360.0 0.010434135150846813    0.00029263299833107799
8388.0 0.010966654277787657    0.00030460959486790614
8416.0 0.012933228703438512    0.00026863676248191728
8444.0 0.016180505743515958    0.00026874013673436060
8472.0 0.018981063622476663    0.00032386043595399863
8500.0 0.023126635101778554    0.00043183605136546429
8529.0 0.026245045257009807    0.00032687989621213654
8557.0 0.029286580812722961    0.00047911108565452319
8586.0 0.032228014151572455    0.00037253967154975539
