#@Telescope UH88 
#@Reference Saunders et al. (2018) 
#@Redshift 0.0  
#@Spectrum Train_SN84_10.dat 
#@SN-Name Train_SN84  
#@Phase 31.415 
#@Survey SNFactory 
#@SN-Type SNIa 
#@Units Flux 
# 
# WAVE : 
# SN_SPEC : 
# SN_ERR : 
#end 
3305.0 -0.00045894254354285477 0.0054916484224506283
3317.0  0.00495060082139041346 0.0057078306888612724
3328.0 -0.00314112777728673591 0.0052200220118829030
3339.0 -0.00468776043325666667 0.0051508085027390177
3350.0 -0.00090863861733618794 0.0052268868581459354
3361.0 -0.00198691502248552745 0.0051958804987889944
3372.0  0.00188538189150892657 0.0049855142459083353
3383.0  0.01099444831148842748 0.0050774222751718157
3395.0  0.00079167940198447391 0.0048679426263617369
3406.0 -0.00503427630979344596 0.0045880418681271276
3417.0 -0.00513601334173793573 0.0047061566795017990
3429.0  0.00899913241938937389 0.0047115588358201061
3440.0 -0.00172283743555125247 0.0043360398967563418
3452.0  0.00560229289609204522 0.0043043662446837407
3463.0 -0.00139938602620224856 0.0041754240279635816
3475.0 -0.00417640547579205441 0.0040131639120216545
3486.0  0.00921778139328805791 0.0042222468387502687
3498.0  0.00957673477453584859 0.0042717778419097078
3509.0 -0.00123773841999571415 0.0040572419992748274
3521.0 -0.00497056138039287179 0.0040031801342736810
3533.0  0.00302147334811293496 0.0040150230796922445
3545.0  0.01213748269123692686 0.0039663368081441575
3556.0  0.01179428703298580038 0.0038076957883202223
3568.0  0.01521409262576522460 0.0036829552589333196
3580.0  0.01059371234840000321 0.0035932665338362355
3592.0  0.01162305317532800857 0.0035698288557965891
3604.0  0.00335039118742405358 0.0034165022427945645
3616.0  0.00673782799749242812 0.0033332699840438701
3628.0  0.01226715414911433953 0.0033731947066684767
3640.0  0.00679239880473576831 0.0033453416094538909
3652.0  0.00804273496979556954 0.0034892725539962081
3664.0  0.01037882917638167229 0.0034637748600473126
3677.0  0.01581653718147891380 0.0033396102772636732
3689.0  0.01462041012655967628 0.0033783719607822821
3701.0  0.01186621871384350817 0.0033343993207237848
3714.0  0.00870381803282637735 0.0031716079401307904
3726.0  0.01300348021007080059 0.0034261695375727803
3738.0  0.00647260964238370248 0.0031769944197276418
3751.0  0.00656587055934011992 0.0032894929576369604
3763.0  0.00037371563187653818 0.0033540329004810555
3776.0  0.00762841998993048481 0.0031942193563086743
3788.0  0.00728522749840873878 0.0029219632628786777
3801.0  0.00546771579818656865 0.0028805207821621997
3814.0  0.01284258193213631653 0.0029141301829512375
3826.0  0.01642176318055211387 0.0029509678169231126
3839.0  0.01288954448505884830 0.0030067850088699704
3852.0  0.00901137261295685034 0.0030193090825659102
3865.0  0.01441774184282560919 0.0031312774232384890
3878.0  0.01289696960785650243 0.0029473439000930837
3891.0  0.01502742395377442211 0.0028582300355029385
3904.0  0.02128717292420893165 0.0029264166616594046
3917.0  0.01755901233655243754 0.0027897292672538583
3930.0  0.01343327180860191296 0.0027207534034997074
3943.0  0.01713529463353280144 0.0027438902774206894
3956.0  0.01564073828527268867 0.0027154564344797120
3969.0  0.01742627260891996613 0.0026561866220023776
3982.0  0.02044852384177278659 0.0027634184947504703
3995.0  0.01745892156462233724 0.0026741576724477437
4009.0  0.01894734628335668566 0.0026255912194367991
4022.0  0.01753665373792382201 0.0025954543194742045
4036.0  0.02037978305196291168 0.0026361472422092537
4049.0  0.01089784813070759049 0.0024767956386749761
4062.0  0.01649290344512227904 0.0025759546557465522
4076.0  0.01391004121566430732 0.0026415028432146964
4090.0  0.01692901601356222932 0.0025655360417593601
4103.0  0.01512989507241339383 0.0024638482532197831
4117.0  0.01377021427449179325 0.0024941255203724064
4131.0  0.01373737671804270942 0.0024927242157860492
4144.0  0.01122010494218938365 0.0024536406725975653
4158.0  0.01642989606021709806 0.0025028508429553835
4172.0  0.01565449552779743167 0.0024777961900274668
4186.0  0.01822196120371320782 0.0025096071273918094
4200.0  0.01265375589167327085 0.0024425835694606747
4214.0  0.01445684417821598879 0.0024132377610623806
4228.0  0.01790281995240570675 0.0024477371996220699
4242.0  0.01676963865789231345 0.0024745848947439792
4256.0  0.01234441722917128427 0.0024367814624281395
4270.0  0.01568329894867622615 0.0024540734357130661
4284.0  0.01413805247833161902 0.0024126841397601397
4299.0  0.01536729601237583377 0.0023611769060164259
4313.0  0.01700041512735969013 0.0023803392805996889
4327.0  0.01286192326766701435 0.0023312327310980492
4342.0  0.01479496782869848225 0.0023658700003102505
4356.0  0.01181190809337862545 0.0023235922492936822
4371.0  0.00889681993362558161 0.0022303847257966335
4385.0  0.00730122786033414028 0.0022352133602165994
4400.0  0.01272462471956879553 0.0022509358541797832
4415.0  0.00809293218189483139 0.0022051558678560816
4429.0  0.00339842522405628313 0.0021823367024554007
4444.0  0.01242078462616267795 0.0022510033953390056
4459.0  0.01310418678776153339 0.0021973278885563216
4474.0  0.01401782327335467093 0.0022640618528763949
4489.0  0.01323372076941189100 0.0022209128805996577
4504.0  0.01602489122740068453 0.0022997237000355747
4519.0  0.01508955741732391498 0.0022861670430253471
4534.0  0.02151706446512564180 0.0023587852717816562
4549.0  0.02326497031758970047 0.0023458210995423710
4564.0  0.02263080246927743483 0.0023603083119590226
4579.0  0.02875319393630669865 0.0024852326084659837
4594.0  0.03163256464191317036 0.0025077052048385192
4610.0  0.03190271589821092740 0.0025121374607980805
4625.0  0.02940815736276299747 0.0025608140209552378
4640.0  0.02109119149491398698 0.0025193875804366346
4656.0  0.03193887182757280258 0.0027011113374333443
4671.0  0.01483948441653375888 0.0027055347949203625
4687.0  0.01624560871341291374 0.0029367837106877791
4703.0  0.01788907183972708245 0.0030995011501925118
4718.0  0.02147484105966884424 0.0034132591524960671
4734.0  0.01142627008656602397 0.0036363646681152016
4750.0  0.00859079132052464715 0.0036397826528969850
4766.0  0.01106662729701564200 0.0036190723318025686
4781.0  0.00269966679282210775 0.0033444844217600275
4797.0  0.01525673014330371571 0.0034271437893144655
4813.0  0.01222272545378277724 0.0050036390934671583
4829.0  0.00703984521515546666 0.0070605135169514322
4846.0  0.00296834710406543171 0.0056956410089589902
4862.0  0.01295001467068638938 0.0046166646659695290
4878.0  0.01490396132888690585 0.0038356987482452199
4894.0  0.02942145260097302553 0.0037802906380006171
4910.0  0.02661113117868544459 0.0037031797264411295
4927.0  0.02299802267378555851 0.0036772833447373896
4943.0  0.02714689805838128855 0.0035366879215429975
4960.0  0.02006622369766477773 0.0033120246010337044
4976.0  0.02474843638709346358 0.0030201123247531169
4993.0  0.01552840379878909875 0.0027796228691585193
5009.0  0.01659130271661226827 0.0027052980977178573
5026.0  0.01178882978195508989 0.0024545542271302910
5043.0  0.01945232001855284193 0.0024795056123196784
5060.0  0.00621652367577100063 0.0022026594139870569
5076.0  0.01051012233119275573 0.0021643151149036226
5093.0  0.01171617237102672363 0.0021240282074518270
5110.0  0.01061832396968486435 0.0020482559449971475
5127.0  0.01298676329305573952 0.0020199616993445118
5144.0  0.01317121971207212486 0.0019538454721639742
5162.0  0.01353382497512618278 0.0019051189364302215
5179.0  0.01455985358110908900 0.0018727653717211239
5196.0  0.01493298450795016094 0.0018560278345312101
5213.0  0.01503946909434740811 0.0024474609155565215
5231.0  0.01854132033494936688 0.0018226015542229211
5248.0  0.02081764681090560523 0.0017822571315222553
5266.0  0.02383619878560813699 0.0017537872636678999
5283.0  0.02370092991338002691 0.0017164307187488375
5301.0  0.02854285129628834905 0.0016919126293006642
5318.0  0.02377986050100692333 0.0016763607278247510
5336.0  0.01962863277741045895 0.0016083633972347657
5354.0  0.02268504533712227891 0.0015978450032132058
5372.0  0.02306763482234807164 0.0015739082883127890
5390.0  0.02525132283061335206 0.0015488523568812627
5408.0  0.02741485789049400920 0.0015341519033352095
5426.0  0.03165030395757683496 0.0015511208772523882
5444.0  0.03902904312653698859 0.0015852700185861725
5462.0  0.04180866928338995703 0.0015991621568616546
5480.0  0.04188511240949509273 0.0016190020634707556
5498.0  0.04487368789873584507 0.0016752411211478321
5517.0  0.05176427458892784300 0.0017995610389144744
5535.0  0.04690328609455362424 0.0015638100770867477
5553.0  0.04646380672789466454 0.0015577382279259885
5572.0  0.04639625460837108750 0.0015490778699249236
5590.0  0.04644589173291698708 0.0015029771782419207
5609.0  0.04070697135457757715 0.0014246318519477827
5628.0  0.03400028050771489868 0.0013714970281327762
5647.0  0.02954303784711571901 0.0012961765744978111
5665.0  0.02661044827726546935 0.0012547486173904185
5684.0  0.02469416213133351912 0.0012092237748350910
5703.0  0.02780346844693160416 0.0012122012497570061
5722.0  0.02592884099441861157 0.0011944498551119413
5741.0  0.02516980543785277483 0.0011879715986684569
5760.0  0.02903443451850169083 0.0011943978357860632
5780.0  0.03148425419275179687 0.0011991134902306346
5799.0  0.03791454540725040095 0.0012365424792900519
5818.0  0.03445151965992564180 0.0011925847791218586
5838.0  0.03395165743569566325 0.0012007589954885749
5857.0  0.03052277094121937442 0.0011605887693796151
5876.0  0.02982391121908155307 0.0011593179490798431
5896.0  0.02703629091957973976 0.0012691113426186588
5916.0  0.02739429213554168963 0.0010809094118350542
5935.0  0.02440286157333442993 0.0010515441073387407
5955.0  0.02088046478285818588 0.0010793820141348450
5975.0  0.02091670669930531176 0.0010105049584244656
5995.0  0.01845634552263315797 0.0009650073062676001
6015.0  0.01777172932217383275 0.0009489101510940540
6035.0  0.01958526631328273357 0.0009744217166731992
6055.0  0.01784125132483923085 0.0009603676179716800
6075.0  0.01763123745796162101 0.0009381122424327165
6095.0  0.02049570324004627159 0.0009389691865588538
6116.0  0.01846503147107337456 0.0009051248234540881
6136.0  0.01817453749585085793 0.0008965513975441917
6157.0  0.01350260219154444941 0.0008624492936202522
6177.0  0.01630523738228455491 0.0008569432198525755
6198.0  0.01527215778690750245 0.0008420163418143565
6218.0  0.01815108837286967883 0.0008408528238794446
6239.0  0.01834382764397043258 0.0008357558363562683
6260.0  0.01664212344566602664 0.0008185104573396467
6281.0  0.01898579717518577431 0.0008380683848971835
6302.0  0.01793640289364104370 0.0008230574048982057
6323.0  0.02016101678491583754 0.0008220926298754305
6344.0  0.02434886888969724911 0.0008509569954520673
6365.0  0.02487200595877689727 0.0008468464454836378
6386.0  0.02666868236963565453 0.0009117927659725805
6407.0  0.03147952607160155181 0.0008955627579135569
6429.0  0.03404585795621693084 0.0010139888385040559
6450.0  0.03950677083897227715 0.0009904684722018831
6471.0  0.03847980293969670285 0.0009566994647625339
6493.0  0.04209674102156656106 0.0009460342421607240
6515.0  0.03626018432242493483 0.0009035581495802653
6536.0  0.04235258549617230278 0.0009234468602183307
6558.0  0.03980494308966431305 0.0009589126428583364
6580.0  0.03536025347964261850 0.0009016230245807866
6602.0  0.03333627319433313252 0.0008598455058424033
6624.0  0.03369848671457768841 0.0008528593431686508
6646.0  0.02691454137757423939 0.0008108022358038086
6668.0  0.02405899461115449528 0.0007834344168677446
6690.0  0.02095102474593404929 0.0007600582100383932
6713.0  0.01801267085630801901 0.0007647097453402032
6735.0  0.01738286006729634209 0.0007308695537890946
6757.0  0.01732148184103655605 0.0007526025445910486
6780.0  0.01831164465439043612 0.0008854238193042508
6803.0  0.01942023411307524858 0.0008550640972352966
6825.0  0.01558227432272889582 0.0007638003107232582
6848.0  0.01766063330907082646 0.0008102190090326902
6871.0  0.01896044980390577950 0.0008151539021129305
6894.0  0.01640098365110441436 0.0007855809516657994
6917.0  0.01573810721930116521 0.0007596196563698408
6940.0  0.01591990203398685813 0.0007068662506055691
6963.0  0.01592299904058600696 0.0007175204835773968
6986.0  0.01810992834447447408 0.0007568044817523427
7009.0  0.01712732988952879107 0.0007173005727780932
7033.0  0.01852329152335118259 0.0007702089254915928
7056.0  0.01449738562872976595 0.0006960789590340412
7079.0  0.01481404544666350270 0.0007234029585933587
7103.0  0.01253241954592814941 0.0009766723319921343
7127.0  0.01381141583701611837 0.0010723031904401089
7150.0  0.01463880599507313973 0.0008924509902589444
7174.0  0.01740638776274780475 0.0007482114101075270
7198.0  0.01756690058335649146 0.0007315450084467111
7222.0  0.01831242787932696112 0.0008677636146334773
7246.0  0.01993054620640805422 0.0008473279060051552
7270.0  0.01903002510016959387 0.0007701864390851907
7295.0  0.01797801692621036826 0.0008382818413638197
7319.0  0.01890678538704449255 0.0008509536153821577
7343.0  0.01952105956712927443 0.0009111730065530060
7368.0  0.02302761937029838835 0.0008754230198187080
7392.0  0.02161193034872017221 0.0008899283295007757
7417.0  0.02391222216490778915 0.0008730203653178552
7442.0  0.02191756212761117664 0.0008694590992660301
7466.0  0.01969846218056251624 0.0008836560043837037
7491.0  0.01782586388939727887 0.0007943145411612322
7516.0  0.01710390784682681159 0.0007931825586854988
7541.0  0.01795436161606080508 0.0007740572394826523
7566.0  0.01790561000939716249 0.0007567483849760064
7592.0  0.02023323814037781068 0.0007517583642278254
7617.0  0.02227748010111507693 0.0007750095066671184
7642.0  0.02495451290208639331 0.0007860688327794520
7668.0  0.02439645679321628818 0.0007979921014392257
7693.0  0.02671676631264255017 0.0007936706106216725
7719.0  0.02851766881916146731 0.0007950553941553320
7745.0  0.02984016278850131973 0.0009721087116776698
7770.0  0.02440624660430161519 0.0009112113638003822
7796.0  0.02380699240001935002 0.0009856788539462393
7822.0  0.02486772207103097806 0.0008906248280919450
7848.0  0.02368073533673577952 0.0009700371458161573
7874.0  0.02104484655442373509 0.0009621439421837481
7901.0  0.01747174095086312384 0.0008338475008153615
7927.0  0.01501879325413466547 0.0008295579066148950
7953.0  0.01477928632867989839 0.0008221889726263863
7980.0  0.01204834913386027342 0.0007292927955975279
8007.0  0.01334116826151963107 0.0007390710398745298
8033.0  0.01473007560975353632 0.0007372288404916261
8060.0  0.01489972315479137256 0.0008706593895261843
8087.0  0.01324889744346289741 0.0009152271908407320
8114.0  0.01547931474421703445 0.0008645739282986975
8141.0  0.01093444873688614524 0.0007103566882353344
8168.0  0.00431445842612989457 0.0006452186895956312
8195.0  0.00238136977790066439 0.0009934488946519028
8222.0  0.00212611427222164596 0.0008057189070488892
8250.0  0.00575462012178818913 0.0010139621099486996
8277.0  0.00091178947436093203 0.0007808343453173249
8305.0  0.00386141138459274646 0.0009552927759729129
8333.0  0.00577874600386098572 0.0010007424741554974
8360.0  0.00496105893566799964 0.0008026870159394877
8388.0  0.00613778258713276997 0.0008692317111426488
8416.0  0.00682622604667310930 0.0008865783907556228
8444.0  0.01209809498811663733 0.0007700195897720519
8472.0  0.01478979121751595842 0.0008231575074188074
8500.0  0.01853312500491278297 0.0008340689294501660
8529.0  0.02030746821691626139 0.0008204839087900486
8557.0  0.01995637927094788197 0.0008589446632886203
8586.0  0.02130923941868713423 0.0008436311853682246
