#@Telescope UH88 
#@Reference Saunders et al. (2018) 
#@Redshift 0.0  
#@Spectrum Train_SN120_6.dat 
#@SN-Name Train_SN120  
#@Phase 8.767 
#@Survey SNFactory 
#@SN-Type SNIa 
#@Units Flux 
# 
# WAVE : 
# SN_SPEC : 
# SN_ERR : 
#end 
3305.0 0.056443865187259072    0.0075161709656430820
3317.0 0.067660085107154003    0.0077636457883855266
3328.0 0.060741347459254282    0.0073184304543707180
3339.0 0.054722096098972689    0.0071563654449047047
3350.0 0.053897946948232779    0.0068515462264956148
3361.0 0.063866246989505646    0.0068161018800434710
3372.0 0.070183267077497197    0.0066182171331614602
3383.0 0.068637534070350628    0.0067337137414001606
3395.0 0.058800315022158926    0.0066703004464633668
3406.0 0.067279888191356468    0.0065373828557688538
3417.0 0.077240699084301243    0.0066293793549570563
3429.0 0.070762573401829496    0.0061675756440557755
3440.0 0.071361113872810855    0.0059386976096832775
3452.0 0.093782946127366526    0.0061651236642417543
3463.0 0.092434438529445398    0.0061782711187843729
3475.0 0.090099028531210823    0.0060415389473410094
3486.0 0.094676199500481950    0.0061707104509374769
3498.0 0.110031822316929095    0.0061045142650883368
3509.0 0.132171241197675648    0.0062337822906546438
3521.0 0.145046983936833657    0.0063441502654088284
3533.0 0.148277380588997143    0.0061861505922096716
3545.0 0.167726494877874110    0.0061873144693396437
3556.0 0.165194809903893403    0.0060626953972230469
3568.0 0.171321487590327837    0.0058738662856735232
3580.0 0.175485045863705225    0.0059040111833763695
3592.0 0.164878455051204215    0.0056369404066814966
3604.0 0.173756733317596584    0.0057062384223156917
3616.0 0.172158018220179454    0.0057027411828655681
3628.0 0.175854590474161632    0.0058266424493832432
3640.0 0.188596860701218227    0.0059343432820694337
3652.0 0.224223180621896695    0.0060101448260867132
3664.0 0.226444633300053461    0.0059100933086550164
3677.0 0.212985469424041590    0.0058290237329925226
3689.0 0.186588685571337620    0.0056995194531362908
3701.0 0.170166332236755563    0.0054846048889901139
3714.0 0.151244886819499824    0.0053219384851220849
3726.0 0.125277081063070783    0.0050880559162757872
3738.0 0.096424284813138833    0.0051846987103952632
3751.0 0.089138684721364547    0.0051205205333739691
3763.0 0.092933790438490302    0.0046932014646831844
3776.0 0.084725843918631527    0.0044030322797982352
3788.0 0.088534111309768695    0.0043600189738008830
3801.0 0.100748934155298231    0.0045234316914480356
3814.0 0.116080627512858928    0.0046251621236443616
3826.0 0.135102501331264335    0.0048573832748105839
3839.0 0.169896303930802961    0.0052341623371400239
3852.0 0.185807522892919574    0.0052080867598630594
3865.0 0.218344040329210315    0.0052710974296882917
3878.0 0.255706370919794701    0.0053521622284204706
3891.0 0.283737247793852398    0.0055006610136814852
3904.0 0.303793657153616892    0.0055058693024581957
3917.0 0.322262752628330484    0.0055961563143969795
3930.0 0.325887296314834762    0.0055671389341228634
3943.0 0.311609361660546702    0.0053922196505791281
3956.0 0.313117067659828219    0.0053897284177994789
3969.0 0.280391043570736354    0.0051326246180001360
3982.0 0.251098687105138108    0.0050307400125730638
3995.0 0.224637930676160003    0.0048228172301427981
4009.0 0.218857319310834547    0.0046920367674001132
4022.0 0.213015223926965952    0.0046959141895344314
4036.0 0.228950313300811475    0.0047149813546101954
4049.0 0.244628810782701323    0.0047864889848307311
4062.0 0.255012642681331503    0.0049435440388906860
4076.0 0.255942422895849675    0.0049398126542538516
4090.0 0.254659017617139938    0.0048743839143196507
4103.0 0.248614144507173979    0.0047541385667113998
4117.0 0.260130334850856848    0.0047794137694732340
4131.0 0.265055824127979900    0.0048176390637264142
4144.0 0.247105397700525614    0.0047504985716846533
4158.0 0.262029247414800104    0.0048811433862246834
4172.0 0.274531709653134059    0.0049037560872158183
4186.0 0.277895516125773401    0.0048950835636198901
4200.0 0.271673136555158679    0.0048306921260096863
4214.0 0.267376642745984217    0.0047720143222082451
4228.0 0.256727641953121200    0.0047361766992896218
4242.0 0.237703975141600021    0.0046591722515225611
4256.0 0.225589197396176805    0.0045710871006260307
4270.0 0.224439266281176136    0.0044677189854630218
4284.0 0.196048780796575894    0.0042273920824066995
4299.0 0.185414572430961350    0.0041251114965306377
4313.0 0.185114358371199300    0.0041028377444950158
4327.0 0.173682768569816959    0.0040278832294527315
4342.0 0.162188096926667052    0.0040052308520656995
4356.0 0.159612083394797433    0.0039629379516607456
4371.0 0.157262862709255768    0.0038652968014970049
4385.0 0.150503932164542692    0.0038024122520665701
4400.0 0.140258559884195666    0.0038151934965757060
4415.0 0.152488082905907679    0.0038272041421655253
4429.0 0.173483194706300636    0.0039755560296908079
4444.0 0.171169934105304206    0.0039356947259697704
4459.0 0.189021161910633950    0.0040365738225747513
4474.0 0.204555879560816500    0.0041443597500303879
4489.0 0.218556752964165685    0.0042323066199698436
4504.0 0.241193717249915507    0.0043595437840256365
4519.0 0.245978012063500368    0.0044002778765799191
4534.0 0.259759796199750037    0.0044871228733257603
4549.0 0.267705727179919251    0.0045248815677839246
4564.0 0.284587781538485241    0.0046060672541296957
4579.0 0.272153713840914691    0.0046249309449701128
4594.0 0.260815647408351725    0.0045674229767069972
4610.0 0.268770854664170056    0.0046725553475728335
4625.0 0.263266421325541955    0.0048174404236008429
4640.0 0.235303528334503909    0.0048409490038610571
4656.0 0.206451330165641600    0.0048381537815899156
4671.0 0.201563673495022189    0.0052212721067290196
4687.0 0.175959011292378814    0.0054720649517582334
4703.0 0.169592354046771948    0.0058094418857122989
4718.0 0.173222013238270967    0.0060901290374024792
4734.0 0.148364680893399770    0.0059963135795204113
4750.0 0.148607348192700522    0.0058904033736804353
4766.0 0.140372366983533670    0.0052089715285623291
4781.0 0.151610495162719711    0.0052801080488607353
4797.0 0.143242791683689585    0.0052868562775792247
4813.0 0.148296701258844893    0.0097605411812424769
4829.0 0.118397243896647714    0.0076561558743012967
4846.0 0.126622390078261454    0.0063176199031178678
4862.0 0.127065130363868711    0.0055527369452873440
4878.0 0.138876370552526301    0.0054654521473086999
4894.0 0.145039421402583080    0.0054409050383773805
4910.0 0.144526715145706669    0.0053116169720914359
4927.0 0.160568096354672812    0.0052588813478543694
4943.0 0.153122045857843614    0.0049456447408033968
4960.0 0.145716916898636029    0.0045148314078704141
4976.0 0.123820454368042968    0.0041078141937921902
4993.0 0.119184873976995245    0.0039569112117655517
5009.0 0.122079235672290856    0.0037676054829884650
5026.0 0.121758491460012525    0.0035780698046853120
5043.0 0.137300464610650264    0.0035633026488999611
5060.0 0.149363738846005067    0.0035283001261981382
5076.0 0.159463228650351146    0.0035029608057679561
5093.0 0.167313723556415883    0.0034351565694543534
5110.0 0.171438481236054735    0.0033634500915264496
5127.0 0.186994749325816695    0.0033689046454430625
5144.0 0.186934464906172049    0.0033481686059787081
5162.0 0.210840972692290823    0.0033983218843213563
5179.0 0.204323844465463339    0.0032720924102399361
5196.0 0.213954852834382342    0.0040307092553928938
5213.0 0.213680642428583173    0.0038612491580745510
5231.0 0.204034518006959847    0.0031147021594118470
5248.0 0.185761359879417942    0.0029884502524943619
5266.0 0.165951129700732031    0.0028334343456219335
5283.0 0.158297921678939357    0.0027157230438285547
5301.0 0.149432447942677210    0.0026020870464162197
5318.0 0.151713212945156661    0.0026075774831011019
5336.0 0.148298974218767809    0.0025595899554561800
5354.0 0.144351725630462890    0.0025005385505668413
5372.0 0.147179326823064366    0.0024497074366213890
5390.0 0.145077142269748410    0.0023937242553624281
5408.0 0.152517396220338691    0.0023975121787209379
5426.0 0.144633773702960877    0.0023105482547203810
5444.0 0.138150341559922563    0.0022668944747370251
5462.0 0.123199747690162523    0.0021867901353864630
5480.0 0.124227944064350615    0.0022037969574151121
5498.0 0.128742248381169322    0.0024281225740863713
5517.0 0.133407330379322314    0.0021754735597264018
5535.0 0.138107761383583161    0.0021459107182763113
5553.0 0.139819172269040864    0.0021397867633732083
5572.0 0.139446760825532950    0.0021224089920577611
5590.0 0.141697503473049213    0.0020796511952537620
5609.0 0.141624134697378140    0.0020253765252589554
5628.0 0.132725041907937824    0.0019714039507746253
5647.0 0.126964987379237476    0.0019138467364654226
5665.0 0.121676856992593257    0.0018572911490449874
5684.0 0.118307572961064728    0.0018204218637184627
5703.0 0.118355895995443897    0.0017955755364972973
5722.0 0.112534378182180650    0.0017501029173517338
5741.0 0.117164828380429964    0.0017589354947277844
5760.0 0.118797689024001230    0.0017525210876627320
5780.0 0.124048159981034772    0.0017609652815699086
5799.0 0.129096194702933348    0.0017677203809174785
5818.0 0.134604754882291705    0.0017983010785718547
5838.0 0.149843210805392812    0.0018323391686138938
5857.0 0.149913975897841889    0.0018200981437207005
5876.0 0.150082686167375690    0.0019450399862705403
5896.0 0.147782780664007601    0.0017411187296876951
5916.0 0.144725496337529125    0.0017019952034275042
5935.0 0.139092988547523999    0.0017258089828772912
5955.0 0.132331036703565802    0.0016427044081640120
5975.0 0.126434978011020077    0.0015993897065872814
5995.0 0.120133829851726090    0.0015612933225646317
6015.0 0.115328863981634472    0.0015284373184474044
6035.0 0.098693984655769507    0.0014907271386949751
6055.0 0.079038170563164464    0.0013770820230802516
6075.0 0.055431703175976670    0.0012445529209960196
6095.0 0.045016925329836019    0.0011734978309908000
6116.0 0.039361038215613084    0.0011319212751189440
6136.0 0.039700835933195365    0.0011056980684659942
6157.0 0.043709547156900154    0.0011032325280979974
6177.0 0.054595570285876492    0.0011378042502469257
6198.0 0.066545548205224445    0.0011832248586676620
6218.0 0.080039477564466430    0.0012315528774726741
6239.0 0.091506591505890522    0.0012745318281565416
6260.0 0.099616692689750860    0.0012913084131187928
6281.0 0.111282600531633802    0.0013305077346884092
6302.0 0.105756025118218577    0.0013024801896302570
6323.0 0.107055405868465806    0.0012950194012411188
6344.0 0.100973986190777187    0.0012696816092828630
6365.0 0.103288903150986697    0.0013156897080948767
6386.0 0.099261309789458158    0.0012964502584082765
6407.0 0.100923943297926394    0.0014269407259158741
6429.0 0.099032710291600740    0.0013336270284334563
6450.0 0.096960072871574279    0.0013120936604805481
6471.0 0.096085161247123019    0.0012602281268960323
6493.0 0.095297986776284274    0.0012276199664381180
6515.0 0.089775514209467305    0.0011904834089797483
6536.0 0.087533869704390338    0.0011642838464073840
6558.0 0.085561478894826459    0.0011420830954564556
6580.0 0.078044562409133253    0.0011345664825533545
6602.0 0.076047789017500755    0.0011141528706212749
6624.0 0.069029991425285653    0.0010696942743764635
6646.0 0.067405365901364575    0.0010560516788243818
6668.0 0.066453281980015502    0.0010568459238231597
6690.0 0.062535482124346425    0.0010382187978560488
6713.0 0.058342345576847580    0.0010100297518248447
6735.0 0.056842958322990883    0.0009913333759928899
6757.0 0.055658519427503786    0.0012293640318938764
6780.0 0.054716892330405380    0.0011357060310508169
6803.0 0.053013335311124510    0.0011220429981899786
6825.0 0.053120261260831900    0.0011254234833372727
6848.0 0.053084481426511149    0.0011443105139050326
6871.0 0.049835755828863806    0.0010979823537781500
6894.0 0.050959888865799739    0.0010110368313484466
6917.0 0.048172947331523046    0.0009787312370209595
6940.0 0.046334133033156505    0.0009749693578066986
6963.0 0.045480046265662481    0.0009623866635057144
6986.0 0.046021862555628526    0.0009862892945517068
7009.0 0.044452965692980802    0.0009694833357264892
7033.0 0.042610889530797273    0.0009756725735233471
7056.0 0.044951005601997308    0.0009711907178470938
7079.0 0.042013639701134489    0.0010932927021776314
7103.0 0.038322326743019733    0.0014733710655951981
7127.0 0.037843836689648080    0.0012222573586673842
7150.0 0.039519663076600521    0.0009875740383960985
7174.0 0.042443755942673085    0.0009237197036695274
7198.0 0.039830500682227717    0.0011730521512699425
7222.0 0.041367711588489973    0.0010681781154200419
7246.0 0.039404283769287417    0.0010335988751183911
7270.0 0.037542312777457357    0.0010729856677145729
7295.0 0.038412844699972387    0.0011243792835579634
7319.0 0.034430062876911964    0.0011219295923321803
7343.0 0.030419614275745972    0.0011102171081173462
7368.0 0.030640298920840178    0.0010336727162126131
7392.0 0.031220735854491612    0.0012067246694758909
7417.0 0.025954885557526102    0.0009445222887415671
7442.0 0.024062933213180863    0.0010495088266389259
7466.0 0.022540832732857726    0.0010244413633922573
7491.0 0.020082689680753701    0.0009675077465797073
7516.0 0.023145333108347935    0.0009066748094036192
7541.0 0.019860820987632168    0.0008080268073841119
7566.0 0.023555894812291794    0.0008601024560042845
7592.0 0.023013658778127020    0.0008507111384265996
7617.0 0.021634263266659026    0.0008157781429024734
7642.0 0.023764252445648712    0.0008496090312376385
7668.0 0.024829494616191661    0.0008391305682915634
7693.0 0.024293944113536903    0.0008399386535215905
7719.0 0.022876373258619950    0.0010013491581728243
7745.0 0.025082267206805457    0.0011850836268046581
7770.0 0.026589478186418963    0.0009550189815747735
7796.0 0.027375106816350848    0.0012964508150051079
7822.0 0.025647433376003399    0.0010467209493152168
7848.0 0.025438373263020217    0.0011666039915121744
7874.0 0.030894078491096572    0.0012016206598148482
7901.0 0.031293560048195328    0.0011300085494655064
7927.0 0.031215928800688828    0.0010436455188609706
7953.0 0.027078574293386736    0.0008659936492387086
7980.0 0.025677849395944231    0.0009137614462659896
8007.0 0.026086676623960678    0.0008725440585899397
8033.0 0.023895102641036840    0.0009856563209503157
8060.0 0.021547925131294273    0.0012217475891065539
8087.0 0.017427699988087016    0.0012142439269042784
8114.0 0.013392644050486157    0.0008435169295498487
8141.0 0.012500111494561515    0.0007687645280419489
8168.0 0.011677136492578686    0.0011483509974984142
8195.0 0.010902892144816760    0.0012283269743551006
8222.0 0.007551895437895722    0.0010440270219082386
8250.0 0.008292983833419655    0.0012756242403700838
8277.0 0.012331075026087454    0.0011022300004423621
8305.0 0.012314221907105721    0.0012008274091726131
8333.0 0.015737003915105061    0.0012814666201741115
8360.0 0.016486741577334072    0.0011949909271927706
8388.0 0.021106768536119844    0.0011397228061814236
8416.0 0.023577110614164180    0.0009348401045907061
8444.0 0.025055197501424913    0.0010273309048776358
8472.0 0.030593340581312460    0.0009816719767290827
8500.0 0.032275674354545161    0.0010005564549954715
8529.0 0.033623979825858782    0.0010044249335716658
8557.0 0.035541162678969999    0.0010367027234596201
8586.0 0.039228904642653994    0.0010411447065958800
