#@Telescope UH88 
#@Reference Saunders et al. (2018) 
#@Redshift 0.0  
#@Spectrum Train_SN63_13.dat 
#@SN-Name Train_SN63  
#@Phase 18.696 
#@Survey SNFactory 
#@SN-Type SNIa 
#@Units Flux 
# 
# WAVE : 
# SN_SPEC : 
# SN_ERR : 
#end 
3305.0 0.021692365784687154    0.00355367607855098253
3317.0 0.021651765376913917    0.00336979156591266007
3328.0 0.016453167069576526    0.00340080674520605586
3339.0 0.012666827035181089    0.00328924824045057421
3350.0 0.018167605203858166    0.00322624816483569601
3361.0 0.012698205432012440    0.00318145466457704336
3372.0 0.018184999977821588    0.00323955237166995451
3383.0 0.018423062076201174    0.00313833010973805018
3395.0 0.019710779181204067    0.00302656521903635995
3406.0 0.027895453339653899    0.00306361741662770654
3417.0 0.024436491673773379    0.00318556702304672191
3429.0 0.027642289874715124    0.00313993043536115552
3440.0 0.027913383912947540    0.00294099784622147819
3452.0 0.027510806319713803    0.00282290067437484214
3463.0 0.026150558398757611    0.00298481621071416091
3475.0 0.025540396635306720    0.00278937771172594728
3486.0 0.032192100161243117    0.00279515567608371084
3498.0 0.031546000315305286    0.00282788723940658382
3509.0 0.034157187267992488    0.00287399130840205325
3521.0 0.037196200380050094    0.00293330222268574923
3533.0 0.042241627378333257    0.00289178483153557575
3545.0 0.043972392189541146    0.00276340689876480774
3556.0 0.045517441223220600    0.00275662448811023588
3568.0 0.047879443864696912    0.00272030382648054620
3580.0 0.045483139844526746    0.00268944911725720525
3592.0 0.047195835013325603    0.00265805717585082058
3604.0 0.046276755247046109    0.00256989653665363072
3616.0 0.045185070120244281    0.00254751335296157441
3628.0 0.043731179825705166    0.00253678176286989713
3640.0 0.041985459874924844    0.00259336724770858115
3652.0 0.050380667247625750    0.00251843656606713737
3664.0 0.051595974399489618    0.00255202921199513145
3677.0 0.057547731421508132    0.00246465394148147159
3689.0 0.053588106461157886    0.00233633396742376556
3701.0 0.044950306842473663    0.00229450261860123959
3714.0 0.038972228400426655    0.00225451356255988809
3726.0 0.036995360116457342    0.00240386786387642793
3738.0 0.029052265464765921    0.00219914486281828263
3751.0 0.027373273794424006    0.00225627730488764866
3763.0 0.022613772667327246    0.00224074787731591086
3776.0 0.021830364610971532    0.00215004202808570131
3788.0 0.023220709032139832    0.00191356510686397697
3801.0 0.021152755044731589    0.00209819048685391070
3814.0 0.031581889537622664    0.00216138396819606999
3826.0 0.036412542942695102    0.00207380388124391545
3839.0 0.044603411621361021    0.00243092674136690572
3852.0 0.053585578740470687    0.00256157183728037254
3865.0 0.064510368787087727    0.00252242139315449936
3878.0 0.079239125086395065    0.00243726184218796132
3891.0 0.080468374745570240    0.00237848505546286613
3904.0 0.081465519682466958    0.00236617011876561530
3917.0 0.081398110820181127    0.00235093200780253295
3930.0 0.087121975750139261    0.00240982092500780691
3943.0 0.092725922086061660    0.00251605414120744698
3956.0 0.096113692237368833    0.00249117083805140216
3969.0 0.102471729175073245    0.00245301381809962145
3982.0 0.098346808014364295    0.00241207772017715044
3995.0 0.093152998963202546    0.00233056043100020446
4009.0 0.089115091690198781    0.00227708673331381440
4022.0 0.078006183423564204    0.00221866582283199339
4036.0 0.072240239268875614    0.00217357006737241981
4049.0 0.065294646716635624    0.00210779769424078401
4062.0 0.077143083791616968    0.00218308118399212223
4076.0 0.073773195067993569    0.00213314004970228217
4090.0 0.069674740662378165    0.00209741969958519457
4103.0 0.066747673149023759    0.00201571705867697364
4117.0 0.069105331337885254    0.00199185408795277824
4131.0 0.062116954131398720    0.00196280627519690920
4144.0 0.058275816285208504    0.00187169984440066885
4158.0 0.054107593333080489    0.00195899348839749694
4172.0 0.063327436451600577    0.00201729918639341347
4186.0 0.071252630481348861    0.00202444430181682265
4200.0 0.075215504439451991    0.00207224994522025186
4214.0 0.072871276195503015    0.00204526728114393617
4228.0 0.069696064260247423    0.00199863871200823152
4242.0 0.068987871448639368    0.00200642786455077762
4256.0 0.066265850944404070    0.00199790286942314130
4270.0 0.065674219844808174    0.00195251361050133515
4284.0 0.066533905551876313    0.00194452378033660488
4299.0 0.066983364823253774    0.00190457704041469044
4313.0 0.070989058772306171    0.00191420710429686435
4327.0 0.073272818937128462    0.00193981484783580112
4342.0 0.068033264386454809    0.00195324743242566946
4356.0 0.058702079129035925    0.00187962079817532990
4371.0 0.047809036994569232    0.00180544579375474979
4385.0 0.047866185393190049    0.00180097916466985248
4400.0 0.048360599714776013    0.00181436302269679414
4415.0 0.045039172800184046    0.00176383454617091333
4429.0 0.042864385374375445    0.00174153344415569657
4444.0 0.045410996364654350    0.00177864560154371732
4459.0 0.053358882749909020    0.00177055083985478106
4474.0 0.053191293900201234    0.00175973449492395685
4489.0 0.061064203694142255    0.00180271349688372129
4504.0 0.058818660504468608    0.00178154613754010101
4519.0 0.067602176959537547    0.00180171153033080694
4534.0 0.082065239969213014    0.00182860347428735141
4549.0 0.104604932544753004    0.00191740632718942310
4564.0 0.119170458125977499    0.00194466539143802169
4579.0 0.120789405605973468    0.00195196576923462755
4594.0 0.120631790629928043    0.00194681707598112698
4610.0 0.127505968265807595    0.00195216511865151229
4625.0 0.136944455646051233    0.00201240271211908803
4640.0 0.149037010121795599    0.00202606813896103041
4656.0 0.126051939891430709    0.00192041542831040903
4671.0 0.100454100756329920    0.00184466938798115627
4687.0 0.083209527710268003    0.00176470434040170679
4703.0 0.068326142746108362    0.00174784452102067357
4718.0 0.059535911532106099    0.00170960971771255276
4734.0 0.062997873793965917    0.00173140923145510286
4750.0 0.065911461986357306    0.00177902497524822173
4766.0 0.060109530931148666    0.00180716517145759195
4781.0 0.065114244973700178    0.00191642931507414677
4797.0 0.068058056512933743    0.00203349320523298288
4813.0 0.076569356397140936    0.00218940882397436129
4829.0 0.088686578090405505    0.00236927934787593223
4846.0 0.076318504796400524    0.00246113144919252614
4862.0 0.070954536999871018    0.00254267153108375926
4878.0 0.077055854116592506    0.00257616959514554581
4894.0 0.071920232464098413    0.00250214269719179622
4910.0 0.084233168469280126    0.00239791570171518252
4927.0 0.085933509358248547    0.00227249051436140530
4943.0 0.091578547941534985    0.00227869993418374937
4960.0 0.081768327825965173    0.00292581751480778564
4976.0 0.081817725509627251    0.00322338481430494133
4993.0 0.070481194632680169    0.00268148376323522992
5009.0 0.069427203655723330    0.00243855532622479828
5026.0 0.065278262429277284    0.00230592977184410726
5043.0 0.060705701395405195    0.00227863086674844929
5060.0 0.061382693818742340    0.00221351983010170976
5076.0 0.056957945336380239    0.00207581786793071491
5093.0 0.056631487939611425    0.00198873762952574444
5110.0 0.060729521279208713    0.00190195563144164690
5127.0 0.062178246918669508    0.00180570364857110489
5144.0 0.056669322585256234    0.00170635412339697622
5162.0 0.058538917371928241    0.00165815206975578576
5179.0 0.063725213314386187    0.00160399286418321310
5196.0 0.071814252209054005    0.00158098668078198324
5213.0 0.089692641151183070    0.00160659484559531841
5231.0 0.101022564743475568    0.00159254002856250732
5248.0 0.094217989363212865    0.00155247072282306380
5266.0 0.109176850210452370    0.00155698791019023819
5283.0 0.113442191484091431    0.00151952846629459606
5301.0 0.105377999666516398    0.00147986331529519261
5318.0 0.105629156994446249    0.00145914925993350492
5336.0 0.103449560279609554    0.00143660870734703210
5354.0 0.098418873968892234    0.00140202138230663279
5372.0 0.092563384087404152    0.00152812824807262442
5390.0 0.105600783863613795    0.00135420316959640008
5408.0 0.108827452476169428    0.00132720709261587803
5426.0 0.107872194513357930    0.00130650331371365953
5444.0 0.111142428421494313    0.00128837087566039407
5462.0 0.105997129638453341    0.00126246445854824997
5480.0 0.106289307956177401    0.00123715425145046209
5498.0 0.098011637326570464    0.00117937117002092705
5517.0 0.093529638316615316    0.00114254018202282850
5535.0 0.091736747680378927    0.00110797451322368823
5553.0 0.084220160227531718    0.00107529796823896558
5572.0 0.079153431390936613    0.00105269709878692439
5590.0 0.076807388662421081    0.00103160571829150603
5609.0 0.073166000164741618    0.00099957727286064052
5628.0 0.066195971140877691    0.00097752162383307425
5647.0 0.064847047940879948    0.00096240061487316440
5665.0 0.063436030904945248    0.00095272211875226543
5684.0 0.053205019197559121    0.00091648479469940325
5703.0 0.051877329364930162    0.00088904662300932718
5722.0 0.056717462130890108    0.00089042513514213037
5741.0 0.063341384148616731    0.00089712940165870454
5760.0 0.069585563413341975    0.00089851555291668088
5780.0 0.074195369510710568    0.00090207672523060433
5799.0 0.077272984677828671    0.00089437454191631117
5818.0 0.089368373669241538    0.00090705494492291467
5838.0 0.095322667990107399    0.00091644971954289527
5857.0 0.098604698453322565    0.00091613627873869045
5876.0 0.099547542863147612    0.00090402289291138360
5896.0 0.092269168879194077    0.00086852598185812842
5916.0 0.093842706034050274    0.00086634381688416805
5935.0 0.084365538006050997    0.00084386568718232760
5955.0 0.071144152209699732    0.00080722896337990580
5975.0 0.070687783781284375    0.00079829286853528799
5995.0 0.071924675716425898    0.00079119561682275202
6015.0 0.071903050664408108    0.00078288232915263228
6035.0 0.064804807592289487    0.00075993960697047210
6055.0 0.062052963893320691    0.00075270633722025857
6075.0 0.067093102235118246    0.00080881806023631344
6095.0 0.070949539275845783    0.00073749685081973837
6116.0 0.073296902731588523    0.00073423663618021895
6136.0 0.060613956977740649    0.00071170070675906805
6157.0 0.052119763972275746    0.00066429472108477615
6177.0 0.049164406218170129    0.00065301509679120435
6198.0 0.053509847415532566    0.00065664054225127708
6218.0 0.054181487210158773    0.00065541015715889824
6239.0 0.052621794288442318    0.00064893965944352579
6260.0 0.052490326778024586    0.00064343950316829034
6281.0 0.057432497081070198    0.00064918430709233639
6302.0 0.059081274288417682    0.00065212432076333811
6323.0 0.063558504967065457    0.00065182795259397614
6344.0 0.067754403352501713    0.00065316511605270308
6365.0 0.069873211650910164    0.00064703986780506313
6386.0 0.068068351719773768    0.00064139688533722359
6407.0 0.072415802779407290    0.00064050641853929892
6429.0 0.074875765654809801    0.00064318673431132704
6450.0 0.075165906679941719    0.00064328615119815726
6471.0 0.075875078719859920    0.00063508524678235504
6493.0 0.076015748593030993    0.00062748591213829339
6515.0 0.073937494751340926    0.00061981336743853455
6536.0 0.072915934049402428    0.00062072320442997588
6558.0 0.070793861175573486    0.00067300641599933359
6580.0 0.065437741455425455    0.00063915029172110268
6602.0 0.061988245458700977    0.00059684825603418493
6624.0 0.057422849932999551    0.00062163766337906324
6646.0 0.053485325794733828    0.00058908756794186505
6668.0 0.048131064877479750    0.00056134568721874880
6690.0 0.046696742061075290    0.00054164298612876030
6713.0 0.044157786031348858    0.00053597963018065713
6735.0 0.041573876507500808    0.00051569282651075154
6757.0 0.039599685619227283    0.00049760057682481454
6780.0 0.037304627713450410    0.00049220058438666659
6803.0 0.035736410851712794    0.00048602570621794524
6825.0 0.035730415413273618    0.00047959751888674375
6848.0 0.034551543103277127    0.00047474246787967831
6871.0 0.036178919586482797    0.00047675227744767854
6894.0 0.035557972762282800    0.00047232742289865211
6917.0 0.034338000939681299    0.00047527398613402433
6940.0 0.034610270119893517    0.00046979060519870678
6963.0 0.033424056267604384    0.00047607626402759539
6986.0 0.032668946675452552    0.00049867536234058740
7009.0 0.033899203081476162    0.00051147333348461419
7033.0 0.033686620372314111    0.00047630157753937450
7056.0 0.031946919706276951    0.00048137648930802123
7079.0 0.032152443582590909    0.00048104592550874786
7103.0 0.032862661810158962    0.00047543148829469267
7127.0 0.033989020578145457    0.00046876585928479236
7150.0 0.033972764552653439    0.00044978158672177127
7174.0 0.035238529899963192    0.00045080977190031839
7198.0 0.033730281155026826    0.00045881250910257727
7222.0 0.033752625425377901    0.00044617131938367623
7246.0 0.034445393509074690    0.00046797726463766194
7270.0 0.033972241579763945    0.00044533279090819652
7295.0 0.034940431617167547    0.00046215434985172446
7319.0 0.034533030862030606    0.00061572810061116150
7343.0 0.034426601208281053    0.00058303674145217027
7368.0 0.033998737442437553    0.00051083816122630445
7392.0 0.034132642084651284    0.00045574476223948719
7417.0 0.033953232013682541    0.00045413735463474385
7442.0 0.033249015827734110    0.00048483993395184065
7466.0 0.032557404775854781    0.00048999264324235355
7491.0 0.032547243803325521    0.00045506835793603253
7516.0 0.029363971918528783    0.00047502223688301507
7541.0 0.030643616144272946    0.00047278350185423173
7566.0 0.028439141258759845    0.00049195070620083197
7592.0 0.030058758251320396    0.00047898646614452954
7617.0 0.029429170371788098    0.00048644807755096023
7642.0 0.030996535138620107    0.00046477177564392653
7668.0 0.030318494699831930    0.00047857818744835822
7693.0 0.030464818503925756    0.00048069751291621247
7719.0 0.028631491066925915    0.00044794758284663204
7745.0 0.028132934781311819    0.00043948303996783536
7770.0 0.027654518116157621    0.00043717838822113550
7796.0 0.026770517533100252    0.00043060740053079587
7822.0 0.027943468371576265    0.00042383947328199283
7848.0 0.026013797175151711    0.00042772561227014344
7874.0 0.028693960292836915    0.00042702286658592123
7901.0 0.026192788031200200    0.00041968596034851408
7927.0 0.026552407368374099    0.00042035340942890695
7953.0 0.024753369458415213    0.00041281869693006717
7980.0 0.022825300459649003    0.00048042276689794265
8007.0 0.021595953682541386    0.00044452819160423137
8033.0 0.019330573753049772    0.00049236392943464806
8060.0 0.018547338156925670    0.00043060492553496558
8087.0 0.016809390686671304    0.00046673807791303785
8114.0 0.015869385560543955    0.00047561673886736919
8141.0 0.014324311241209255    0.00041783852166813639
8168.0 0.013831907901872605    0.00040771426734151480
8195.0 0.012616390656711293    0.00040530928089191381
8222.0 0.011046023211617158    0.00036855518020381987
8250.0 0.010580777831926120    0.00036239961701706945
8277.0 0.011260215784382990    0.00036860528361646136
8305.0 0.014062865324028458    0.00042319209584476542
8333.0 0.019800067265920259    0.00045105686034619254
8360.0 0.020447735851206319    0.00042602011735800481
8388.0 0.018709902923068636    0.00039044600782985896
8416.0 0.021043995830197761    0.00039648363849981042
8444.0 0.028007069047651625    0.00053749211272398009
8472.0 0.030090657995433628    0.00046288813670446329
8500.0 0.031800275593880802    0.00057325920310817037
8529.0 0.034806769892734603    0.00048279892884495841
8557.0 0.036417861981981790    0.00054832623006336378
8586.0 0.041315175082697789    0.00057340342898187086
