#@Telescope UH88 
#@Reference Saunders et al. (2018) 
#@Redshift 0.0  
#@Spectrum Train_SN63_17.dat 
#@SN-Name Train_SN63  
#@Phase 35.154 
#@Survey SNFactory 
#@SN-Type SNIa 
#@Units Flux 
# 
# WAVE : 
# SN_SPEC : 
# SN_ERR : 
#end 
3305.0 0.0106690412458118784    0.00364769827094635953
3317.0 0.0099289519937128794    0.00355531824774120474
3328.0 0.0018088413015622162    0.00338691080048907165
3339.0 0.0139587290295841524    0.00338802011028443810
3350.0 0.0180400866356183014    0.00338967957034582183
3361.0 0.0126949803046898443    0.00331067143636937407
3372.0 0.0125549485359627878    0.00324089339607203097
3383.0 0.0101425393895690288    0.00317596734699595803
3395.0 0.0064857739671734553    0.00297179847156852674
3406.0 0.0151843244306880971    0.00294927662664338282
3417.0 0.0150053368553294906    0.00312410258945213307
3429.0 0.0095277993550711513    0.00305839886456840682
3440.0 0.0063248043871704232    0.00284677875690292565
3452.0 0.0087328155412280950    0.00276132123838232751
3463.0 0.0074613073668656407    0.00270762111250186016
3475.0 0.0041054020286517071    0.00260722585776908874
3486.0 0.0056942720217593636    0.00258538053720196561
3498.0 0.0127064670088643649    0.00264347920108983165
3509.0 0.0103327024229221444    0.00262627975849408484
3521.0 0.0071356429551016646    0.00249858910584116771
3533.0 0.0106164232099277989    0.00244300671405193884
3545.0 0.0139797469446812078    0.00238414867631035537
3556.0 0.0196482098311359758    0.00234877218928195670
3568.0 0.0172168437065443672    0.00237989862405912737
3580.0 0.0155613896464127793    0.00228931368970443578
3592.0 0.0154533856646591750    0.00232537858459373227
3604.0 0.0103664877487496480    0.00228007051758981772
3616.0 0.0103082921444874950    0.00216020099119582564
3628.0 0.0138417265769317857    0.00215925701487807396
3640.0 0.0144875797663452221    0.00213159316720137057
3652.0 0.0143651305394340307    0.00211757055498328160
3664.0 0.0159897503906613198    0.00209436876485552840
3677.0 0.0171673997521146690    0.00208369731924823269
3689.0 0.0186471202436563691    0.00209240441742658718
3701.0 0.0157733989755536944    0.00201874441365555669
3714.0 0.0190910997842299590    0.00197141235537472842
3726.0 0.0220237439707441293    0.00215464120857449285
3738.0 0.0123530411308114124    0.00191277658815491901
3751.0 0.0085220151523028916    0.00187211416381409426
3763.0 0.0094872067092763076    0.00189231852196556239
3776.0 0.0078170731238349674    0.00179123962328420357
3788.0 0.0108222427381397899    0.00178812407584896457
3801.0 0.0049512774506205292    0.00174101561148173076
3814.0 0.0069529477638034902    0.00176677623064446258
3826.0 0.0082527436307930462    0.00173280412178105020
3839.0 0.0091171558243521699    0.00180293396238623152
3852.0 0.0177225446028602164    0.00202542622801552301
3865.0 0.0217452668383751012    0.00198931135538485534
3878.0 0.0236597663578060440    0.00182718099104399088
3891.0 0.0221068331030782224    0.00173812111845848588
3904.0 0.0178351934711369134    0.00173326342286112467
3917.0 0.0257532590389264876    0.00181650372551328044
3930.0 0.0243251051068618315    0.00177556586399550166
3943.0 0.0267257108949943110    0.00185142279833564231
3956.0 0.0293392282599724760    0.00188479788764832107
3969.0 0.0309221384448378385    0.00179060053392470549
3982.0 0.0307249831538707746    0.00177885441276012584
3995.0 0.0276165330304365547    0.00171301467854713244
4009.0 0.0273120855643096266    0.00167554767317294219
4022.0 0.0249728612598604169    0.00165146631338039182
4036.0 0.0211890734953298077    0.00161183451431275398
4049.0 0.0213165173023704274    0.00159109419856491531
4062.0 0.0236511944788656732    0.00161496899428158073
4076.0 0.0235565555676960359    0.00159550714160813898
4090.0 0.0181923111777953228    0.00152915697246456097
4103.0 0.0206962648335079387    0.00149051966412292142
4117.0 0.0197435113931886223    0.00147080274721112024
4131.0 0.0162032217184492275    0.00143593241695758500
4144.0 0.0182196120913549232    0.00147501009108005942
4158.0 0.0167551503054868545    0.00148020686430289246
4172.0 0.0145297680634086310    0.00146361740447687491
4186.0 0.0192899592681082116    0.00149072441104505815
4200.0 0.0178191804672114575    0.00148818975252967009
4214.0 0.0178045667294937579    0.00148534775428809675
4228.0 0.0191207923535895857    0.00149989463332038278
4242.0 0.0197436094904721998    0.00148476842678285409
4256.0 0.0220935583104496583    0.00149851227852824172
4270.0 0.0157177083316684917    0.00140756847127971717
4284.0 0.0199628110674397140    0.00143839456576716354
4299.0 0.0199478217960921481    0.00139924873535327834
4313.0 0.0258233805704779218    0.00144287602502576038
4327.0 0.0225730282769854122    0.00141130795754216502
4342.0 0.0213201105299605023    0.00141222962143937574
4356.0 0.0209058950255819782    0.00139590013574850667
4371.0 0.0167854275860957192    0.00135083300049863766
4385.0 0.0194659465323962985    0.00137467251300861255
4400.0 0.0153232311221532767    0.00133840593206909831
4415.0 0.0150448103624735239    0.00131719477283312892
4429.0 0.0134482033650049574    0.00130638877685097061
4444.0 0.0113738767537951563    0.00129680987347736087
4459.0 0.0163100085762670419    0.00129971362626720550
4474.0 0.0176267148660989754    0.00132605359358810922
4489.0 0.0144180163167194602    0.00130474118963028402
4504.0 0.0160614566557400092    0.00131293105630119096
4519.0 0.0202541337555840750    0.00133906994964187384
4534.0 0.0257854929663344778    0.00136768967921428080
4549.0 0.0270973344272172172    0.00138769705732373931
4564.0 0.0360524454800298794    0.00143577598118749456
4579.0 0.0381038372030509873    0.00144221577347598113
4594.0 0.0340301435350914769    0.00142475738423447997
4610.0 0.0353632645036818932    0.00142383026830096354
4625.0 0.0359504596212084429    0.00146237635403878054
4640.0 0.0400516430428801209    0.00147847592556313236
4656.0 0.0398410863083144273    0.00145182254796276129
4671.0 0.0297329901990403857    0.00139792456126220255
4687.0 0.0263801442714266150    0.00137989280454557054
4703.0 0.0226911965439445425    0.00135525692481459036
4718.0 0.0199029644012394084    0.00134641805237681669
4734.0 0.0181588519825061738    0.00134655325430397209
4750.0 0.0184535816194764703    0.00136904955099594072
4766.0 0.0193872269806104371    0.00143740767601924853
4781.0 0.0190696280232939448    0.00151242872007433535
4797.0 0.0229348545376318012    0.00166895158322461694
4813.0 0.0264319611246152421    0.00179534179733315869
4829.0 0.0246233538095765210    0.00191716645059040753
4846.0 0.0274551247727661089    0.00206724861045799431
4862.0 0.0281466755385172511    0.00215836634847659577
4878.0 0.0240811240654795373    0.00208829251958402105
4894.0 0.0262300551892225044    0.00207591851211099288
4910.0 0.0346986736465698387    0.00204412600159502517
4927.0 0.0344009313938843514    0.00197827053932261247
4943.0 0.0340018592096064179    0.00202899378802964738
4960.0 0.0408889429141220812    0.00279629151243876743
4976.0 0.0308717199167455394    0.00295768219252485511
4993.0 0.0160138406167774326    0.00233873736239775332
5009.0 0.0269077260398976684    0.00216541875371015734
5026.0 0.0227908778365072152    0.00203161874680222706
5043.0 0.0141856740771556470    0.00194888126213655765
5060.0 0.0168372340022267426    0.00190935149255597636
5076.0 0.0201171954600812171    0.00185236055033057142
5093.0 0.0183155859640935538    0.00172144368808223422
5110.0 0.0179304063032276646    0.00160328724195038259
5127.0 0.0189015056755588336    0.00151405350000093173
5144.0 0.0164255309195778278    0.00144090944556730287
5162.0 0.0174064806407647418    0.00139485776962180986
5179.0 0.0160108221222624650    0.00130605336680559648
5196.0 0.0172629424008965103    0.00126450549660925716
5213.0 0.0199563560365174850    0.00124182136966557630
5231.0 0.0237058007108899328    0.00121665453552492406
5248.0 0.0236315693782198702    0.00120481520089591701
5266.0 0.0257595022524195298    0.00117543164179092141
5283.0 0.0282361544343203985    0.00115850097121593084
5301.0 0.0278608288573921059    0.00113953838877124160
5318.0 0.0309722732271708531    0.00113641099309885383
5336.0 0.0295824444656587020    0.00111933375002241063
5354.0 0.0283795413775071344    0.00110450156899109201
5372.0 0.0257511579219402015    0.00151814643709485548
5390.0 0.0303217284348519245    0.00106919097338184304
5408.0 0.0333712672346325595    0.00104616424725682182
5426.0 0.0382472946527849592    0.00105236103855166092
5444.0 0.0442602740162189728    0.00106505100783880970
5462.0 0.0466450997005746076    0.00106357627838380439
5480.0 0.0516206284672846849    0.00107224179304957353
5498.0 0.0536173014896861588    0.00105245879171764244
5517.0 0.0538536862993859167    0.00102702447635681302
5535.0 0.0557197859908816415    0.00099823454253022883
5553.0 0.0550582508797945527    0.00099017038114522331
5572.0 0.0518660542210904740    0.00097618351363993662
5590.0 0.0519418983486360508    0.00095668996733424259
5609.0 0.0497684096591948580    0.00092607998944186851
5628.0 0.0457100857785988288    0.00090894430996318583
5647.0 0.0415021676159610525    0.00088482225121249921
5665.0 0.0392031521067952096    0.00090003779077706667
5684.0 0.0343204483581611361    0.00089386856742714057
5703.0 0.0356703191627999044    0.00083400348645004457
5722.0 0.0338363198503338694    0.00081134565479335050
5741.0 0.0364552778128664767    0.00081682015226183574
5760.0 0.0384370345171994310    0.00081179920610476735
5780.0 0.0408218482157479343    0.00080536765479939621
5799.0 0.0421717091158210280    0.00079799581019070079
5818.0 0.0423417554726259054    0.00077799737626639196
5838.0 0.0419034688424495261    0.00076815466476265785
5857.0 0.0398649794038585664    0.00075238538329505124
5876.0 0.0398963031011638838    0.00073897042724267443
5896.0 0.0360788827029234621    0.00070646892546927622
5916.0 0.0339649623447253676    0.00069990522474104599
5935.0 0.0310131981534204418    0.00068386012967269207
5955.0 0.0281781049949068885    0.00066272922621309917
5975.0 0.0262988254207461164    0.00064978169388654413
5995.0 0.0239644762801535238    0.00063389182572497779
6015.0 0.0243786589930417852    0.00064431733139192382
6035.0 0.0255151772735302991    0.00063858094888855923
6055.0 0.0214828999640645016    0.00063302433436612424
6075.0 0.0230968081071698424    0.00068635387752118962
6095.0 0.0250422868495243575    0.00060629700827078792
6116.0 0.0267052293185113185    0.00060171829592933486
6136.0 0.0257361782378214207    0.00060450073382399951
6157.0 0.0228078462339856708    0.00056319565719642624
6177.0 0.0252386060339532398    0.00057326225760551868
6198.0 0.0288118276870335810    0.00057399620644824859
6218.0 0.0268459892215227279    0.00057101539715015252
6239.0 0.0234778971738060921    0.00055946764546186605
6260.0 0.0218820731116122075    0.00054746159708661968
6281.0 0.0216451134626702985    0.00053778137814521391
6302.0 0.0215941397609092089    0.00054374887008070902
6323.0 0.0209217544928397663    0.00053284328775252663
6344.0 0.0243898897927240441    0.00053117648186774098
6365.0 0.0269300340742787900    0.00053121652320411831
6386.0 0.0315808918230332802    0.00054632678792803572
6407.0 0.0354027599527128659    0.00054808816153742402
6429.0 0.0395767291818285571    0.00056030891179830768
6450.0 0.0423378073469815458    0.00057148797493261183
6471.0 0.0443136678360373931    0.00056912450930126442
6493.0 0.0447940972584579405    0.00056474222199801765
6515.0 0.0454259695244407236    0.00056374385388035554
6536.0 0.0442507885817120111    0.00056239142753883634
6558.0 0.0435780877535795752    0.00062000947012602961
6580.0 0.0420809593897866416    0.00061921035507579323
6602.0 0.0417545324293504480    0.00057321795577923505
6624.0 0.0358979340703125260    0.00061024923183805330
6646.0 0.0324967322800600103    0.00055954542509587880
6668.0 0.0298888752875019030    0.00053513506543663002
6690.0 0.0259118274715945188    0.00050820638360640801
6713.0 0.0232610358199306436    0.00048803845735131691
6735.0 0.0219482779920697826    0.00046594485585609502
6757.0 0.0219645325781324362    0.00045099454571678960
6780.0 0.0210254982080495534    0.00044550591351582468
6803.0 0.0215385218581481859    0.00044886389820898606
6825.0 0.0222097802582137023    0.00044737455413095700
6848.0 0.0215693851625198864    0.00043487873903514567
6871.0 0.0214484120904981437    0.00043517101031142249
6894.0 0.0199351340362025863    0.00043278025669545299
6917.0 0.0201995111767944227    0.00044865149982922786
6940.0 0.0191036274359914736    0.00043573000390071542
6963.0 0.0194799170521874725    0.00046597607218837409
6986.0 0.0197145739687300120    0.00052693194349273545
7009.0 0.0175580095941376552    0.00053222804694774391
7033.0 0.0174442501810273543    0.00046652774586174319
7056.0 0.0170722004190191554    0.00048767996448983422
7079.0 0.0167548155574849776    0.00048173218457973416
7103.0 0.0147251437231313634    0.00046002669202589773
7127.0 0.0168586411426574108    0.00045475231650645424
7150.0 0.0176006032412555184    0.00041500652323004912
7174.0 0.0196632928418953717    0.00042353781543187722
7198.0 0.0212829185360640175    0.00045610276365802273
7222.0 0.0200401952047260072    0.00041969129782876185
7246.0 0.0203026431562116673    0.00045728195814114675
7270.0 0.0202284634205130952    0.00041788697304012554
7295.0 0.0202657391671255613    0.00044559076414333866
7319.0 0.0182301772927622244    0.00068556838906885635
7343.0 0.0211038704428780192    0.00064476570387746700
7368.0 0.0248388516171854264    0.00054816580406176767
7392.0 0.0258657989140501747    0.00046309595156380644
7417.0 0.0259968655667004445    0.00047424153643197125
7442.0 0.0292227947177499878    0.00055708565100217526
7466.0 0.0234850576191739172    0.00053835285061685503
7491.0 0.0207394557189257527    0.00046689148671647478
7516.0 0.0187228221782819969    0.00050640958786868286
7541.0 0.0212759146979122939    0.00051143816451264831
7566.0 0.0221699336064981947    0.00056130041496373236
7592.0 0.0225145315277332919    0.00053760245689916692
7617.0 0.0243267801021526883    0.00054857969404789554
7642.0 0.0271854739474364608    0.00051783423284073324
7668.0 0.0289434747888392789    0.00054169752734114173
7693.0 0.0285491286425080155    0.00055658457814138508
7719.0 0.0289829462449247323    0.00050981311718078029
7745.0 0.0304356033345636670    0.00049746015258991057
7770.0 0.0302016998583008109    0.00049659701553394163
7796.0 0.0292722689582908396    0.00048130298644787393
7822.0 0.0277501193407009052    0.00045563026932650907
7848.0 0.0256482949851051106    0.00047029315377152334
7874.0 0.0244224906395998261    0.00046150698282431025
7901.0 0.0215502256117590003    0.00044714336438953878
7927.0 0.0196323773721756474    0.00043781544520227726
7953.0 0.0186064662319662157    0.00042180067919845508
7980.0 0.0175065966862346239    0.00058966281686489736
8007.0 0.0186384976210982461    0.00050948931081698772
8033.0 0.0162033486630422177    0.00059651427225896106
8060.0 0.0162946034822660686    0.00048625743901010326
8087.0 0.0160003852684147824    0.00056071359432570444
8114.0 0.0137260371876883145    0.00057362519947934940
8141.0 0.0142981601098112979    0.00048987715524284278
8168.0 0.0126231738302059714    0.00046252172898083753
8195.0 0.0100062484367986204    0.00046113527065739731
8222.0 0.0085293447995100340    0.00039502499276246214
8250.0 0.0054170111928053656    0.00035906379198035908
8277.0 0.0058548995567678647    0.00037355654399685742
8305.0 0.0090560966102452619    0.00051332322289977968
8333.0 0.0133086047808030992    0.00054844511692106544
8360.0 0.0144996139345941362    0.00049302237755997327
8388.0 0.0111538631343012229    0.00039460762866314953
8416.0 0.0114263214982935971    0.00038819946350706253
8444.0 0.0175036120445197715    0.00068560028293004806
8472.0 0.0202921430259657316    0.00050621249538964871
8500.0 0.0232398668255739960    0.00071072189457102488
8529.0 0.0249239432967795146    0.00053830746870770949
8557.0 0.0221386339442386539    0.00063110310991502526
8586.0 0.0241249499545267039    0.00068377309794917496
