#@Telescope UH88 
#@Reference Saunders et al. (2018) 
#@Redshift 0.0  
#@Spectrum Train_SN45_8.dat 
#@SN-Name Train_SN45  
#@Phase 42.116 
#@Survey SNFactory 
#@SN-Type SNIa 
#@Units Flux 
# 
# WAVE : 
# SN_SPEC : 
# SN_ERR : 
#end 
4797.0  0.0017882554127948613  0.0161161975628903442
4813.0  0.0388801842117182037  0.0138857843775698417
4829.0 -0.0141788997388270707  0.0106777556498915144
4846.0  0.0132532838102625006  0.0082626465619482867
4862.0  0.0009237914405847878  0.0069518281104621630
4878.0  0.0063185227209764244  0.0066614232412895149
4894.0  0.0177182373550144011  0.0067108444918010787
4910.0  0.0094105636601022457  0.0064200193426345101
4927.0  0.0082267641493108199  0.0061471561065263745
4943.0  0.0056553578217578516  0.0056490620701803145
4960.0  0.0246801756124911432  0.0053584923657780332
4976.0  0.0106202905554823850  0.0048890786044688429
4993.0  0.0051415816383028664  0.0045516858277428480
5009.0  0.0094736734050801241  0.0043483752549524340
5026.0  0.0046576786824504002  0.0041243646726351864
5043.0  0.0135080652423664148  0.0039771442318559591
5060.0  0.0111979640057726579  0.0038177621920807538
5076.0  0.0092936587603569282  0.0036394736481670849
5093.0  0.0043412808612733559  0.0034754585275679015
5110.0  0.0089817351300145384  0.0033995329558474917
5127.0  0.0086380420448634414  0.0032920132380840537
5144.0  0.0058314989980157318  0.0031953220279189029
5162.0  0.0128999737699798389  0.0031530832787988955
5179.0  0.0115408964768828962  0.0030594907528014642
5196.0  0.0094148573303736646  0.0030423759842633591
5213.0  0.0001877165367269966  0.0031980738090078538
5231.0  0.0051880802832321550  0.0041178159086857910
5248.0  0.0084827288595142169  0.0028259906953351501
5266.0  0.0205235865923387231  0.0028781444507096970
5283.0  0.0139232186633320449  0.0027412869932430116
5301.0  0.0131885358446532947  0.0026383793947730222
5318.0  0.0111001839421716510  0.0026132442287451949
5336.0  0.0128241963295131281  0.0025788596749380544
5354.0  0.0110371425775812517  0.0025043927398306328
5372.0  0.0152747750884802691  0.0024758399988888177
5390.0  0.0117744403679755170  0.0023784853963623879
5408.0  0.0187799762474830552  0.0023994058062338764
5426.0  0.0222395843067975420  0.0023711472287463874
5444.0  0.0220631273288051447  0.0023628122586245165
5462.0  0.0192192510462214083  0.0023288564306914957
5480.0  0.0206874058149354584  0.0023261833165652522
5498.0  0.0238677825679974795  0.0024438802882357515
5517.0  0.0246983531133991574  0.0033380447433621926
5535.0  0.0215982360588324075  0.0024812870634714403
5553.0  0.0291651319220253523  0.0024071171350448051
5572.0  0.0253939763963475090  0.0023226057042789127
5590.0  0.0202716461196075157  0.0022116156980548397
5609.0  0.0224208224479615428  0.0021357646156352069
5628.0  0.0210586728806120282  0.0020926608921864407
5647.0  0.0148331637330888760  0.0019336805194457383
5665.0  0.0134069541305262326  0.0018588989214854143
5684.0  0.0143065357606168859  0.0018439649363030015
5703.0  0.0129815786696780653  0.0017834446006807507
5722.0  0.0125059808972878845  0.0017505888697429712
5741.0  0.0162474276931798278  0.0017612442617908543
5760.0  0.0130054582054806266  0.0017360914995141344
5780.0  0.0220223007635161894  0.0017865456036698622
5799.0  0.0191682042127124808  0.0017262291438284395
5818.0  0.0218661955725557092  0.0017382859227848436
5838.0  0.0208564107000075057  0.0018713276429983205
5857.0  0.0201165607813758897  0.0018405552580330522
5876.0  0.0220170353000627601  0.0017706654331698247
5896.0  0.0237169032792250885  0.0020510750022855774
5916.0  0.0188876484474230395  0.0017697928758620847
5935.0  0.0184707542389317379  0.0016720999348833557
5955.0  0.0142033859313264958  0.0016974971501270445
5975.0  0.0128274948863643795  0.0015533106745796272
5995.0  0.0131402869558942433  0.0014654295792186117
6015.0  0.0156775084895299788  0.0014712854412693597
6035.0  0.0123520382333047463  0.0014071977354196609
6055.0  0.0131168896688124981  0.0015556185695528107
6075.0  0.0135478446695949627  0.0014194605549397474
6095.0  0.0103928677343611310  0.0014820190880518837
6116.0  0.0117822730235218956  0.0014247921015783627
6136.0  0.0103648866372587842  0.0014563766407983084
6157.0  0.0083496290685626199  0.0014220351296140678
6177.0  0.0095264687067521964  0.0013022072738934555
6198.0  0.0127931193046688235  0.0012622928470256167
6218.0  0.0092422441991983073  0.0012225854767665776
6239.0  0.0104488837209017089  0.0012113753333594726
6260.0  0.0102586395663969744  0.0011788698679843189
6281.0  0.0118721878783685838  0.0011812263477436939
6302.0  0.0138322281802846399  0.0011849338515328644
6323.0  0.0113166899804160431  0.0011515782324923159
6344.0  0.0129351753429598048  0.0011496510604899798
6365.0  0.0133494837054656309  0.0011412205672739980
6386.0  0.0106857179191931946  0.0012122131097481537
6407.0  0.0142941483570710234  0.0014649153838388620
6429.0  0.0161572765254365085  0.0015701477052862574
6450.0  0.0209460488082070344  0.0014312446946563502
6471.0  0.0206178033173347562  0.0014154190337465394
6493.0  0.0185182359041905498  0.0013644459866396274
6515.0  0.0208641054423793181  0.0013627549508137067
6536.0  0.0194649976926559581  0.0013094846367924030
6558.0  0.0202247384434905315  0.0012039087250830095
6580.0  0.0158789476152878736  0.0011251410654618394
6602.0  0.0161716815990745541  0.0011578857001095695
6624.0  0.0147002829345280039  0.0011217146382241599
6646.0  0.0148181693457350560  0.0010942812146936846
6668.0  0.0102310209783885477  0.0010330844408314905
6690.0  0.0069004829448754672  0.0010401109098351808
6713.0  0.0069044139367331657  0.0010284252956978335
6735.0  0.0057988117573037215  0.0010152793730116368
6757.0  0.0053306080159157788  0.0010034005001058849
6780.0  0.0050476169750044266  0.0017009768014587029
6803.0  0.0033242290879372843  0.0013113197653642872
6825.0  0.0080194079677326849  0.0016730816833182122
6848.0  0.0026940178101193114  0.0015010532549606991
6871.0  0.0084659796946240998  0.0015788694486858629
6894.0  0.0104016429347458059  0.0014228346172392994
6917.0  0.0074845390206913125  0.0012464277513121384
6940.0  0.0072789496281550452  0.0012346494694181424
6963.0  0.0082689825367815491  0.0011569626497983680
6986.0  0.0089107056501697510  0.0010838477753517890
7009.0  0.0084623306462648599  0.0013102494445343454
7033.0  0.0085637392448026338  0.0010421769656990020
7056.0  0.0071211322298169507  0.0013587259150043746
7079.0  0.0071252549875152737  0.0011130203713997765
7103.0  0.0049369080928473299  0.0012674484595024734
7127.0  0.0118006424784463902  0.0021602935432275109
7150.0  0.0094788720740295023  0.0016652517439817419
7174.0  0.0097553205279583225  0.0012854365010837247
7198.0  0.0097316327479873305  0.0010461007522732122
7222.0  0.0101678422794639206  0.0017330875269062785
7246.0  0.0089432675586668606  0.0013079503517650784
7270.0  0.0146798597724440653  0.0016692291626809236
7295.0  0.0081495826919092094  0.0015518076802488472
7319.0  0.0072636071001519770  0.0016129786309823572
7343.0  0.0087145026900688326  0.0014529984200816301
7368.0  0.0152520989680779463  0.0019271799460455733
7392.0  0.0125395624481983280  0.0015079348415089292
7417.0  0.0076409023932522508  0.0019698018166266168
7442.0  0.0118189350777354128  0.0013728966389174209
7466.0  0.0101669029842610913  0.0017263649467664872
7491.0  0.0084747390802975327  0.0016499621296981802
7516.0  0.0056744052801421677  0.0015956612752211529
7541.0  0.0115602243215494355  0.0012722533638354647
7566.0  0.0081313876736752028  0.0011244852310092342
7592.0  0.0089856358723246765  0.0011581299228220732
7617.0  0.0056732582849068633  0.0010209713177662231
7642.0  0.0091443302783388320  0.0010651042148154138
7668.0  0.0082116000159532295  0.0010474525529194005
7693.0  0.0103786128099608646  0.0010177594704454988
7719.0  0.0113680893869663405  0.0010531120653918652
7745.0  0.0074565686913756835  0.0012651028092545860
7770.0  0.0105598530023413052  0.0021567792654829483
7796.0  0.0089967959672106312  0.0012205940477456546
7822.0  0.0108686700245507421  0.0023143210711379677
7848.0  0.0089349171567711591  0.0014636178819601520
7874.0  0.0045612554377567954  0.0019787755091120285
7901.0  0.0089055155844905785  0.0019136405212173831
7927.0  0.0031985152642896100  0.0018233698839085230
7953.0  0.0044793042209209169  0.0013507802963212765
7980.0  0.0004204924261396329  0.0011952451963660974
8007.0  0.0022540244118873488  0.0012319092783959428
8033.0  0.0064706182932534892  0.0009973044701692927
8060.0  0.0028506178954640538  0.0010957015365305582
8087.0  0.0101062244880867642  0.0015353179331608865
8114.0  0.0067223037915868080  0.0015824140213063138
8141.0  0.0046699756730558227  0.0011176882248941679
8168.0  0.0046117764632544779  0.0009684655418402142
8195.0  0.0004359131464325934  0.0014811621610016088
8222.0  0.0046162989006467972  0.0024433939254711657
8250.0 -0.0074268901223181749  0.0011735699430789172
8277.0 -0.0016970412682601006  0.0026585348003647182
8305.0 -0.0023282821947467102  0.0015570027733530997
8333.0  0.0022290463699626865  0.0022725976436699692
8360.0  0.0035710181761038260  0.0021825156385364185
8388.0  0.0065082840908078140  0.0021721579740784274
8416.0  0.0052810786271237954  0.0015501901509053983
8444.0  0.0027392124118394857  0.0015499333475094527
8472.0  0.0031085371858265154  0.0014988323966533940
8500.0  0.0069185554512578729  0.0011346134195412043
8529.0  0.0109304334663864779  0.0013507143329540990
8557.0  0.0069919910410927320  0.0011199152621366615
8586.0  0.0088162192075443221  0.0012783910837464382
