#@Telescope UH88 
#@Reference Saunders et al. (2018) 
#@Redshift 0.0  
#@Spectrum Train_SN91_3.dat 
#@SN-Name Train_SN91  
#@Phase 5.307 
#@Survey SNFactory 
#@SN-Type SNIa 
#@Units Flux 
# 
# WAVE : 
# SN_SPEC : 
# SN_ERR : 
#end 
3305.0 0.018394802660540881    0.00143417979467885511
3317.0 0.021067565368924054    0.00137884535188102786
3328.0 0.021330115636841448    0.00133679394385024402
3339.0 0.017063567055780052    0.00123089408996590903
3350.0 0.020072280938305688    0.00123150380914432956
3361.0 0.018879144467045351    0.00121142190557545020
3372.0 0.019794860725644733    0.00116444242037370125
3383.0 0.019559672460429230    0.00115003145593042420
3395.0 0.021884968640968464    0.00114500855773303715
3406.0 0.023737424106400881    0.00113400844550744619
3417.0 0.024305549385316910    0.00114474440358401869
3429.0 0.025719309305566995    0.00111740984570402827
3440.0 0.026018873954906832    0.00107481679797534176
3452.0 0.026527235675803486    0.00107533121357599381
3463.0 0.029484363862912869    0.00109298490214226754
3475.0 0.028461558133833820    0.00107221770579182937
3486.0 0.027490555045701862    0.00103807917336893262
3498.0 0.028753647685566212    0.00104479607785780545
3509.0 0.032411288509233104    0.00106994647782720402
3521.0 0.034076755330738083    0.00108710987956822810
3533.0 0.035740115596311808    0.00107459213593672940
3545.0 0.037848689333239843    0.00106493468745175244
3556.0 0.041864648547500827    0.00105361408756235887
3568.0 0.043669360312876347    0.00104831953177911036
3580.0 0.044955919439813891    0.00105154466983726114
3592.0 0.045473606174371246    0.00104030738608637194
3604.0 0.045728396909632062    0.00101640231922569711
3616.0 0.044803716636106890    0.00098898469898843142
3628.0 0.043411289888616318    0.00096492361269455863
3640.0 0.041498340459755402    0.00093402301180253407
3652.0 0.045160689660622699    0.00096386818008092760
3664.0 0.053385128778893343    0.00101752948879019764
3677.0 0.059421085173296424    0.00104693783404894228
3689.0 0.065358134833775949    0.00108363275392232665
3701.0 0.066597511284166896    0.00107407387033163037
3714.0 0.070377652373089655    0.00106380460829547433
3726.0 0.067080035021618856    0.00102108622549378254
3738.0 0.069101235706390318    0.00102128606106138267
3751.0 0.077556674068499559    0.00106741190158586401
3763.0 0.088157039460008760    0.00109731191909233209
3776.0 0.087174947080148724    0.00105604656691298828
3788.0 0.075768284689934004    0.00099791694422056974
3801.0 0.067773834088218549    0.00096936669093703365
3814.0 0.064625284838264255    0.00095321915219584192
3826.0 0.059299758124219046    0.00092718704299976737
3839.0 0.054678330297817421    0.00088962662173721707
3852.0 0.057015892269217015    0.00087055320047480379
3865.0 0.062942475641488027    0.00090571587959768351
3878.0 0.064087711696872982    0.00090445445787723912
3891.0 0.065935666679388133    0.00092076620012728405
3904.0 0.070597620233722860    0.00093844442099291412
3917.0 0.071557434785871787    0.00094020989771665157
3930.0 0.069705092792069628    0.00094227056051720019
3943.0 0.072770956326558570    0.00097993473872345070
3956.0 0.080782951629666019    0.00097201270432988702
3969.0 0.085591066806315244    0.00094137501901566713
3982.0 0.085429112658729309    0.00093865026112236100
3995.0 0.077116505839781052    0.00089635927089770368
4009.0 0.071720567939062452    0.00086377441945245962
4022.0 0.063771646629846149    0.00084170332276476008
4036.0 0.058831992205773578    0.00083850997903840588
4049.0 0.059559507944318232    0.00082606248031590914
4062.0 0.058770676776577997    0.00080328920388045592
4076.0 0.062677503714551525    0.00081227091102746573
4090.0 0.059724873126314200    0.00077843902217229310
4103.0 0.058872923909386435    0.00076049351777070044
4117.0 0.060886358075348694    0.00075729591812347976
4131.0 0.056737086637819213    0.00074434757246480692
4144.0 0.057320072776056996    0.00074215140937710202
4158.0 0.059436894232073927    0.00075639232583706441
4172.0 0.064341736016111720    0.00077943858314032295
4186.0 0.072478934096451161    0.00081051187158973136
4200.0 0.073060728261601413    0.00080521872743474364
4214.0 0.067962530646284283    0.00077581028367209085
4228.0 0.064489188767211894    0.00075960138174325435
4242.0 0.062774965150609902    0.00075214482686598513
4256.0 0.064683487848904944    0.00075972041739771391
4270.0 0.064377865083309324    0.00074400633919448876
4284.0 0.064827430213707932    0.00073572613467705707
4299.0 0.069547657676235497    0.00074348972902793227
4313.0 0.073571039632837690    0.00075992001575216691
4327.0 0.071119092267751566    0.00075336139397723541
4342.0 0.067513273168771870    0.00074276116872482847
4356.0 0.057406125014934702    0.00069600309001848534
4371.0 0.053738723631654987    0.00066613730419718970
4385.0 0.048888874523479384    0.00064368282516692580
4400.0 0.045966839783526996    0.00063300596938601489
4415.0 0.042384662936423234    0.00060762772335771088
4429.0 0.040806313723471176    0.00059925116065162696
4444.0 0.044477516614610642    0.00062057422968792031
4459.0 0.047190935018823842    0.00062418446593869080
4474.0 0.048489712526643455    0.00062962878771955172
4489.0 0.050803633887439512    0.00063712681379843685
4504.0 0.053676664696978654    0.00065239677137761084
4519.0 0.060939912651544345    0.00067395486317898526
4534.0 0.075333169552193213    0.00072596958702670288
4549.0 0.093443755357446034    0.00079057474833099249
4564.0 0.109691806592723887    0.00083728643081027669
4579.0 0.110627482883928582    0.00083794388441180395
4594.0 0.114375843651170372    0.00084406665248083757
4610.0 0.126125680265114060    0.00087517995715770858
4625.0 0.139376968794559380    0.00091859565106118556
4640.0 0.142233378924076975    0.00091683440919176635
4656.0 0.128246554090578363    0.00086845758267164574
4671.0 0.105195835056628675    0.00080313197979301983
4687.0 0.088312756343695314    0.00075383921661441994
4703.0 0.078785289748862661    0.00071702203393591104
4718.0 0.076912443569363845    0.00070206690628830753
4734.0 0.079370290779690628    0.00071011220258385902
4750.0 0.070937985685082791    0.00068538819308912259
4766.0 0.063860907012353779    0.00065370282446147742
4781.0 0.064851298754961942    0.00066128170201360090
4797.0 0.069990029236003060    0.00068596476933117391
4813.0 0.077906776742784664    0.00071772790414829208
4829.0 0.082479180171013716    0.00074095657346870750
4846.0 0.073334545217751970    0.00071186129114304440
4862.0 0.067679088199190676    0.00070280056278476828
4878.0 0.071719947169912271    0.00074237158698895692
4894.0 0.074780084777983188    0.00079203756105635241
4910.0 0.078202023577703589    0.00085216164272650574
4927.0 0.079795799764508554    0.00092235835508541622
4943.0 0.078486485771346690    0.00096855471432213719
4960.0 0.075209629703148831    0.00097880077274841034
4976.0 0.071748040285003437    0.00097155637438286081
4993.0 0.063561440016941223    0.00087692309678191250
5009.0 0.059251129453909195    0.00077704790863147323
5026.0 0.056572867781614203    0.00074435240059043907
5043.0 0.055359489784668897    0.00099979901846056359
5060.0 0.059150561723593210    0.00125974890653197491
5076.0 0.053639247857539339    0.00104595552659554679
5093.0 0.049922796736326255    0.00087802418898354705
5110.0 0.052394704246970902    0.00079726790082423481
5127.0 0.053591129853660831    0.00078258710726385650
5144.0 0.053229524966804075    0.00078196566382520588
5162.0 0.056201655647054032    0.00077165594721498277
5179.0 0.058790972935553222    0.00074911597486698430
5196.0 0.066223491068833462    0.00075988966764343427
5213.0 0.076437235937803355    0.00076062129198539415
5231.0 0.083070587619844524    0.00074958577069033207
5248.0 0.084358762544601229    0.00073392200312196614
5266.0 0.087175726190593814    0.00071851992617792042
5283.0 0.093939623256383498    0.00071195323414513349
5301.0 0.098362617232749999    0.00070512665208202600
5318.0 0.098336344230547476    0.00069093266767115947
5336.0 0.094264371589030352    0.00067090970530018145
5354.0 0.089779560529334196    0.00064294835564138674
5372.0 0.090626258264286705    0.00062939750914683425
5390.0 0.095205958350491823    0.00062768714127903170
5408.0 0.102283319383203786    0.00063487183271499317
5426.0 0.108538101147692925    0.00064298066876552183
5444.0 0.111090016684740042    0.00064001356117879347
5462.0 0.108611373989540766    0.00068245379876854184
5480.0 0.105494008667814915    0.00061533183899587353
5498.0 0.103236917253242536    0.00059159052018088742
5517.0 0.104854809932890564    0.00058260941945003763
5535.0 0.101381528867615492    0.00056295892804000239
5553.0 0.102348510791448757    0.00055887992513731851
5572.0 0.101980964461134874    0.00055197291117182036
5590.0 0.101088905359417891    0.00053887068568870644
5609.0 0.100643025715783180    0.00052593188444932497
5628.0 0.093089090012809031    0.00050621857299448141
5647.0 0.087728300212881111    0.00048555641129117619
5665.0 0.081014882117665277    0.00046176488060277411
5684.0 0.079853914583733893    0.00045429480560488342
5703.0 0.078965608161173692    0.00044636511204732649
5722.0 0.076610163140318849    0.00043661874101232892
5741.0 0.078309643087819653    0.00043902987613850990
5760.0 0.078920969283726911    0.00043747644047370868
5780.0 0.076765728927698285    0.00043145700119425433
5799.0 0.078287755304817547    0.00042868264099342706
5818.0 0.078782555807116031    0.00042132122006266042
5838.0 0.081441677243641958    0.00042442165474027629
5857.0 0.084008412418416542    0.00042590882404841258
5876.0 0.080998881552941812    0.00041104117933469386
5896.0 0.075645820001947695    0.00039141174387140825
5916.0 0.072548702633525627    0.00038155702480981559
5935.0 0.064744621798190946    0.00036301653434807086
5955.0 0.059165224296085540    0.00034849163846172081
5975.0 0.059813295506244785    0.00034798278611133823
5995.0 0.062783359673094133    0.00035078831097413456
6015.0 0.065616816430882685    0.00035323785347519406
6035.0 0.060036645535140265    0.00033847440008158669
6055.0 0.057427996386996548    0.00033109653096018339
6075.0 0.063156354023589212    0.00033893138442724345
6095.0 0.068961672361165016    0.00034530644792983692
6116.0 0.070916350768400749    0.00034488088638267444
6136.0 0.069214438615763679    0.00033698039416872085
6157.0 0.063702911686992755    0.00032774387347049604
6177.0 0.059862001682326707    0.00035229514891451107
6198.0 0.058045517400054043    0.00030474081393729431
6218.0 0.055256062631504378    0.00029494400951815298
6239.0 0.050197975630269370    0.00029612070957109267
6260.0 0.050437403365898428    0.00027961125222912325
6281.0 0.052893161211039250    0.00028449019549034405
6302.0 0.054908061762513484    0.00028663900371188826
6323.0 0.059417932370247332    0.00029545421700035980
6344.0 0.065611288930156109    0.00030591300987602496
6365.0 0.071121855640617723    0.00031343892730272536
6386.0 0.071479570054430216    0.00031149923188111004
6407.0 0.071723397384540921    0.00030844085040824767
6429.0 0.072964944993346895    0.00031015646365370567
6450.0 0.074619780893073542    0.00031090379939860771
6471.0 0.075992651576805501    0.00030879249080427180
6493.0 0.078752382366172158    0.00030812228809917817
6515.0 0.078743804948025478    0.00030725572043868374
6536.0 0.078528655787300630    0.00030713866977022738
6558.0 0.077414180850869763    0.00030609456645435697
6580.0 0.073735011124452965    0.00029809351404541006
6602.0 0.069035135047257737    0.00028753801602376597
6624.0 0.068033335508557419    0.00028387082417510726
6646.0 0.065802234520054584    0.00027841321698478277
6668.0 0.062550595947786850    0.00027066445089379989
6690.0 0.059990030263517943    0.00026681508884528687
6713.0 0.058416862799565789    0.00026067090879523667
6735.0 0.057145236303704473    0.00027672472349192186
6757.0 0.056346527212564494    0.00026476054454948228
6780.0 0.055538508751672155    0.00025635784881248994
6803.0 0.053637739487680122    0.00024861256046287294
6825.0 0.054599051463816092    0.00024655617050180223
6848.0 0.053651713147672281    0.00024374869705981461
6871.0 0.053932185647542999    0.00024264354061491120
6894.0 0.053424706460469228    0.00024080567785588456
6917.0 0.053036040686319376    0.00023916164074208309
6940.0 0.051308131060932148    0.00023480061416150051
6963.0 0.049974746726458921    0.00023125360791696344
6986.0 0.048075303440865330    0.00022588924036984841
7009.0 0.046207813433652510    0.00022360337836730866
7033.0 0.046754716617098471    0.00022949681779014142
7056.0 0.044359470593544129    0.00022143832466864658
7079.0 0.040724372302276234    0.00021527552104291125
7103.0 0.041498266484204266    0.00022509917968152227
7127.0 0.044672970668393867    0.00023023181019843239
7150.0 0.047669744419843292    0.00022702353072913826
7174.0 0.049442553390307419    0.00022982812733039361
7198.0 0.047767860471950162    0.00022562725553253721
7222.0 0.045935820763717335    0.00022060408216190169
7246.0 0.046329682575984195    0.00021945203147860179
7270.0 0.046293189622546978    0.00021670682350237070
7295.0 0.044592862370384956    0.00021477147671456959
7319.0 0.046235500332939418    0.00022154839745838534
7343.0 0.048248226396297181    0.00022183978628427837
7368.0 0.049720880262612815    0.00022619373020047178
7392.0 0.049502292659814852    0.00022197109232464988
7417.0 0.047997069278995441    0.00022292349377622881
7442.0 0.046481566386291716    0.00029959657133854224
7466.0 0.042053779167289793    0.00027166453411125991
7491.0 0.041910115291863372    0.00024341112957829980
7516.0 0.040199835090789317    0.00021189789733046840
7541.0 0.039419421610609857    0.00020487098218521462
7566.0 0.039266947537397193    0.00021237833896755012
7592.0 0.039213562136980962    0.00021250205439437349
7617.0 0.038636384426704362    0.00020466656633594003
7642.0 0.038995602212752140    0.00021027648172086821
7668.0 0.040988013792558953    0.00021388134873981314
7693.0 0.042482797063407185    0.00022042933163129067
7719.0 0.043728574442647175    0.00021903717596382719
7745.0 0.044250586856125235    0.00022274665954263528
7770.0 0.046537915792070866    0.00022371479389085816
7796.0 0.045700154433093422    0.00022599635765106364
7822.0 0.046147242068342191    0.00022833692292494195
7848.0 0.044576852027472670    0.00022014121611865510
7874.0 0.041916575604396468    0.00021308337431332210
7901.0 0.039403229723051061    0.00020626070265371919
7927.0 0.038228920208555693    0.00020239287334124310
7953.0 0.037416599560350254    0.00020104481525056982
7980.0 0.037104055299302940    0.00020539442884270583
8007.0 0.035604985835326002    0.00020421425057886607
8033.0 0.035376055939934391    0.00020144249528801256
8060.0 0.034411055616685705    0.00020093496805157599
8087.0 0.033753644208031633    0.00019535536718798862
8114.0 0.034029263278991820    0.00021112026741386289
8141.0 0.033575475005257253    0.00020435258644879798
8168.0 0.034365802564743135    0.00021357681926998596
8195.0 0.031789065625962058    0.00019681100920094062
8222.0 0.028773126310669046    0.00019753093590199150
8250.0 0.024793945525549473    0.00018896296845364856
8277.0 0.024478985955288909    0.00017974256831890188
8305.0 0.025777444273137749    0.00018220380487917167
8333.0 0.026663044013253992    0.00018312629871768433
8360.0 0.025350322683071642    0.00017429301069562023
8388.0 0.025336092564865655    0.00017267511335521978
8416.0 0.028430453490795541    0.00018053141819008556
8444.0 0.031295023868561235    0.00019190435759887118
8472.0 0.032512963075101473    0.00019697449517163003
8500.0 0.033735448927486818    0.00019640492937445599
8529.0 0.032947174687549791    0.00019106092427779054
8557.0 0.033649942780970943    0.00019257250929810229
8586.0 0.034909343419329962    0.00021779579413584355
