#@Telescope UH88 
#@Reference Saunders et al. (2018) 
#@Redshift 0.0  
#@Spectrum Train_SN104_4.dat 
#@SN-Name Train_SN104  
#@Phase 1.372 
#@Survey SNFactory 
#@SN-Type SNIa 
#@Units Flux 
# 
# WAVE : 
# SN_SPEC : 
# SN_ERR : 
#end 
3305.0 0.166214725566028482    0.0150859315551607667
3317.0 0.166515001765743048    0.0145525054825839505
3328.0 0.181088521427324678    0.0143504835762685579
3339.0 0.187747720312195915    0.0148763384414795415
3350.0 0.182952049580150350    0.0138281022149676393
3361.0 0.165378605994248418    0.0137633622638101537
3372.0 0.160029445831035427    0.0134881412891845499
3383.0 0.179415630651900831    0.0137543497511970810
3395.0 0.187304224574719957    0.0139598443352303113
3406.0 0.175681577410088774    0.0131487983972015873
3417.0 0.177457688469780467    0.0127638369892997296
3429.0 0.198444234653093604    0.0132328690372621322
3440.0 0.195061685543659796    0.0125535023987599741
3452.0 0.198436342718115472    0.0124697816860624040
3463.0 0.193871478333295016    0.0122498739567173404
3475.0 0.224171796090728959    0.0123050336905899723
3486.0 0.287472099865580089    0.0128234374560323126
3498.0 0.272799722737315065    0.0125166905205289832
3509.0 0.287792396640733250    0.0129120838794411150
3521.0 0.308713384084045861    0.0126811443984286547
3533.0 0.321017159015660136    0.0128447545620518095
3545.0 0.356686983308065697    0.0122024635919507820
3556.0 0.353274156190639010    0.0115296688173677723
3568.0 0.365502824529934267    0.0118048430381953919
3580.0 0.345816422727735828    0.0114424430877650835
3592.0 0.348213242101876708    0.0114928134168696006
3604.0 0.347927726274432525    0.0114415348324382309
3616.0 0.364357239684664935    0.0119149015739834999
3628.0 0.335109117454009009    0.0117812980559638437
3640.0 0.300489987632831801    0.0106913649540628757
3652.0 0.276010525697003184    0.0099825264753356877
3664.0 0.259429446724515844    0.0105271839766248668
3677.0 0.243483097924719893    0.0099868129659501457
3689.0 0.228275736595883433    0.0103306950007859052
3701.0 0.199567603664477428    0.0104848165221002737
3714.0 0.184309980785496846    0.0105968232491203216
3726.0 0.182752736691295520    0.0110014679200091670
3738.0 0.194034592460705396    0.0103210388916219580
3751.0 0.174153308546254076    0.0097556826061575216
3763.0 0.145857905222987694    0.0092927326450420230
3776.0 0.155517876159433799    0.0090838722838373683
3788.0 0.176788459020009114    0.0093787121911267455
3801.0 0.163204980630017676    0.0093063169911621803
3814.0 0.186967982954062917    0.0098509071985755977
3826.0 0.223774067433306134    0.0102271160458978928
3839.0 0.270977380993484507    0.0101284270246131871
3852.0 0.317837068966713432    0.0099055053677933273
3865.0 0.371470026924952013    0.0102785606235178129
3878.0 0.394851984885196849    0.0101650861082907551
3891.0 0.401648008525299027    0.0101993228981423507
3904.0 0.424706289975520124    0.0103447160268413697
3917.0 0.420381488440410178    0.0101995474250247166
3930.0 0.449053607373583352    0.0102456277957368655
3943.0 0.424780618427328893    0.0099760562627709444
3956.0 0.415911177637943552    0.0098825633940682178
3969.0 0.373780383785716264    0.0093717081699742806
3982.0 0.336439982313971431    0.0090612424097528989
3995.0 0.341754357729376568    0.0088107166047235019
4009.0 0.374756385062673170    0.0092361675481446200
4022.0 0.403998276379544108    0.0094637031684471403
4036.0 0.410593556489012412    0.0095463379175217047
4049.0 0.437524429085575761    0.0097430193490273004
4062.0 0.442404098790226297    0.0095979015180974441
4076.0 0.430039496208093674    0.0096275523965970687
4090.0 0.401371739466728938    0.0093110719055109793
4103.0 0.392749756282489704    0.0091428559771181608
4117.0 0.386229720842572344    0.0090895460575505724
4131.0 0.365959734198804953    0.0088936516092396091
4144.0 0.362479881406343907    0.0089346042782679890
4158.0 0.371803004950460869    0.0090583396928097526
4172.0 0.362867725128987573    0.0090474023248746874
4186.0 0.329630031097863707    0.0088883914072719634
4200.0 0.320549461810569591    0.0085787412302729335
4214.0 0.306812785353710094    0.0084630488161297392
4228.0 0.292124041246449695    0.0083931549389409821
4242.0 0.272607858561727756    0.0082290455522191479
4256.0 0.264413380194369607    0.0080858445286615139
4270.0 0.236800538294968194    0.0077631536176857897
4284.0 0.215929374228978760    0.0075865876565148344
4299.0 0.198888493458407645    0.0072668678318097858
4313.0 0.233094152616650258    0.0074253326219275908
4327.0 0.244605743433180145    0.0075102850709674387
4342.0 0.254103267973322666    0.0076338747570677389
4356.0 0.247510131101997793    0.0074736624924127415
4371.0 0.252402079457181683    0.0074495401446439888
4385.0 0.274041657814547313    0.0076210318354432705
4400.0 0.285479864215168244    0.0076924210036398901
4415.0 0.270848073396303624    0.0074442614871513008
4429.0 0.264066502591778163    0.0074303663079433487
4444.0 0.285512103490027758    0.0076071465911118057
4459.0 0.306390228667492437    0.0076102294272529826
4474.0 0.309340939372561907    0.0077277978263668931
4489.0 0.310309045524910398    0.0077151697207492841
4504.0 0.313344540496831581    0.0076111811511125303
4519.0 0.307186875399535431    0.0075755189216574073
4534.0 0.309071695382212686    0.0076082969033294621
4549.0 0.295690595501173159    0.0076091699571502859
4564.0 0.291666639346958634    0.0074871607001010740
4579.0 0.275667658771718671    0.0076504651290960181
4594.0 0.274966543327401280    0.0076810315487256036
4610.0 0.272701243475826638    0.0078875196683626716
4625.0 0.255181578833527434    0.0081904027311049607
4640.0 0.245535878657349493    0.0084185089110035936
4656.0 0.244502012588859341    0.0089726752917959410
4671.0 0.250892137636860302    0.0097586164786964049
4687.0 0.248266929243652651    0.0103171142880673535
4703.0 0.221467155816770206    0.0104305941166799188
4718.0 0.239064904006610929    0.0103965198381469389
4734.0 0.221238949928167034    0.0091480557233470823
4750.0 0.211801765542929898    0.0086163439231947692
4766.0 0.208562192288825332    0.0085402074516938830
4781.0 0.237641131985673798    0.0153529967872866845
4797.0 0.201232668790335606    0.0138672363326489950
4813.0 0.194943044130923337    0.0113533522329643862
4829.0 0.188018697687315439    0.0097570385247637160
4846.0 0.175837006035908655    0.0090824394935786791
4862.0 0.163832628579846373    0.0087584594677377406
4878.0 0.176134091125840997    0.0085744464226992900
4894.0 0.189781412553221590    0.0082889288247588577
4910.0 0.199867313691585280    0.0082232984422136932
4927.0 0.191039707590100027    0.0078245181157638802
4943.0 0.176738251481826536    0.0072501518150662192
4960.0 0.167954094614991223    0.0067272742125926554
4976.0 0.167661726754379986    0.0064614855622714311
4993.0 0.176775746296106651    0.0063616196673347740
5009.0 0.171836386446652833    0.0060739191394695007
5026.0 0.186559069024234386    0.0059268438561550429
5043.0 0.197199755253085002    0.0058478497044063410
5060.0 0.210684110529107516    0.0057660895673728113
5076.0 0.224174403039195225    0.0057058473091011952
5093.0 0.236192591569228755    0.0056619608605439058
5110.0 0.244256828246022989    0.0055732123346239164
5127.0 0.230721770118125225    0.0054234592038561891
5144.0 0.217725795978640946    0.0052990084853085546
5162.0 0.214472877181134391    0.0052598932255941691
5179.0 0.225578198201388608    0.0059815442492027523
5196.0 0.227526603375778014    0.0050028730954291365
5213.0 0.210639743204196372    0.0047716783503435794
5231.0 0.178128312983503290    0.0044670448175401240
5248.0 0.145081785267552110    0.0042355818717599745
5266.0 0.140822273836594902    0.0041277472564544143
5283.0 0.140424163992146966    0.0039701952443574979
5301.0 0.147990846656972153    0.0039331234561632306
5318.0 0.146301684550186661    0.0039010348404899908
5336.0 0.160923151029424782    0.0039405514303169778
5354.0 0.165160303489504973    0.0039053738592888135
5372.0 0.167682332170327519    0.0038284084320537679
5390.0 0.166435027277588604    0.0037787569184494843
5408.0 0.145786139012784421    0.0036073786355980274
5426.0 0.138531734735476225    0.0035178206668714691
5444.0 0.129270932894675422    0.0034616360500710204
5462.0 0.131037332366480713    0.0036353085808176807
5480.0 0.139507721214886332    0.0034777983750955204
5498.0 0.166678781107141488    0.0035438230456384628
5517.0 0.173863428602854558    0.0034882543660344927
5535.0 0.186801897850972537    0.0034799514984341150
5553.0 0.186355273619282696    0.0034375992489681633
5572.0 0.184968870128335156    0.0033991178364605706
5590.0 0.186143482931088206    0.0033385148032528903
5609.0 0.189156787237774987    0.0032784994749197206
5628.0 0.191212619408799078    0.0032821409421002548
5647.0 0.192699552107735261    0.0031932711082339458
5665.0 0.189153614406895099    0.0031450413719776894
5684.0 0.175799602322113196    0.0030401608575134813
5703.0 0.175202884360458777    0.0030141776716835888
5722.0 0.176429731634232145    0.0029880439086837443
5741.0 0.165723370518752050    0.0029152126373474009
5760.0 0.164380083577541858    0.0028811159159675024
5780.0 0.164515397860535345    0.0028875578732766678
5799.0 0.171468104909483859    0.0028832076359079925
5818.0 0.171954305645098005    0.0028242040356368956
5838.0 0.170243397234560223    0.0029642947852249984
5857.0 0.165084298550812331    0.0028061637354529312
5876.0 0.168378233751377060    0.0026970184107833841
5896.0 0.162485070773658008    0.0026494560451943050
5916.0 0.167346311651033586    0.0026312871370384365
5935.0 0.164765910687038247    0.0025761669091011819
5955.0 0.161114564286647804    0.0025618751850391909
5975.0 0.160476674524573787    0.0025539687737787227
5995.0 0.160497761723464361    0.0025581590456700215
6015.0 0.151854436367283629    0.0024769358401926750
6035.0 0.142671334925306287    0.0024581249130524122
6055.0 0.112358839596678112    0.0022698979285511772
6075.0 0.080042067318775792    0.0020661570097329366
6095.0 0.062050044434656768    0.0019015224880249580
6116.0 0.058558573333233610    0.0018291401935432174
6136.0 0.064071170817500148    0.0018282085460407198
6157.0 0.073361907427026973    0.0018805002910171837
6177.0 0.095493884974299781    0.0019744950008262073
6198.0 0.104842471544687635    0.0019942999678542713
6218.0 0.117495039839080773    0.0020340826387306391
6239.0 0.130833316530704541    0.0020774278694157939
6260.0 0.133220523414434217    0.0020688423952302313
6281.0 0.133734644181922824    0.0020609166444700319
6302.0 0.135602179556037067    0.0020522734035453719
6323.0 0.134052813431179363    0.0020475979361675480
6344.0 0.139055646264008292    0.0021568184448455866
6365.0 0.131343930191869018    0.0021793156325024396
6386.0 0.125844514268912522    0.0021573314130610304
6407.0 0.122003664638796208    0.0020661844758108261
6429.0 0.118338391667564408    0.0019912919759374767
6450.0 0.116437407419818076    0.0019660727654424739
6471.0 0.114364993357201142    0.0019202811667696801
6493.0 0.109959948658458456    0.0018311444704852181
6515.0 0.108037792051391870    0.0017955862108881041
6536.0 0.104615259844479405    0.0017908617224512472
6558.0 0.101330151942545452    0.0017835658706749225
6580.0 0.094776387990963787    0.0017472813913372151
6602.0 0.093298074761930055    0.0017166024158078732
6624.0 0.089739331072370920    0.0017055275077045859
6646.0 0.091393416631537869    0.0017083842339879070
6668.0 0.082531440339289289    0.0017175362227497004
6690.0 0.085297800413937475    0.0016772914724841053
6713.0 0.079510617211901183    0.0018881041494834736
6735.0 0.077956169244361134    0.0017225960907539808
6757.0 0.072825088487032175    0.0018839551388534599
6780.0 0.078185759116675496    0.0017859919895571845
6803.0 0.072496857702284576    0.0017546660875319125
6825.0 0.070797724313570454    0.0016560303318902566
6848.0 0.067039775031169577    0.0015960678507737417
6871.0 0.064031341498961586    0.0015672738095971006
6894.0 0.063657413629308962    0.0015234482666294730
6917.0 0.062053639171462997    0.0014775462725409695
6940.0 0.064808073204827829    0.0015803589720327345
6963.0 0.063981599040533590    0.0014573384043055076
6986.0 0.063541008536004681    0.0015865108032539355
7009.0 0.060943251028010126    0.0014608996566261294
7033.0 0.056301686642108231    0.0015259397619674807
7056.0 0.064044045802537183    0.0024121379904126555
7079.0 0.060321272251647989    0.0019705836922908749
7103.0 0.056409628439433049    0.0016228655245892789
7127.0 0.056566025131961940    0.0014330241148700477
7150.0 0.051848529262556370    0.0016568094913580011
7174.0 0.055860634375482693    0.0014921022721526562
7198.0 0.055896900955524249    0.0016962361985720727
7222.0 0.053979852885874112    0.0016010004623089843
7246.0 0.052169244380209048    0.0016020292072478843
7270.0 0.055800463071192054    0.0015327152315739979
7295.0 0.049123317448198950    0.0017844872596242064
7319.0 0.047804959505209597    0.0015754470166166592
7343.0 0.046564990278637919    0.0017979762324704181
7368.0 0.043710387450568419    0.0014574553637470363
7392.0 0.043853353470063701    0.0016289788112092613
7417.0 0.036060718789177437    0.0015915122703776660
7442.0 0.035914871051130989    0.0015395596563546050
7466.0 0.035429174294403787    0.0013540343247845342
7491.0 0.034832702839027153    0.0013365429362739150
7516.0 0.036177379204676362    0.0013330977729170083
7541.0 0.034079671460308977    0.0012810279312144063
7566.0 0.035044994761183383    0.0013527200386790571
7592.0 0.036173416704441186    0.0013518968802464127
7617.0 0.037012331967911968    0.0013144583952250804
7642.0 0.035674373903095580    0.0013379292167416343
7668.0 0.038992796049681859    0.0013760201350734235
7693.0 0.039250072057480233    0.0019065084848002142
7719.0 0.037614859884173603    0.0013859857967517446
7745.0 0.038063169908144984    0.0019523359565232624
7770.0 0.041516276250636107    0.0014971901976892745
7796.0 0.044065666168078256    0.0017900843375857969
7822.0 0.045554599959858617    0.0017666057637708683
7848.0 0.042944092078205882    0.0016906385562044451
7874.0 0.038995868578831035    0.0013920215656316086
7901.0 0.040132425797275453    0.0014113637155522636
7927.0 0.040985536503009734    0.0013637051384184711
7953.0 0.038485570327473323    0.0012661709994163260
7980.0 0.035270424919107327    0.0012904227480411061
8007.0 0.035157764426764923    0.0015484758969291944
8033.0 0.035889287408775096    0.0015632421195368982
8060.0 0.038514470029750336    0.0013416946277752181
8087.0 0.033653222327006349    0.0012328385194987311
8114.0 0.035228909131847709    0.0013750609231603212
8141.0 0.030801070814597830    0.0019892602361910689
8168.0 0.026242286938051671    0.0012909198017985134
8195.0 0.018285411607185473    0.0020674464202684070
8222.0 0.026182075430990773    0.0014423495636397543
8250.0 0.029471622159309860    0.0018652673405796917
8277.0 0.031602278652884445    0.0018339142784627028
8305.0 0.029568230463156257    0.0018328849465071549
8333.0 0.027716200088060715    0.0014716128777642497
8360.0 0.038114214150358719    0.0016745623206533117
8388.0 0.039316462141160566    0.0015765853950333122
8416.0 0.040295327697638481    0.0014385890037893350
8444.0 0.043016871996443259    0.0015180415308143681
8472.0 0.042967289764987135    0.0014542006155677338
8500.0 0.041815536497262593    0.0015152556030104687
8529.0 0.043082343494834752    0.0014637761495567578
8557.0 0.044840945530223518    0.0016389681720264098
8586.0 0.043219202567918141    0.0016127295199203299
