#@Telescope UH88 
#@Reference Saunders et al. (2018) 
#@Redshift 0.0  
#@Spectrum Train_SN56_7.dat 
#@SN-Name Train_SN56  
#@Phase 10.925 
#@Survey SNFactory 
#@SN-Type SNIa 
#@Units Flux 
# 
# WAVE : 
# SN_SPEC : 
# SN_ERR : 
#end 
3305.0 0.055797543298146637    0.00249707271311291890
3317.0 0.058890238059018822    0.00248379681957761533
3328.0 0.059982245823776988    0.00238671812861202155
3339.0 0.060238899410884617    0.00231357750478985340
3350.0 0.060702759036727921    0.00224176528729250115
3361.0 0.065210146815982195    0.00222185951594607890
3372.0 0.070094132885213059    0.00222752600084242256
3383.0 0.067889807427988114    0.00218991402388230439
3395.0 0.068962680596704157    0.00219484158726690080
3406.0 0.073819016704586141    0.00218976840628691462
3417.0 0.073381960299327295    0.00214857017378751198
3429.0 0.074509821975665594    0.00206587063511277317
3440.0 0.077998731030489363    0.00200534058352199026
3452.0 0.077000887550909891    0.00203987675527723001
3463.0 0.079644730121417692    0.00210674907214932188
3475.0 0.091161240898000109    0.00217545338025132385
3486.0 0.104312296222806494    0.00216702002716894241
3498.0 0.112039977683276670    0.00216281669929577853
3509.0 0.118445138908671199    0.00217592428253797791
3521.0 0.136971006373292320    0.00228988056545728798
3533.0 0.145132753634154399    0.00232560272087229498
3545.0 0.154430327220776792    0.00234240080031051547
3556.0 0.167826569677781756    0.00232194019699994520
3568.0 0.178144515419673521    0.00232090537086418339
3580.0 0.173766117936826531    0.00225006347780116805
3592.0 0.165652899953541571    0.00217708524788725113
3604.0 0.164704384828726264    0.00216690687649543148
3616.0 0.164592543967768484    0.00216689285231337408
3628.0 0.169154879935115743    0.00217879428010730580
3640.0 0.189611197900201117    0.00225880040292161712
3652.0 0.200193670758784886    0.00227708203792760262
3664.0 0.196421140946200529    0.00223738326369035201
3677.0 0.172969621333176032    0.00212291369599764508
3689.0 0.154453300330604226    0.00204025200501594620
3701.0 0.137426470945453877    0.00191001993392046028
3714.0 0.128633413969616806    0.00180285605200412890
3726.0 0.122366382259306086    0.00174839864808594664
3738.0 0.115108518312553684    0.00167816503062672264
3751.0 0.102945311914516779    0.00163912843353099247
3763.0 0.092932285020996291    0.00159302678932551748
3776.0 0.091285751457041472    0.00156097452951018561
3788.0 0.093273909354056120    0.00155677667884912812
3801.0 0.104844034702522362    0.00161143809224676532
3814.0 0.118012929490366944    0.00163932709247070697
3826.0 0.136246057868148529    0.00171954780951197664
3839.0 0.163788851056663409    0.00182850993656289156
3852.0 0.203777990763415462    0.00197412148633075140
3865.0 0.240496843087881940    0.00211481923422931085
3878.0 0.257954839327749652    0.00221109939789872071
3891.0 0.279805289278240721    0.00240660857142250282
3904.0 0.300406681762617700    0.00237465013718518017
3917.0 0.310258531503626478    0.00229764949952334600
3930.0 0.304774443814814888    0.00222836852882704996
3943.0 0.294318429052040031    0.00214711438708132000
3956.0 0.277998127623010238    0.00208963054900976547
3969.0 0.251410905512202076    0.00199082562596811273
3982.0 0.232960111963914168    0.00199488278564538286
3995.0 0.219289905560890952    0.00197066961778630300
4009.0 0.217864879018447033    0.00191589049246507887
4022.0 0.220955636898889002    0.00190354073682835723
4036.0 0.220143594186852254    0.00185489178553870353
4049.0 0.232716642074924013    0.00185409151617662205
4062.0 0.237064291619123291    0.00187057539875186397
4076.0 0.236965974135312785    0.00186757713919767578
4090.0 0.239090010470478120    0.00184931345639300477
4103.0 0.238470690671609503    0.00182268593233372400
4117.0 0.236049665357353278    0.00180468663125420625
4131.0 0.240139133298936214    0.00181338361773820500
4144.0 0.240167530592227646    0.00182479825884290618
4158.0 0.242075192647843579    0.00183862107078468424
4172.0 0.244684223688809738    0.00184571623884910983
4186.0 0.242716377798116473    0.00182004263595975384
4200.0 0.242316782944558246    0.00179446734594562209
4214.0 0.236087871900208274    0.00177543289302313457
4228.0 0.226205816297736478    0.00174382797948427048
4242.0 0.215133636249207089    0.00171758841878719344
4256.0 0.209705748398709091    0.00170275741940624807
4270.0 0.199679189612938679    0.00164497617596355930
4284.0 0.192195233918572295    0.00159364947033163360
4299.0 0.179054927470922248    0.00153098318540773721
4313.0 0.166013663003333756    0.00148013740114234750
4327.0 0.158668649420378755    0.00145659604619175474
4342.0 0.155661247341479847    0.00146203005001435769
4356.0 0.152035338662288438    0.00143594469914952840
4371.0 0.144354497179195768    0.00138354102447716385
4385.0 0.144920411473760641    0.00138114062054945632
4400.0 0.149121938443344371    0.00140756335630364774
4415.0 0.159898534979368595    0.00142604407516967366
4429.0 0.177188751727618554    0.00148569930557835433
4444.0 0.192541711011755684    0.00153726325498910977
4459.0 0.202965911602727839    0.00155517837137863720
4474.0 0.216812255243782781    0.00159353144989341508
4489.0 0.227837874701181109    0.00161422334354257473
4504.0 0.240239128157530846    0.00165360219589443273
4519.0 0.253950516720760522    0.00168931000428577385
4534.0 0.258956693432135898    0.00169189832380089956
4549.0 0.274161633777318836    0.00173134923216530247
4564.0 0.274405130915840068    0.00171207298382353395
4579.0 0.269970394946222991    0.00171491078395578640
4594.0 0.265295958492863471    0.00169259538851253451
4610.0 0.250863042508972733    0.00163646401986580563
4625.0 0.240704715959924209    0.00162422751009327145
4640.0 0.227952586032927368    0.00157597982609089114
4656.0 0.213100565490042165    0.00151676678836107793
4671.0 0.205102201290579156    0.00150414471104332232
4687.0 0.182524327028166455    0.00144755532780246584
4703.0 0.162039093593399020    0.00136776996079499133
4718.0 0.151153833567257895    0.00131932855291813428
4734.0 0.138438593436412904    0.00126653837083212997
4750.0 0.138416950042946241    0.00127996978318684518
4766.0 0.136454366666908189    0.00128837118605775987
4781.0 0.133107211160526290    0.00129258323822147806
4797.0 0.123345320454957275    0.00127165818403149203
4813.0 0.119240496456425524    0.00127816044191669071
4829.0 0.117079658751189794    0.00130379761810492964
4846.0 0.121935047550868050    0.00138051780093594056
4862.0 0.136387714382188857    0.00150476978642360352
4878.0 0.150292104883971295    0.00164934582773952057
4894.0 0.161912664810199836    0.00180368327200431983
4910.0 0.161812870600424513    0.00189756328617493629
4927.0 0.141141461384322431    0.00187210719172622130
4943.0 0.127818395011077085    0.00180067984244933611
4960.0 0.117338091156777180    0.00168195802661912628
4976.0 0.114263007146416185    0.00153417087360426820
4993.0 0.111420349808252800    0.00146565769781068530
5009.0 0.110272320684504030    0.00147582486559880805
5026.0 0.119104186743808266    0.00193774902362919897
5043.0 0.124377396662938899    0.00210497121414285858
5060.0 0.131635421145706227    0.00186590560295917885
5076.0 0.141801561174009993    0.00182270842185727104
5093.0 0.155294481858238714    0.00186348123915233178
5110.0 0.165722378660322744    0.00187632983352999886
5127.0 0.178791643275914347    0.00186701046717862229
5144.0 0.194516376226682941    0.00185222638834079941
5162.0 0.205450903998277201    0.00180230158794026274
5179.0 0.212739875068727519    0.00172309751909456620
5196.0 0.216978685091815698    0.00167495182391297999
5213.0 0.208784697560201876    0.00157291842348571435
5231.0 0.201669008515643511    0.00150227473133744292
5248.0 0.192439198738151129    0.00144810808759298238
5266.0 0.186019663012847974    0.00138582112687181186
5283.0 0.179787170040991623    0.00131637634080884140
5301.0 0.176707870718502968    0.00127152542570119751
5318.0 0.171846989499005176    0.00123766060479845287
5336.0 0.163759888569592782    0.00120269695894903461
5354.0 0.158190454768084743    0.00116592937809930687
5372.0 0.150144421292982583    0.00111666024807529100
5390.0 0.141437273304522826    0.00106962460802645571
5408.0 0.138672843646837463    0.00103832952139308100
5426.0 0.138791183916357724    0.00102089992320459548
5444.0 0.135126627356329049    0.00106140606688237332
5462.0 0.138000093043494088    0.00099184021433004841
5480.0 0.136620905071850263    0.00097001762214968072
5498.0 0.137292458820878982    0.00094880349799380777
5517.0 0.135558731121302400    0.00091519552168613000
5535.0 0.131718524818065424    0.00088639960873319954
5553.0 0.127847711098634381    0.00086652237632031952
5572.0 0.123593458924642338    0.00084405321405137167
5590.0 0.118332593097215194    0.00081069321091264306
5609.0 0.111635435537687580    0.00077402510318624830
5628.0 0.109066280250197378    0.00076559532389126666
5647.0 0.103792506846083668    0.00073922143842264419
5665.0 0.105016245538873551    0.00073366919077003134
5684.0 0.103753682617517343    0.00072303089468680483
5703.0 0.102209415327080250    0.00070846210018255353
5722.0 0.103084337179720348    0.00070537188242647444
5741.0 0.105551738837610515    0.00071266695189420662
5760.0 0.117075654382345379    0.00073130527718309789
5780.0 0.128023822002238080    0.00074656700159563157
5799.0 0.140418136992181031    0.00076775253389405507
5818.0 0.149422652399323425    0.00077172928664904919
5838.0 0.154992476041394767    0.00077764040217273621
5857.0 0.158520636187509528    0.00077974175840424362
5876.0 0.159648895426316634    0.00076680611586103884
5896.0 0.156605370749411971    0.00074661593348235582
5916.0 0.152768010722111242    0.00073238914949508077
5935.0 0.144258429587600240    0.00071143207273594532
5955.0 0.137467678800675452    0.00069685514974790052
5975.0 0.129393148671315766    0.00067590306991203693
5995.0 0.123421547253814212    0.00065706884178647713
6015.0 0.117588718947547494    0.00063684356380114748
6035.0 0.100420075708327242    0.00059143562465542793
6055.0 0.071451108847273376    0.00051021818180388618
6075.0 0.053859145021400587    0.00045110916557702046
6095.0 0.045143458314589484    0.00041560548124144908
6116.0 0.041325546116934883    0.00039512439740183562
6136.0 0.045089919455314403    0.00040686617210391850
6157.0 0.061050394026053091    0.00045648021352219162
6177.0 0.076645269109589159    0.00048924996744340585
6198.0 0.088750413835111452    0.00051133701610867651
6218.0 0.093878034064039245    0.00052080141772987097
6239.0 0.099305749109073374    0.00052930387793852565
6260.0 0.098351032939632890    0.00052157117230843062
6281.0 0.097307858897053720    0.00051869647966527020
6302.0 0.094702104333095352    0.00050924415522172561
6323.0 0.091575494776003949    0.00049691947803514745
6344.0 0.091210031055719537    0.00049397777026663069
6365.0 0.087908775556309673    0.00047801200673956544
6386.0 0.088217777798680605    0.00047787875524031868
6407.0 0.086308176476718373    0.00046662866752238174
6429.0 0.086171437989302629    0.00046324291215998632
6450.0 0.084756817493799610    0.00045830700295849047
6471.0 0.084284564216389510    0.00045210395008005633
6493.0 0.083924361864444755    0.00044562483887138635
6515.0 0.083949685594906995    0.00044174350577812346
6536.0 0.080985021279666489    0.00043523489070996060
6558.0 0.077606208408066632    0.00042900762315328919
6580.0 0.074635137672594901    0.00042081690017483676
6602.0 0.069716256879765820    0.00040555560287662697
6624.0 0.066540918175905461    0.00039486359613136315
6646.0 0.063148295111005046    0.00038464212474931953
6668.0 0.059598200314227863    0.00037891392869391944
6690.0 0.057298870019640874    0.00036830483197483447
6713.0 0.053614927683514411    0.00037582015233188307
6735.0 0.051546056421207451    0.00035517574193820358
6757.0 0.050099989728525300    0.00034101058823231945
6780.0 0.049808846232259688    0.00033863554193937429
6803.0 0.049844293747395629    0.00033328868301049413
6825.0 0.049598165548282211    0.00032818978253253356
6848.0 0.049178854034124461    0.00032695885566197505
6871.0 0.047591354572101008    0.00032081269127605958
6894.0 0.046438815587558163    0.00031877614579329204
6917.0 0.045243871462081434    0.00031358045096107050
6940.0 0.044007670788146706    0.00030771656104400957
6963.0 0.043651703670121451    0.00030675932506595504
6986.0 0.042656262897724437    0.00030097352960351215
7009.0 0.041430740085752982    0.00030034989835020704
7033.0 0.040844136252335669    0.00029623316875552851
7056.0 0.039894099770029098    0.00029718586935067554
7079.0 0.038218556499725519    0.00029613100654738995
7103.0 0.037309630777126152    0.00029919167673634559
7127.0 0.037249170891507220    0.00028863391969138072
7150.0 0.036076583051209837    0.00028537670550616374
7174.0 0.035600927136907906    0.00028212416596033963
7198.0 0.035452118350039870    0.00027852684884297093
7222.0 0.035747879321387170    0.00027790121908910780
7246.0 0.035618790102809224    0.00027327088038035032
7270.0 0.035075389663739180    0.00027150513590922979
7295.0 0.034051455042701045    0.00027275910052907055
7319.0 0.032824926098916074    0.00026607516789639194
7343.0 0.031208578795298911    0.00026317370262215426
7368.0 0.028486955455696999    0.00024917657190670162
7392.0 0.025466324403200593    0.00024060452523599202
7417.0 0.023571151243742764    0.00033261304892372878
7442.0 0.023103259657318773    0.00029595147162164958
7466.0 0.023198638966179689    0.00026564093678702717
7491.0 0.022570840049550046    0.00023522128900852003
7516.0 0.021307735207751949    0.00023064266807676752
7541.0 0.020416051236757330    0.00023198752290826217
7566.0 0.020647569678984876    0.00023702728261441782
7592.0 0.020082868297219288    0.00022688228087834397
7617.0 0.019610515772448388    0.00022801416537473860
7642.0 0.018847981898505006    0.00022698065736983394
7668.0 0.019073542308013752    0.00023562462942037097
7693.0 0.018726941122509680    0.00022783050661432758
7719.0 0.020058141538419824    0.00023469880297830368
7745.0 0.020898181305780708    0.00022920555977793612
7770.0 0.021837613764345933    0.00023690506821253993
7796.0 0.022101174732815997    0.00024137752542780622
7822.0 0.022720759384073089    0.00024015589935905954
7848.0 0.023602486114693570    0.00023703806165716130
7874.0 0.024341379593125337    0.00023945841919154563
7901.0 0.025152147505836654    0.00023848228052573560
7927.0 0.023651701853554405    0.00023247152206270499
7953.0 0.023601054805989452    0.00023610212373095750
7980.0 0.022804880679440018    0.00023456301061876644
8007.0 0.022236912991957011    0.00023098799197776004
8033.0 0.021173600879087460    0.00022659032009699514
8060.0 0.019671201822486901    0.00022039156762426087
8087.0 0.016583999475522099    0.00022841955712107399
8114.0 0.012235506890792818    0.00019585282241842977
8141.0 0.009959142711045409    0.00020516028802169319
8168.0 0.008913113432984282    0.00018086260750411286
8195.0 0.008376792926382706    0.00018884650802681777
8222.0 0.008549249405930368    0.00019782085315157453
8250.0 0.008674152960230580    0.00018687509538130461
8277.0 0.009233989339015815    0.00018134145417132770
8305.0 0.011366849806187978    0.00019438384710130624
8333.0 0.013086487853601747    0.00019680446074181451
8360.0 0.016921698119356243    0.00020917233536283929
8388.0 0.020694813462365017    0.00022595507970081045
8416.0 0.025369647805113749    0.00026317765612563746
8444.0 0.028036705101990692    0.00027238066688803163
8472.0 0.029648202026809421    0.00026673191176308244
8500.0 0.032256184002231222    0.00026429619240494920
8529.0 0.033994098050006048    0.00027245122457831254
8557.0 0.033879674394797180    0.00030701822190688728
8586.0 0.035322332200061327    0.00028024988075720962
