#@Telescope UH88 
#@Reference Saunders et al. (2018) 
#@Redshift 0.0  
#@Spectrum Train_SN121_15.dat 
#@SN-Name Train_SN121  
#@Phase 23.293 
#@Survey SNFactory 
#@SN-Type SNIa 
#@Units Flux 
# 
# WAVE : 
# SN_SPEC : 
# SN_ERR : 
#end 
3305.0  0.0038038154327489021  0.0106639482255519984
3317.0  0.0285125830639144200  0.0109277960754343203
3328.0  0.0038258377903221084  0.0102258961777779139
3339.0  0.0118864260878507547  0.0099587350778695856
3350.0  0.0147775901778332691  0.0096425539594946156
3361.0  0.0283102416100971498  0.0094927923385910058
3372.0  0.0327082048083069676  0.0095338967201962811
3383.0  0.0165714970963103912  0.0093958281489011433
3395.0  0.0166527593616207226  0.0092303360526684534
3406.0 -0.0014892258635052804  0.0086379285242559212
3417.0  0.0156475992923967647  0.0085829098138590007
3429.0  0.0227210065321344183  0.0082886367176614288
3440.0  0.0163306221338644988  0.0078874273686455679
3452.0  0.0099120132430721604  0.0080204663918580273
3463.0  0.0049447621980170664  0.0078066889034316351
3475.0  0.0230896476849335418  0.0079893638644825474
3486.0  0.0235825336776877038  0.0077744716737781269
3498.0  0.0367054545093589077  0.0075808505358233502
3509.0  0.0417292465842130922  0.0075878194917502586
3521.0  0.0263269904592227516  0.0074472735537174971
3533.0  0.0313660826082835173  0.0074022392877205285
3545.0  0.0312300633253732446  0.0070271338481623620
3556.0  0.0402438183528979407  0.0068196592386523900
3568.0  0.0332263868793975514  0.0067070727953235194
3580.0  0.0412033156909558870  0.0066420699460420307
3592.0  0.0402721121937192963  0.0065338065028393193
3604.0  0.0377475191517245567  0.0065306514077638099
3616.0  0.0432010325179052468  0.0066164081027729549
3628.0  0.0444241848044570065  0.0064767951418875178
3640.0  0.0385767837827956650  0.0063010603496246181
3652.0  0.0457931323890044539  0.0062229023411079160
3664.0  0.0450425875710091100  0.0061258089762646949
3677.0  0.0612567469968569867  0.0064619818065256799
3689.0  0.0495624744904125045  0.0062729030746066046
3701.0  0.0591945752300746530  0.0063055665860739058
3714.0  0.0589088820085069825  0.0064539442008301811
3726.0  0.0572507189563237831  0.0066373403005488578
3738.0  0.0438174222991552023  0.0060912659666695129
3751.0  0.0464995629191233620  0.0057932974671815159
3763.0  0.0356471623637599905  0.0055414079393604453
3776.0  0.0275517025459609891  0.0052179472004193648
3788.0  0.0235264377249239792  0.0051921252155717797
3801.0  0.0196408288815656910  0.0053385018412483764
3814.0  0.0349242245775297361  0.0055306904719675011
3826.0  0.0254154953334518631  0.0054509494760578078
3839.0  0.0294784616756623846  0.0052750786540282481
3852.0  0.0379872380677348798  0.0051280352325183366
3865.0  0.0563481132441906937  0.0052127623622529326
3878.0  0.0521247304604448430  0.0051040600923802420
3891.0  0.0603661536771822119  0.0051554037513048562
3904.0  0.0575991351911473992  0.0050269773447252451
3917.0  0.0707194108708615321  0.0050847585600332550
3930.0  0.0733304034105089347  0.0050388371211949438
3943.0  0.0707573926395930058  0.0049615208810462851
3956.0  0.0864948456074529359  0.0050823816476519542
3969.0  0.0722764382344008444  0.0048640235094868393
3982.0  0.0804226192618264502  0.0049836641794215007
3995.0  0.0682608055045318962  0.0048498128391586933
4009.0  0.0725145025978903707  0.0046634696505033551
4022.0  0.0637494594575894191  0.0047304311285255047
4036.0  0.0616743650955977329  0.0046323205932540306
4049.0  0.0629349443866055874  0.0046095898197787005
4062.0  0.0676806692454857695  0.0046507167998196663
4076.0  0.0561142047392440071  0.0045771692400089206
4090.0  0.0476446487281794381  0.0044356742210905544
4103.0  0.0523684526218170382  0.0044503634741236402
4117.0  0.0477653414395107431  0.0043269394759018354
4131.0  0.0478529127562374867  0.0043453222401830995
4144.0  0.0556925367657418041  0.0043728752762440398
4158.0  0.0593190149469639202  0.0045288901221402665
4172.0  0.0538048342094781043  0.0044287011248643109
4186.0  0.0522010449246609817  0.0043001971985075381
4200.0  0.0587623380585394553  0.0043503752754265835
4214.0  0.0570079562591815220  0.0042923220919761432
4228.0  0.0413094256969421952  0.0042225700293484726
4242.0  0.0568750339536893204  0.0043158559828460836
4256.0  0.0546747611546386028  0.0042363382179944221
4270.0  0.0518604264393120462  0.0041369818796830778
4284.0  0.0562671103316178187  0.0041518653736426709
4299.0  0.0527588324503866918  0.0040328187583234957
4313.0  0.0553860635623067699  0.0040670064418320082
4327.0  0.0520941460161953862  0.0039885434904188208
4342.0  0.0548011571628769234  0.0040393125566143316
4356.0  0.0512643053056430764  0.0040075331389903763
4371.0  0.0465201852830647578  0.0038944314556593547
4385.0  0.0471935885875118186  0.0039075769480065971
4400.0  0.0395004844606803990  0.0038086751191565419
4415.0  0.0361252430453484000  0.0037803849492092849
4429.0  0.0307285264672876070  0.0037447705405627453
4444.0  0.0353268555206907101  0.0037574201666880518
4459.0  0.0433991666487689789  0.0037546988884431540
4474.0  0.0375215385428147308  0.0037771759869907875
4489.0  0.0430296692182235013  0.0038391225911085240
4504.0  0.0399112381708996780  0.0038282724927375328
4519.0  0.0541438097085346903  0.0039232845325820080
4534.0  0.0612579858265163563  0.0039871987827460207
4549.0  0.0767501786675138381  0.0041182826136704972
4564.0  0.0860122626123958622  0.0042573531537841349
4579.0  0.0911534259071146435  0.0044133794136115654
4594.0  0.1099952438052951981  0.0046315129217085914
4610.0  0.1153261174038006792  0.0048198391259442674
4625.0  0.1034935945898981524  0.0050209579460414530
4640.0  0.1219844068895120787  0.0054968590686133405
4656.0  0.1076401803508603011  0.0057354052047801441
4671.0  0.0819910344857342210  0.0060873665484978056
4687.0  0.0739221709475683109  0.0065547310304318162
4703.0  0.0629574298714102032  0.0066909196871529778
4718.0  0.0624656343204938944  0.0066194268735094881
4734.0  0.0429834723828983883  0.0062697885503913472
4750.0  0.0480816250758856825  0.0058898334288686885
4766.0  0.0519978468742230970  0.0057955893353574661
4781.0  0.0504094899375868155  0.0060546197727519751
4797.0  0.0764302893964279723  0.0101135164637447782
4813.0  0.0833679637809720125  0.0104419534735314228
4829.0  0.0733607432932627951  0.0082490074012182071
4846.0  0.0690793690348855405  0.0074869379291211489
4862.0  0.0584614182757427492  0.0070871210462076020
4878.0  0.0579224117373820790  0.0070266488460228992
4894.0  0.0805922870584391965  0.0069176724620623187
4910.0  0.0895844727883563507  0.0066929981910063881
4927.0  0.0923902781714526500  0.0063421312141738887
4943.0  0.1079810381125212021  0.0059909406727052450
4960.0  0.0920651946897548951  0.0055124223574143962
4976.0  0.0905915397566434549  0.0051630512119321525
4993.0  0.0736650118242454660  0.0048744071505109048
5009.0  0.0588815569118508395  0.0045587350208463927
5026.0  0.0598418686577203984  0.0043236475906081075
5043.0  0.0699179499280421363  0.0042525315724917254
5060.0  0.0520925030309259338  0.0039327711861445753
5076.0  0.0505637673190903955  0.0038232962018686107
5093.0  0.0555450981764948684  0.0038044446402863714
5110.0  0.0505685676637102483  0.0035981475966410906
5127.0  0.0446120660254120394  0.0034978784941023526
5144.0  0.0529986852953685320  0.0034663215011625768
5162.0  0.0501732388535789872  0.0033857002610289092
5179.0  0.0482159705565353286  0.0033308429680780250
5196.0  0.0664118517374805151  0.0041562212832243293
5213.0  0.0660843177373525575  0.0032447423619216529
5231.0  0.0736844232333607740  0.0032075850089168276
5248.0  0.0854599086712882205  0.0032247555158679431
5266.0  0.0848001575282891079  0.0031466353238881130
5283.0  0.0912504620265481847  0.0031074340139595662
5301.0  0.0942513480051347663  0.0030558449964107229
5318.0  0.0948699819670655448  0.0029909939406890990
5336.0  0.0874036026439225927  0.0029236038137731091
5354.0  0.0824720368238584800  0.0028594590351380305
5372.0  0.0914095118040286481  0.0028294948259354994
5390.0  0.0895298915584686883  0.0027631788424324760
5408.0  0.0964143393080229422  0.0027547436393187776
5426.0  0.1111611384850386963  0.0027957375642253444
5444.0  0.1070571375187258506  0.0027487256118283124
5462.0  0.1114149645596467786  0.0027941720713541328
5480.0  0.1143630102426391737  0.0030404368944027039
5498.0  0.1014978794916686217  0.0027656629124005578
5517.0  0.1069640757134696224  0.0026410832905876358
5535.0  0.0899585989937296132  0.0024960333443460971
5553.0  0.0854364087407838702  0.0024119615851350079
5572.0  0.0856444039598498463  0.0024039510133553490
5590.0  0.0823195725162218644  0.0023112577456302192
5609.0  0.0738315983059858183  0.0021931618269078151
5628.0  0.0675942466920388396  0.0021538074903847998
5647.0  0.0642795659414642923  0.0020691653680050002
5665.0  0.0549482129537671310  0.0019822982664268580
5684.0  0.0503659565406297666  0.0019382252092224207
5703.0  0.0443138293625074189  0.0018645113687857802
5722.0  0.0475501062836825722  0.0018641882239249371
5741.0  0.0517750823617528985  0.0018801057144441241
5760.0  0.0600931104429944865  0.0019092828906383695
5780.0  0.0677839464832747651  0.0019257894942485026
5799.0  0.0746569334032529813  0.0019961190322035000
5818.0  0.0800604207054392419  0.0019810770262282925
5838.0  0.0887508525092967487  0.0019903981149214599
5857.0  0.0990081915400903984  0.0022273779615338590
5876.0  0.0914172967720682239  0.0021126812543806315
5896.0  0.0878867794208355035  0.0018933850640169298
5916.0  0.0823757855721518051  0.0018945147289107364
5935.0  0.0770014208286848717  0.0018281623180295922
5955.0  0.0668671210563981516  0.0017128621522950272
5975.0  0.0588408785335936407  0.0016666720943422058
5995.0  0.0542429016338088835  0.0016258490557229045
6015.0  0.0571224043110326318  0.0016694836234167304
6035.0  0.0597148596540940935  0.0016355855407724667
6055.0  0.0586309815710988752  0.0016604953051379055
6075.0  0.0559543667703061992  0.0015911706071828513
6095.0  0.0582424812109400628  0.0016023669608992456
6116.0  0.0505315591490430385  0.0015476305062071265
6136.0  0.0452491619357290459  0.0014326837067622196
6157.0  0.0384706274306006388  0.0013708018373276198
6177.0  0.0377258438211267796  0.0013636497052013398
6198.0  0.0424404339242362774  0.0013540673911093106
6218.0  0.0458172144505355761  0.0013552008871255926
6239.0  0.0514142999409362561  0.0013750940245392653
6260.0  0.0568707103258839219  0.0013794790496808515
6281.0  0.0573563284989640765  0.0013869530078775318
6302.0  0.0620448169599092103  0.0013976965579837555
6323.0  0.0645270604618228411  0.0014027962331562079
6344.0  0.0698250711947168146  0.0014337968378428222
6365.0  0.0775484586096664985  0.0015779972175699450
6386.0  0.0829357922285852145  0.0016216187419460014
6407.0  0.0851816855861012856  0.0016641934520358005
6429.0  0.0856406734021906701  0.0015844429550038249
6450.0  0.0840891195687206300  0.0015379329467645449
6471.0  0.0827665052429023412  0.0015062186966401687
6493.0  0.0853473288087080451  0.0014612694656382646
6515.0  0.0851405768475003710  0.0014093567298733151
6536.0  0.0847655149528259155  0.0014056202651830387
6558.0  0.0760724004799906012  0.0013880795559883463
6580.0  0.0761359683450178876  0.0013647080569971833
6602.0  0.0619297116760749305  0.0013010229373337933
6624.0  0.0584665240444999720  0.0012638351638033314
6646.0  0.0538714162871645127  0.0012536267622011705
6668.0  0.0466748072549842685  0.0012223689904507604
6690.0  0.0451427171881711789  0.0012125687679966138
6713.0  0.0452078326278101336  0.0011794480691320070
6735.0  0.0370723462986709967  0.0013405004970806610
6757.0  0.0395325679561769269  0.0012810230303897361
6780.0  0.0332134504152333532  0.0014557228717581540
6803.0  0.0369574032893478649  0.0012998175463449781
6825.0  0.0325089119333998311  0.0013296346082250674
6848.0  0.0338798216332065472  0.0012755683246120024
6871.0  0.0305485573570254791  0.0012237660973140755
6894.0  0.0336684631540358839  0.0012140675360854806
6917.0  0.0340163103844034198  0.0011452952858602315
6940.0  0.0346526096941784933  0.0011145672168564819
6963.0  0.0342015228200498247  0.0012314178595215933
6986.0  0.0329493093135951251  0.0010841863016219306
7009.0  0.0354528286504172327  0.0012773400466859748
7033.0  0.0334851971323655226  0.0011150774758651495
7056.0  0.0322573050085359289  0.0011967718327646039
7079.0  0.0350971127507446676  0.0020896974855688813
7103.0  0.0339931654385659116  0.0016781631023040625
7127.0  0.0335027311182624216  0.0013702753197409520
7150.0  0.0392982026873348600  0.0011479822034060453
7174.0  0.0378588185036420957  0.0013699455362800107
7198.0  0.0394040747763021240  0.0012710908575515446
7222.0  0.0344863454158565869  0.0014418763449882323
7246.0  0.0296240098400497205  0.0012946908655615814
7270.0  0.0364255126373767835  0.0013600356978274758
7295.0  0.0376208538184235677  0.0013377948561633473
7319.0  0.0398096890830842570  0.0015815315416934559
7343.0  0.0383084609507709090  0.0013925658632389112
7368.0  0.0414124025399530693  0.0015671497639361753
7392.0  0.0403860713226449966  0.0012920453667451858
7417.0  0.0436047364329639683  0.0014435077935473183
7442.0  0.0357394415769766507  0.0014472040727717909
7466.0  0.0380211310843193637  0.0013920114640258116
7491.0  0.0283699829562987435  0.0011604220043764932
7516.0  0.0310210092035970025  0.0011743028333560225
7541.0  0.0271949196075437216  0.0011487047091394914
7566.0  0.0300389000280065488  0.0011154886711036926
7592.0  0.0344153648196440023  0.0011568531157818403
7617.0  0.0378428611730656020  0.0011677317425153092
7642.0  0.0322725701986483551  0.0011450278948806506
7668.0  0.0348994170024196568  0.0011706292513998199
7693.0  0.0312648821884635719  0.0011424323415419966
7719.0  0.0362931761108466686  0.0016826893488463403
7745.0  0.0300957033169826499  0.0012237513967830042
7770.0  0.0325321992573543578  0.0017739536694410982
7796.0  0.0269019703254902015  0.0013117199957885155
7822.0  0.0268428877869341317  0.0015598861404485939
7848.0  0.0268583160902712108  0.0015978226841390870
7874.0  0.0244835844353109740  0.0014337759201071922
7901.0  0.0238213033245646168  0.0011965309565601669
7927.0  0.0251436020826273816  0.0012351786745391053
7953.0  0.0224250619970030804  0.0011809963770725777
7980.0  0.0233270903513561403  0.0010852116679735935
8007.0  0.0185376114397082098  0.0011092231277853258
8033.0  0.0214243953765229471  0.0013832435648842394
8060.0  0.0184308309257617126  0.0013903094844768494
8087.0  0.0173948820017042378  0.0011676097293588190
8114.0  0.0201062672843110926  0.0010816200391317451
8141.0  0.0176941271507251204  0.0011242273773318942
8168.0  0.0146237111608649353  0.0018689409604408537
8195.0  0.0094319293097625163  0.0011587050292416147
8222.0  0.0029887241096359638  0.0019295198793751981
8250.0  0.0054483779510239973  0.0012952486926129773
8277.0  0.0153408264400429675  0.0016881950970935508
8305.0  0.0102355713308112089  0.0017145276802921741
8333.0  0.0120929623708771299  0.0016262759997640772
8360.0  0.0131943408632674859  0.0012673825968428851
8388.0  0.0132862196263070602  0.0013908375670262775
8416.0  0.0159723681128773089  0.0013089921463823010
8444.0  0.0175833424770592862  0.0011600802429417899
8472.0  0.0245007231741920135  0.0012869678697064785
8500.0  0.0333720400119843774  0.0012687920761111084
8529.0  0.0320514643034580798  0.0013656793668251255
8557.0  0.0343505165717850960  0.0013108950916423114
8586.0  0.0375134774974606525  0.0014011250745713814
