#@Telescope UH88 
#@Reference Saunders et al. (2018) 
#@Redshift 0.0  
#@Spectrum Train_SN16_16.dat 
#@SN-Name Train_SN16  
#@Phase 43.991 
#@Survey SNFactory 
#@SN-Type SNIa 
#@Units Flux 
# 
# WAVE : 
# SN_SPEC : 
# SN_ERR : 
#end 
3305.0  0.02252100164082927042 0.0168261554518931190
3317.0  0.00652407435559180463 0.0160144582850688215
3328.0  0.02129614220264850963 0.0160792022297293613
3339.0  0.02167656250651757432 0.0157918719704598157
3350.0  0.04483938816619855577 0.0156657135098625666
3361.0  0.00824921155917826901 0.0147132247797752188
3372.0 -0.01089267253384880799 0.0140352756506199293
3383.0 -0.04887676961486376453 0.0137954773111067918
3395.0 -0.00581260163301992264 0.0137126021983165064
3406.0  0.00260349632759931645 0.0132097110590548433
3417.0  0.01623754646643536803 0.0130066617206681025
3429.0  0.00794915707603351812 0.0125303357598654519
3440.0  0.00437058569027284904 0.0121953034140756256
3452.0  0.00560629814160729621 0.0121449112586765780
3463.0 -0.01002303851494045460 0.0120730790628332686
3475.0  0.00390740866315336666 0.0118320277768406163
3486.0  0.02862786997682085707 0.0118326653398188701
3498.0  0.00563861926733153981 0.0112510580604186367
3509.0 -0.00126928768398023488 0.0112980276072896756
3521.0  0.03172740286189855430 0.0114507182986802701
3533.0  0.00827426724338891674 0.0108808287217762954
3545.0 -0.00198328356766478255 0.0102810715688425192
3556.0 -0.01296839334440002579 0.0097598248644036982
3568.0  0.00702494774813029136 0.0098228961424238603
3580.0  0.01652536201586452327 0.0096872344751188257
3592.0 -0.00032509193249110420 0.0091932110086211851
3604.0  0.01777522732075479533 0.0094184697015354205
3616.0  0.01494812404634529926 0.0093567232401221990
3628.0 -0.00390273184933300063 0.0093123323188800834
3640.0  0.00038973978914827332 0.0093821696946834506
3652.0 -0.00010251469352984612 0.0088715805530923831
3664.0 -0.00300415725796203750 0.0084937534720948872
3677.0 -0.00279067477584812266 0.0083996556464804445
3689.0  0.00340227689441547927 0.0087993867516302417
3701.0  0.00538045301174804903 0.0088077827945964512
3714.0  0.02530690175767848563 0.0086986466950918009
3726.0  0.02417726878411834493 0.0088380615451406838
3738.0  0.02035028297215257451 0.0092909101816043786
3751.0  0.01131060025050372245 0.0089067623893205276
3763.0  0.00956595228128463877 0.0079766159602037232
3776.0 -0.00131562845020827745 0.0072543961006251998
3788.0  0.01783844290025317358 0.0076672942546552620
3801.0  0.00226841757867684733 0.0074880431285508633
3814.0 -0.00109461260687656920 0.0076230519793436076
3826.0  0.00221148212771834184 0.0077084373981427473
3839.0 -0.00210831948098745862 0.0077934017381102502
3852.0  0.00624830326802579793 0.0074245427417838662
3865.0  0.01425309619219408512 0.0072359745946910803
3878.0  0.00803550788945737830 0.0070770721443154296
3891.0  0.01102961749527370597 0.0070800352976632076
3904.0  0.01419626487126933630 0.0068909471899290808
3917.0  0.00666840282687875940 0.0067566827701754512
3930.0  0.01915078415406508416 0.0067758935008625648
3943.0  0.03133660421339311275 0.0067971571962207288
3956.0  0.01704261399978712968 0.0064857661195542246
3969.0  0.01890161948745452958 0.0064611615930123874
3982.0  0.03888675990211703376 0.0066510605810471499
3995.0  0.03524495608856307444 0.0065535502098692340
4009.0  0.03359785362963570859 0.0064337390418357570
4022.0  0.03438689507019044439 0.0065235300304859805
4036.0  0.01621507807694768169 0.0061672609632046019
4049.0  0.01509878670082559840 0.0061862889843857143
4062.0  0.00272187342444258056 0.0059891327296565915
4076.0  0.01769311106230946756 0.0061786106861843847
4090.0  0.02163866065610256864 0.0061624650093429307
4103.0  0.02079159436943266506 0.0060724332297466370
4117.0  0.01057109400469204499 0.0058405422158344759
4131.0  0.00529754968286143442 0.0057726558496623776
4144.0  0.00996642617197921084 0.0058486169817075087
4158.0 -0.00157730037362066523 0.0056458222416862405
4172.0 -0.00116356017096755750 0.0056834700372249188
4186.0  0.01558549844076763738 0.0058635388007159724
4200.0  0.01309049518255023421 0.0057909260856887400
4214.0  0.01417758694615552269 0.0058407777151069243
4228.0  0.01965276255771096145 0.0057682618040243491
4242.0  0.01680429629486963547 0.0057182811384486028
4256.0  0.01607850028984382507 0.0056969082602335288
4270.0  0.00680656576460543679 0.0054269681208551921
4284.0  0.01766410386735550037 0.0054435668123089722
4299.0  0.03319052217634512608 0.0054830628596208584
4313.0  0.02660539044804113504 0.0054260603006858156
4327.0  0.00931665124709756508 0.0052903901318656259
4342.0  0.03114678821063112182 0.0055493063797258848
4356.0  0.02745698531735006956 0.0054523067665470546
4371.0  0.00651174980798144461 0.0050504852101791627
4385.0  0.01203309521060171028 0.0051610715074274296
4400.0  0.02657370358810961716 0.0053859779718140504
4415.0  0.01433176290765710015 0.0052668954634712203
4429.0  0.01225449334371390628 0.0051322019194338878
4444.0  0.01788101811541889172 0.0051437948460433345
4459.0  0.00804915081516349544 0.0050239516693579541
4474.0  0.00356056882473424624 0.0050578417389289523
4489.0  0.00330786232173660389 0.0049886681864315212
4504.0  0.01564000852855705267 0.0052030173644631549
4519.0  0.01343485430460393884 0.0051470994781342210
4534.0  0.02479734911732243627 0.0053448445079898399
4549.0  0.02687080718366956916 0.0053967489342048747
4564.0  0.02108687853183070088 0.0053531449503309144
4579.0  0.02627680362636281020 0.0055201624955690020
4594.0  0.03534402107238838325 0.0056560771176016444
4610.0  0.02374995236776309554 0.0056632521545131173
4625.0  0.02642043740382594291 0.0061333625769295777
4640.0  0.04073599724939425820 0.0066711791846144099
4656.0  0.04040203314876301272 0.0069584052550613288
4671.0  0.03763479967163513296 0.0076454176559324688
4687.0  0.03097261122620719592 0.0085064885329764073
4703.0  0.02421758523548665082 0.0089897448213290959
4718.0  0.01461709497322376261 0.0092202434505176713
4734.0  0.02119283154684949155 0.0094203576095010146
4750.0  0.01135817618115376147 0.0085666159369820766
4766.0  0.01621012822624770533 0.0082305654042090226
4781.0  0.01111543426277134504 0.0080249623752718293
4797.0  0.01714056962587642147 0.0150627219601929575
4813.0  0.01729317247022993387 0.0134017518917662563
4829.0  0.00972687997054022362 0.0105047143945566131
4846.0  0.02146988700324539354 0.0088441485054317377
4862.0  0.01733313523603195738 0.0079720061740591718
4878.0  0.00550121554645241397 0.0077649996518360277
4894.0  0.03839222323148373806 0.0078953399968223464
4910.0  0.01278590389947266946 0.0073386291476689250
4927.0  0.02495184366071513671 0.0071158640065478399
4943.0  0.01705045853690780044 0.0066680258629791076
4960.0  0.03626433814087931529 0.0061991906524240395
4976.0  0.03371441406242874084 0.0057318674259076779
4993.0  0.02062837512474702609 0.0053871696796065445
5009.0  0.01428901051617230238 0.0050242695573411902
5026.0  0.01698411080157394282 0.0048148056603796591
5043.0  0.01507849970499828933 0.0046019203931345594
5060.0  0.01842572946513629586 0.0044058491399928913
5076.0  0.02097464193242994102 0.0043091790038381076
5093.0  0.01709038773932607461 0.0041529715028097280
5110.0  0.01426584109931938911 0.0039886265238158738
5127.0  0.01539144305725445062 0.0039438391018581263
5144.0  0.00798319668001578817 0.0037305160240183309
5162.0  0.01402240888235718047 0.0037460491301103908
5179.0  0.00469987980269607770 0.0039011291734184681
5196.0  0.00952408389546224345 0.0056495718676635174
5213.0  0.02055441101494185144 0.0035338751234158575
5231.0  0.01802514245789189201 0.0034172547944132394
5248.0  0.02424165288006513430 0.0034199411837770757
5266.0  0.02146918937288951404 0.0032563737163452556
5283.0  0.02639840717728274971 0.0032171565349089319
5301.0  0.02163564555298420899 0.0031063566113105168
5318.0  0.02643868432988402337 0.0030827685919063643
5336.0  0.03031146989398125421 0.0030452040300796446
5354.0  0.01959878734928552357 0.0029046963858981004
5372.0  0.02201210741508815086 0.0028557346182703875
5390.0  0.02091030334533144561 0.0027533400279081363
5408.0  0.02305472893726918937 0.0027500163345664259
5426.0  0.03650912523392040032 0.0027942522870607572
5444.0  0.03581592084119022273 0.0027657868311128254
5462.0  0.02929916346097444918 0.0027955036875812809
5480.0  0.03016192079320087135 0.0030627022290791767
5498.0  0.03955819940494190168 0.0028218974545828339
5517.0  0.04004863959607742746 0.0026810264865761478
5535.0  0.04059490791586210789 0.0026313892357641123
5553.0  0.04131306511839750312 0.0026049618790446667
5572.0  0.03468432867756324894 0.0025003006782484752
5590.0  0.03482449332542537218 0.0024331112474264309
5609.0  0.02741986418000051315 0.0023210048076095914
5628.0  0.02639170094111988052 0.0022949628929103214
5647.0  0.02477470874512928412 0.0022327595041045012
5665.0  0.01750231064078100821 0.0020802656422948007
5684.0  0.01718030359471256485 0.0020711195948971747
5703.0  0.01369178461141346004 0.0019800541487802409
5722.0  0.00986856445619585347 0.0019313321660355022
5741.0  0.02046144788548958163 0.0019882984914920254
5760.0  0.02683846865071142299 0.0020446503434373028
5780.0  0.03280103568773897610 0.0020558010212518843
5799.0  0.03454964324170587547 0.0021337677339712913
5818.0  0.02982721320512090463 0.0020343558399948752
5838.0  0.02782968018323695933 0.0019772938189333376
5857.0  0.02619838113302981955 0.0020849623287693617
5876.0  0.02613672259413877402 0.0019615182457174852
5896.0  0.02661196439162673982 0.0018337326707051191
5916.0  0.02595219522417228572 0.0018559842065120108
5935.0  0.02629008762268232602 0.0018071903784224689
5955.0  0.02012526079044297048 0.0017263000702098118
5975.0  0.02233759224283800651 0.0017113622590593086
5995.0  0.02169655516685715935 0.0016835710601794513
6015.0  0.01748667062400180439 0.0017178194613074345
6035.0  0.01813799427620178123 0.0016526547346545396
6055.0  0.02168140502983591580 0.0017190544006307007
6075.0  0.01738796119145024494 0.0016547998512913328
6095.0  0.01507651862289742864 0.0016177891180073948
6116.0  0.01542882809586117870 0.0015609992354816257
6136.0  0.01918467517126269326 0.0015127112626830235
6157.0  0.01889721445531427138 0.0015207110071064729
6177.0  0.01609206144960605503 0.0014732554582050029
6198.0  0.01348355500677535408 0.0014079882690439911
6218.0  0.02053501623867106524 0.0014440770744824152
6239.0  0.01829786931055376459 0.0014258727478777659
6260.0  0.01880245081512708222 0.0014093585752949405
6281.0  0.01794345411965236892 0.0014021698441295692
6302.0  0.01612130046652144461 0.0013500289569045559
6323.0  0.01879272662181034198 0.0013723969615014422
6344.0  0.01851775021419663214 0.0013839659533295028
6365.0  0.02233107805704208706 0.0015405109657464747
6386.0  0.02155108350638682696 0.0016323091689922128
6407.0  0.02408197233233927426 0.0016343132426685251
6429.0  0.02665909571248318774 0.0015490503220675570
6450.0  0.02853285620968116360 0.0015283389915528706
6471.0  0.03461421726569448992 0.0015173684729116762
6493.0  0.03107794821811830227 0.0014629967413324187
6515.0  0.03119407086772603768 0.0014091846804148214
6536.0  0.02812976978953311488 0.0013725740572417479
6558.0  0.02712626215720573275 0.0013876489093093442
6580.0  0.02334361010836520645 0.0013615669728209794
6602.0  0.02248774903665077748 0.0013385122305092263
6624.0  0.01849199048029534498 0.0012751433584374939
6646.0  0.01680923077481650055 0.0012768224037096937
6668.0  0.01309570216318287246 0.0012251513018388326
6690.0  0.00945311643811689445 0.0012126355286214972
6713.0  0.01629984876365755952 0.0012273437367348852
6735.0  0.01091844220682772204 0.0015441942810356290
6757.0  0.00870592981800673467 0.0013368059994201939
6780.0  0.01087354698339865373 0.0015853924504578686
6803.0  0.01263480113866361637 0.0014689970279103128
6825.0  0.01049244510248457246 0.0014713207339929896
6848.0  0.01007309485728973865 0.0013694933618602302
6871.0  0.00988949647891646834 0.0012938001938927997
6894.0  0.01060924125280814957 0.0012945410668519087
6917.0  0.00580556282659989466 0.0011978431181480314
6940.0  0.01125228488496809315 0.0011592000725362559
6963.0  0.00990983940533601664 0.0012997289471504436
6986.0  0.01226532097415546432 0.0011583176487274750
7009.0  0.01374310186146493473 0.0013667971563313362
7033.0  0.01029492387031668774 0.0011841381001349858
7056.0  0.01343302582686534651 0.0013082197812497422
7079.0  0.01528098166870519616 0.0027036236931277510
7103.0  0.01607084389596817597 0.0019883618103838873
7127.0  0.01456553860084375956 0.0014957134883330700
7150.0  0.01319799665762999910 0.0012049568547376484
7174.0  0.01240209471502399033 0.0015811477481217262
7198.0  0.01722417766986453214 0.0013989453230223510
7222.0  0.01847301692893092706 0.0016414582199489483
7246.0  0.01408437292938287053 0.0015238257103115354
7270.0  0.01506796781873818644 0.0015695857030155816
7295.0  0.01149472825323948587 0.0014277599441303124
7319.0  0.01019887595551005437 0.0017149865111410921
7343.0  0.01653230626673396833 0.0015448439986501413
7368.0  0.01914662358742390616 0.0017774820094939763
7392.0  0.01760546751012694033 0.0014236783642804290
7417.0  0.01923810560917328660 0.0016253785573978202
7442.0  0.02024578334392734824 0.0016048062612498560
7466.0  0.01987230587118444039 0.0015739527687438344
7491.0  0.01911901551858292622 0.0013567552122195042
7516.0  0.01230695829354091185 0.0012833401227758750
7541.0  0.01123903675142771778 0.0012871272182391718
7566.0  0.00878185836478817539 0.0012197835231794233
7592.0  0.01303229551337785688 0.0012682307221021190
7617.0  0.01678508779674224224 0.0012881125858861546
7642.0  0.01824187190620887161 0.0012897138763155801
7668.0  0.02052747711513884868 0.0013108448246052708
7693.0  0.01617945550000418620 0.0013299048111101090
7719.0  0.01969656913182672719 0.0019311828499381607
7745.0  0.01652062735674264884 0.0013745569064343678
7770.0  0.01793481220094727407 0.0020481349860198800
7796.0  0.01760984091440009544 0.0015328293097294373
7822.0  0.01471611787696400220 0.0018261565288133230
7848.0  0.01242578079891713989 0.0017922422138614131
7874.0  0.01449224253280231335 0.0017338157226804995
7901.0  0.00983066768468328529 0.0013650307786574585
7927.0  0.00944717967143592942 0.0013679915122575760
7953.0  0.00592395834621849485 0.0013146960805605643
7980.0  0.01002225876820204802 0.0012257082684656302
8007.0  0.00778638350515312855 0.0013335848204292090
8033.0  0.00836747431692038551 0.0018726964208808235
8060.0  0.01116129951352974603 0.0019456797252970569
8087.0  0.00753349233219057727 0.0014393803524171116
8114.0  0.00741283238685129433 0.0012363950498379460
8141.0  0.00923574243168143356 0.0014177602076851073
8168.0  0.00642048803427543863 0.0021595446917412908
8195.0  0.00336399835281035774 0.0013268087442851022
8222.0 -0.00254121512152267635 0.0022799705238819722
8250.0  0.00068255007073684171 0.0015171787796154957
8277.0  0.00302123974418687423 0.0020201894521567876
8305.0  0.00239152986175215389 0.0019648392429322450
8333.0  0.00552233301555945643 0.0019377971406932546
8360.0  0.00288953267085179100 0.0015293312121623941
8388.0  0.00792829909079618457 0.0016217420377981676
8416.0  0.00620367325412855483 0.0015326914988574212
8444.0  0.00736000574791804280 0.0013564658121798022
8472.0  0.01078794192822422893 0.0014958134660106445
8500.0  0.01254973167332258839 0.0014055620840310750
8529.0  0.01246570208308491086 0.0015422858084180651
8557.0  0.01178820405456278489 0.0014331194204110389
8586.0  0.01676802706278492094 0.0016252891100496021
