#@Telescope UH88 
#@Reference Saunders et al. (2018) 
#@Redshift 0.0  
#@Spectrum Train_SN10_22.dat 
#@SN-Name Train_SN10  
#@Phase 34.030 
#@Survey SNFactory 
#@SN-Type SNIa 
#@Units Flux 
# 
# WAVE : 
# SN_SPEC : 
# SN_ERR : 
#end 
3305.0  3.6347224743191798e-03 0.00248771759309168207
3317.0  4.4448259293528502e-03 0.00230994546201334239
3328.0  6.5106048219807479e-03 0.00223260490189941714
3339.0 -3.3352999614832696e-04 0.00208689674462730554
3350.0  3.2970501895149265e-03 0.00207337915315743354
3361.0  5.0978977267530723e-03 0.00200600003361537911
3372.0  5.0220821982477071e-03 0.00195672928160960926
3383.0  6.5626043141379167e-03 0.00197889500927985905
3395.0 -2.4619823729779286e-03 0.00184425934715569916
3406.0 -1.5236311138408284e-04 0.00181766780689013264
3417.0 -4.7698192375578815e-05 0.00181205336938804478
3429.0  4.3577360822258321e-03 0.00177438187439076509
3440.0  5.2055406309701544e-03 0.00167780441735217254
3452.0  1.7181745742874828e-03 0.00164981583209712407
3463.0  1.7750886680147724e-03 0.00169472453695933582
3475.0  4.0028825255616664e-03 0.00168881512537510676
3486.0  4.9084173755706015e-03 0.00162152435388549735
3498.0  6.7366981016044932e-03 0.00158135772622485914
3509.0  9.3429967976442971e-03 0.00162516332230112589
3521.0  9.1553400257664719e-03 0.00163386230226726941
3533.0  1.0844006134357827e-02 0.00162672021734512335
3545.0  7.4773590054265700e-03 0.00152360840125660962
3556.0  9.8451686307047103e-03 0.00153576953034276274
3568.0  8.7289236238961600e-03 0.00147285091685284229
3580.0  1.1022872724366566e-02 0.00146468016497808685
3592.0  8.4355352331273500e-03 0.00141158093224888806
3604.0  7.5285842220236925e-03 0.00138471716538403258
3616.0  8.3616755247170431e-03 0.00136316831646006117
3628.0  6.9723468248417304e-03 0.00131591335714949373
3640.0  8.0235261417948445e-03 0.00128998789206894999
3652.0  1.0636701209814843e-02 0.00131731258867589466
3664.0  1.0630571177193470e-02 0.00131481421247647530
3677.0  1.4477479557508083e-02 0.00134212425922223362
3689.0  1.2787170452756501e-02 0.00132277427985267996
3701.0  1.0276751090259844e-02 0.00129290133027768644
3714.0  1.0564574906432353e-02 0.00125326838970926321
3726.0  1.0188467605229878e-02 0.00118801826581163257
3738.0  1.0202816687052446e-02 0.00117922258628489840
3751.0  1.2244306737824655e-02 0.00122133994408203639
3763.0  7.5286102569362152e-03 0.00113247176096527465
3776.0  7.4870896936289630e-03 0.00108882049063204703
3788.0  5.8731840589923484e-03 0.00103982533890789272
3801.0  5.3041512102429125e-03 0.00103738493817947500
3814.0  8.5898654596361732e-03 0.00107740990552801746
3826.0  8.1538423489556783e-03 0.00109256528392071722
3839.0  8.3830638701760697e-03 0.00109093501505015374
3852.0  1.0208648004726185e-02 0.00107023873985406912
3865.0  1.0218830369300149e-02 0.00106060248627725534
3878.0  1.3261220723102669e-02 0.00106838987110654529
3891.0  1.3350644509069113e-02 0.00107737294889094807
3904.0  1.6912450149838758e-02 0.00112451160190094371
3917.0  1.6415078276100021e-02 0.00111668858747083479
3930.0  1.5029789940228265e-02 0.00109020147025552837
3943.0  1.8574809065653661e-02 0.00109832026772074039
3956.0  1.9946539220056535e-02 0.00117348977201587354
3969.0  1.9464178351789038e-02 0.00112337570988510797
3982.0  1.9068881845595662e-02 0.00107595969011235510
3995.0  1.8012297663547800e-02 0.00101976666075686249
4009.0  1.8056979870398008e-02 0.00100625402705467517
4022.0  1.5179096803432244e-02 0.00099732973059978502
4036.0  1.3565869539804643e-02 0.00098926827444106207
4049.0  1.5235064550687100e-02 0.00102003713666653519
4062.0  1.6728401832542539e-02 0.00103820892401000056
4076.0  1.4102986358018915e-02 0.00101679763073709911
4090.0  1.6292764250052456e-02 0.00098512074040571778
4103.0  1.2550883605176134e-02 0.00089227048236137504
4117.0  1.4144332720418318e-02 0.00089683467613202472
4131.0  1.1536310140326351e-02 0.00087637276190293402
4144.0  1.3065156407128393e-02 0.00089254609222311502
4158.0  1.2337985210039197e-02 0.00088952699576232098
4172.0  1.1294134655747214e-02 0.00087544230710999394
4186.0  1.3130796555973167e-02 0.00087677276962592316
4200.0  1.3474933251242542e-02 0.00087573354201656798
4214.0  1.2267252298007349e-02 0.00084223459022707606
4228.0  1.2352440401965514e-02 0.00084731116172025080
4242.0  1.3056255796015557e-02 0.00085229227648663040
4256.0  1.4670933622920204e-02 0.00086881236483758663
4270.0  1.4931877108145582e-02 0.00086438156031682560
4284.0  1.5542231082845890e-02 0.00085151226321320916
4299.0  1.5474105012386505e-02 0.00083920181972866302
4313.0  1.2651497557035062e-02 0.00081064097049239495
4327.0  1.3354414461379280e-02 0.00082279376084497106
4342.0  1.2901048014166664e-02 0.00082221667848869152
4356.0  1.1099934868351738e-02 0.00080226201925941534
4371.0  1.2356159795094603e-02 0.00078846845288184548
4385.0  1.0174005546900747e-02 0.00077480363346356916
4400.0  9.3638292241768114e-03 0.00076595506495985685
4415.0  8.0248625399157100e-03 0.00075054808454030420
4429.0  8.7484045887597714e-03 0.00075563583366907675
4444.0  1.0127972303360693e-02 0.00076200916441025257
4459.0  1.0757089401731307e-02 0.00075562214624518486
4474.0  1.0144007027035251e-02 0.00075500474103277928
4489.0  1.0903905528274735e-02 0.00074603156119076440
4504.0  1.1932320923023400e-02 0.00075237354010275655
4519.0  1.3801929140603342e-02 0.00076809512462662965
4534.0  1.6812384750720371e-02 0.00078419536402656205
4549.0  1.9811477873107840e-02 0.00079700810460209162
4564.0  2.2730790771826798e-02 0.00081736314020666744
4579.0  2.4309455314172983e-02 0.00082780343906267359
4594.0  2.3582808410774835e-02 0.00081726384698260822
4610.0  2.4345773093386380e-02 0.00082495125153362616
4625.0  2.4352281934623063e-02 0.00082529028919114955
4640.0  2.4521300849116232e-02 0.00082193995982468755
4656.0  2.0679185112978740e-02 0.00078572687689634107
4671.0  1.8487515775076374e-02 0.00076499489293573681
4687.0  1.4396146945551400e-02 0.00075074133309459181
4703.0  1.1626543689316225e-02 0.00072211446153630748
4718.0  1.0164711997433769e-02 0.00070493320437786102
4734.0  1.0165126052392314e-02 0.00069555000854617914
4750.0  1.0270822533122585e-02 0.00070155163277072700
4766.0  1.1345919541173000e-02 0.00071003026321647222
4781.0  1.2236504112733469e-02 0.00072153272102250612
4797.0  1.4608254046689400e-02 0.00074940199679830472
4813.0  1.7730184764018733e-02 0.00077283310047667115
4829.0  1.6489740311201369e-02 0.00076946034336661565
4846.0  1.4801430778675838e-02 0.00076155883199601350
4862.0  1.3758070984864531e-02 0.00076960693446881119
4878.0  1.6056839373954905e-02 0.00080930137762033887
4894.0  1.8877729809479125e-02 0.00086801483449517084
4910.0  2.1915461547996101e-02 0.00097078696865986766
4927.0  2.5282749269447201e-02 0.00106950935435111156
4943.0  2.4705873928742846e-02 0.00113776899976461674
4960.0  2.3566068356938988e-02 0.00122677110738552493
4976.0  1.7174092819096567e-02 0.00123034983939612026
4993.0  1.5333098484311365e-02 0.00118755221634343593
5009.0  1.3482112840439920e-02 0.00112624984947842614
5026.0  1.3445533376298386e-02 0.00110141315941526905
5043.0  1.2765401516435898e-02 0.00198632370483659611
5060.0  1.0762281092145661e-02 0.00218429478283831829
5076.0  1.1613878853081509e-02 0.00185410831094322986
5093.0  1.1739018065815097e-02 0.00148146498665289528
5110.0  7.6919706844022114e-03 0.00117406780245474240
5127.0  8.7589233737054226e-03 0.00109361263678645223
5144.0  9.7704484609300868e-03 0.00107334365753094878
5162.0  1.3161494770760547e-02 0.00108132202718804848
5179.0  1.2087891930329046e-02 0.00102029451819647958
5196.0  1.3916533250152067e-02 0.00099577677438527626
5213.0  1.6935925628377684e-02 0.00095128358231237750
5231.0  1.5678089240326834e-02 0.00088416948819916303
5248.0  1.6713559779709480e-02 0.00084470604315543785
5266.0  1.8762587583701782e-02 0.00080941076125385671
5283.0  2.0202044644598269e-02 0.00077531708990746827
5301.0  2.1826943576034253e-02 0.00075444749800694926
5318.0  2.0099320194167151e-02 0.00072366775609853870
5336.0  1.8930317258639421e-02 0.00070303555781410108
5354.0  1.8041608048043219e-02 0.00067703677333093661
5372.0  1.9029893170185521e-02 0.00066057322024414152
5390.0  2.1531384359265535e-02 0.00064990692123521399
5408.0  2.4024999053720322e-02 0.00064986112155810500
5426.0  2.8014781157196227e-02 0.00066405558764531748
5444.0  2.9764750467968854e-02 0.00068185489010885475
5462.0  3.3250547172471043e-02 0.00086523083481087704
5480.0  3.4426045294470943e-02 0.00066845956867353918
5498.0  3.6428313440513220e-02 0.00065506662018928203
5517.0  3.4302283077948768e-02 0.00062553728429656438
5535.0  3.4816755710738223e-02 0.00061310873557639798
5553.0  3.2521576546334315e-02 0.00059420284313843803
5572.0  3.1725603633042623e-02 0.00058504503098018355
5590.0  2.9922831097342083e-02 0.00055736346767059253
5609.0  2.8240858306142501e-02 0.00053568364420767409
5628.0  2.4385308634661713e-02 0.00051098965792678119
5647.0  2.3023245136402595e-02 0.00049223349905869358
5665.0  1.9075018029352464e-02 0.00046285944626446514
5684.0  1.8481878439097953e-02 0.00045335524453534142
5703.0  1.7674752183740129e-02 0.00044352954072046804
5722.0  1.8975376637407410e-02 0.00044404012395344574
5741.0  2.0820113367173414e-02 0.00045148205396065112
5760.0  2.2525586257330223e-02 0.00046725667023759485
5780.0  2.4557299226219957e-02 0.00046282908295414295
5799.0  2.5695978256339645e-02 0.00046273902449146364
5818.0  2.4394332532924296e-02 0.00044360383974867916
5838.0  2.4530561400929227e-02 0.00044043380035233042
5857.0  2.2782641985633900e-02 0.00042612521593362370
5876.0  2.2522695080414205e-02 0.00041834123902800423
5896.0  2.1570706382834030e-02 0.00040042233238316949
5916.0  2.0556176395642018e-02 0.00039309493779871415
5935.0  1.8689430530862229e-02 0.00038118181185950727
5955.0  1.6773544279897162e-02 0.00036716909367315743
5975.0  1.5098685383657587e-02 0.00035471854715111263
5995.0  1.5032438064692061e-02 0.00035063782351956254
6015.0  1.6029610539846979e-02 0.00035092303863026506
6035.0  1.4824157551505776e-02 0.00034310289275172560
6055.0  1.4260913704097150e-02 0.00033489320754654246
6075.0  1.5830076522308383e-02 0.00033702932054383554
6095.0  1.5198707048547767e-02 0.00033388048869270598
6116.0  1.4675400213520656e-02 0.00032465709017236291
6136.0  1.2018796906489134e-02 0.00030730144431839084
6157.0  1.0814099144073240e-02 0.00032577953569009623
6177.0  1.2118779855887796e-02 0.00031627440092838355
6198.0  1.4651959763507546e-02 0.00030679312417552368
6218.0  1.4415937416994403e-02 0.00030938301817506631
6239.0  1.4058017999512172e-02 0.00030067889601238074
6260.0  1.3871091844442796e-02 0.00028951596725759960
6281.0  1.3833133239499393e-02 0.00028898263880506610
6302.0  1.5645890089520217e-02 0.00029500993389545678
6323.0  1.6114238057661774e-02 0.00030052252111745117
6344.0  1.8617785444401465e-02 0.00030426332732511741
6365.0  2.0605821334208598e-02 0.00031105022188213864
6386.0  2.2550011579880742e-02 0.00031551019562470352
6407.0  2.5405477837270932e-02 0.00032432444416000816
6429.0  2.6013818946196792e-02 0.00032363135862795525
6450.0  2.7418401334316406e-02 0.00032503674739947890
6471.0  2.7145805713783267e-02 0.00032010753526459331
6493.0  2.7174452979209399e-02 0.00031470248948932232
6515.0  2.6986172923178946e-02 0.00031014663036218115
6536.0  2.6067730335595351e-02 0.00030572133988930839
6558.0  2.3770451561718104e-02 0.00029791569670438298
6580.0  2.1962873922919641e-02 0.00028875606493738141
6602.0  2.0584441831846753e-02 0.00028163609967696583
6624.0  1.7257071322999452e-02 0.00026545840993115412
6646.0  1.5226372767058906e-02 0.00025595049113761133
6668.0  1.3627108698612287e-02 0.00024716065722030326
6690.0  1.2722977553134032e-02 0.00025139566613228785
6713.0  1.1552321087555698e-02 0.00024827297049883376
6735.0  1.0880317232653192e-02 0.00025110701592591860
6757.0  1.0953011921258344e-02 0.00024133124483515539
6780.0  1.0176025521361605e-02 0.00023132887018842446
6803.0  9.9967393716489401e-03 0.00022887095589739181
6825.0  9.7184660038980818e-03 0.00022114885290455937
6848.0  9.4785445885708312e-03 0.00021574854782291795
6871.0  9.9204512572175375e-03 0.00021524828718841389
6894.0  9.7610111067657091e-03 0.00021657126578162635
6917.0  1.0180409784189553e-02 0.00021685077672667721
6940.0  1.0289260349139228e-02 0.00021526677120033895
6963.0  9.8894242210657828e-03 0.00021093724823604396
6986.0  9.8592431962380798e-03 0.00021129656391392373
7009.0  9.3297179651908053e-03 0.00021028139445781804
7033.0  1.0086016922294314e-02 0.00021832473468891625
7056.0  1.0344546475528337e-02 0.00021426948717025656
7079.0  1.0354702828178431e-02 0.00023845213635002811
7103.0  1.0546910285435036e-02 0.00022857928006991666
7127.0  1.1864857804457602e-02 0.00024832555028501946
7150.0  1.2232648830688609e-02 0.00023538565299171860
7174.0  1.3415009165737421e-02 0.00023980568842183421
7198.0  1.3185422365141157e-02 0.00023192471903930195
7222.0  1.3022489471210130e-02 0.00022718090637428956
7246.0  1.2172055125642190e-02 0.00022297789672931430
7270.0  1.2273270407767401e-02 0.00021879969066889324
7295.0  1.2065146812397053e-02 0.00021562196327634171
7319.0  1.2765507358448579e-02 0.00022719090559637705
7343.0  1.4327083396017463e-02 0.00022346172439748589
7368.0  1.4518030906961500e-02 0.00023328200746799150
7392.0  1.6356279916438354e-02 0.00023112889967828433
7417.0  1.6299926399885228e-02 0.00023797589849784521
7442.0  1.4711258094734527e-02 0.00036817483366923703
7466.0  1.2945703790231612e-02 0.00029463547704344447
7491.0  1.1342891064893125e-02 0.00024451629952787116
7516.0  1.0953381677772401e-02 0.00021202812259503957
7541.0  1.1463976914390132e-02 0.00023415989768918327
7566.0  1.2742946515376542e-02 0.00022772786511823749
7592.0  1.4071316746856150e-02 0.00024865281488576138
7617.0  1.4508672689674694e-02 0.00024164852393178128
7642.0  1.6067830314108609e-02 0.00025259892191605319
7668.0  1.6532259773711273e-02 0.00024844433342696909
7693.0  1.7137284227064894e-02 0.00026642513515082427
7719.0  1.6280886318667351e-02 0.00025122300629813374
7745.0  1.6043922485104282e-02 0.00026154592567084598
7770.0  1.5047008374474178e-02 0.00023975209767859718
7796.0  1.3733838883221161e-02 0.00024380820966177013
7822.0  1.2924459798546136e-02 0.00024073382769785925
7848.0  1.2238173739668798e-02 0.00023528526565354398
7874.0  1.0664356279934388e-02 0.00021402558808652513
7901.0  9.4574796161545887e-03 0.00020761101383132198
7927.0  8.7147517360367868e-03 0.00020437097358536079
7953.0  8.5823679611381366e-03 0.00020141129689058278
7980.0  8.1842599286390521e-03 0.00020579013808795090
8007.0  8.1113295987073446e-03 0.00020452772431566306
8033.0  8.1313949583586339e-03 0.00020118353659716369
8060.0  7.7854162616078941e-03 0.00020322088544406629
8087.0  8.0482351423609103e-03 0.00020243073846661498
8114.0  7.5614912543436287e-03 0.00024710664391054449
8141.0  7.6366505923817730e-03 0.00020668293366924234
8168.0  6.4331767112009944e-03 0.00024367062942240588
8195.0  3.3105341538467708e-03 0.00019085384498002827
8222.0  2.6400854819740851e-03 0.00020929355487664999
8250.0  3.1597147932665545e-03 0.00021512141026942372
8277.0  4.0393669501347486e-03 0.00021396246442806737
8305.0  4.3034987652835694e-03 0.00019085651322904663
8333.0  4.2495612209296147e-03 0.00019310625590964462
8360.0  3.9446207857109237e-03 0.00018613828980179861
8388.0  4.7852504664083959e-03 0.00018112071104313458
8416.0  5.8671510638265848e-03 0.00019436411143380965
8444.0  7.7603812070850299e-03 0.00025722066583431174
8472.0  9.8988458282761212e-03 0.00026797661977042455
8500.0  1.1299385087750399e-02 0.00023578610937954593
8529.0  1.1686902071812583e-02 0.00021888947669890631
8557.0  1.2173219827446376e-02 0.00022694568600107663
8586.0  1.1401210735450777e-02 0.00028377102441949132
