#@Telescope UH88 
#@Reference Saunders et al. (2018) 
#@Redshift 0.0  
#@Spectrum Train_SN17_11.dat 
#@SN-Name Train_SN17  
#@Phase 19.837 
#@Survey SNFactory 
#@SN-Type SNIa 
#@Units Flux 
# 
# WAVE : 
# SN_SPEC : 
# SN_ERR : 
#end 
3305.0 -0.01840402106240603824 0.0141254056809144799
3317.0 -0.00435429723923927165 0.0132971686114023106
3328.0 -0.00012907982052822505 0.0128453680044652990
3339.0  0.00709261805735186390 0.0127785576380103020
3350.0 -0.01883328560387775158 0.0127731665694262031
3361.0 -0.01808636435622566069 0.0129449952951489564
3372.0  0.00295904365530797082 0.0126055085570853671
3383.0  0.02245941357219129880 0.0120697300694748936
3395.0  0.02589980088216620874 0.0116929410861656511
3406.0  0.01898841402730314445 0.0111187179986420338
3417.0  0.01388650456367959349 0.0111978816927928420
3429.0 -0.01086820144612214191 0.0111281870468586726
3440.0  0.01903461054167092728 0.0109685590231801255
3452.0  0.02105809549220337071 0.0105807424030951482
3463.0  0.00449659286204173031 0.0101941322186671901
3475.0  0.03254348280923943099 0.0100728458371858592
3486.0 -0.00942886290850395575 0.0094867804200769405
3498.0  0.01275849790945367615 0.0096031353373249376
3509.0 -0.00775416641832513652 0.0095699666756796833
3521.0  0.01990381299382735364 0.0097652059218467265
3533.0  0.01890725903207762446 0.0097181147626647004
3545.0  0.01795627468521824102 0.0093612057907043085
3556.0  0.00771835005301454557 0.0088872435228738306
3568.0  0.00332521340865113554 0.0085621249007280381
3580.0  0.01627860229253583549 0.0083393874900657312
3592.0  0.01287711916637736785 0.0081571912265225727
3604.0  0.01767667985483304532 0.0081109165242918037
3616.0  0.01048420937239190678 0.0080006509682667530
3628.0  0.01446324324780755462 0.0079295362232645536
3640.0  0.00677067109053886354 0.0078358690441627226
3652.0  0.01639274609932130783 0.0079319049534814171
3664.0  0.01040093040093144350 0.0077708603653050285
3677.0  0.00965840605528498625 0.0075471276648398176
3689.0  0.01256986532119227368 0.0076057780349155883
3701.0  0.02598691153725963057 0.0077315577916346571
3714.0  0.01338448423788675574 0.0073519608025460577
3726.0  0.02095847406900555598 0.0073886055296741400
3738.0  0.01474787626001320545 0.0072692897329411730
3751.0  0.01484860283838630550 0.0074007518597532752
3763.0  0.02313175624776502709 0.0078463282194975083
3776.0  0.02732568919294865034 0.0074017504154007341
3788.0  0.02331418586377798086 0.0068528278508658714
3801.0  0.00923984473791535955 0.0065875351177851291
3814.0  0.02449232420771445956 0.0064952614473717902
3826.0  0.02914076111674484756 0.0065475852645963230
3839.0  0.02087812258962347053 0.0064520751332827198
3852.0  0.02623484863252960320 0.0067219821049966551
3865.0  0.03611660766822144542 0.0068917070054195801
3878.0  0.04773517594906594858 0.0067203939082769032
3891.0  0.03018524334084895372 0.0063695151012119347
3904.0  0.04495944903939776832 0.0063974998880545631
3917.0  0.04537198240465049187 0.0062447837271365266
3930.0  0.05383569990657097182 0.0062075658831373410
3943.0  0.04839539525582745028 0.0061315286870787166
3956.0  0.03618845378015070335 0.0060008220639059980
3969.0  0.03168217936521285083 0.0057960310571613617
3982.0  0.03874467658754857796 0.0058253856501728129
3995.0  0.01998323416929064997 0.0056057604390752939
4009.0  0.02232899975193153655 0.0056357489827022506
4022.0  0.01426872189155666687 0.0055788746998185392
4036.0  0.00764024023300089849 0.0054843586730163509
4049.0  0.02647638782453672068 0.0054287328747272849
4062.0  0.02173079174252145682 0.0053919604271501307
4076.0  0.02775370219445629297 0.0054043213053873284
4090.0  0.01963248610171031139 0.0053190189882667037
4103.0  0.01550847225550755493 0.0051648351779052561
4117.0  0.02515060490515210953 0.0052651326153630501
4131.0  0.03154737697157368459 0.0053434319662475577
4144.0  0.03906453350687345144 0.0054151095084194910
4158.0  0.04082197045201368946 0.0054335201540745698
4172.0  0.02725395134602485656 0.0053580588261539037
4186.0  0.02566466348018784163 0.0053309130694569017
4200.0  0.02909100966757367443 0.0052401616472361719
4214.0  0.03764320952516127944 0.0052745347565487533
4228.0  0.03157769329599787594 0.0052253039881139966
4242.0  0.03103255714130653126 0.0052398215929875406
4256.0  0.03216874036405084625 0.0051777798334859170
4270.0  0.03245131355188977246 0.0050903588425977014
4284.0  0.04310160485207558539 0.0050911764940313031
4299.0  0.03784615807268263549 0.0050147626262417215
4313.0  0.03031841287419377931 0.0049281890056563906
4327.0  0.02793369024300118922 0.0049027223932055705
4342.0  0.01448123210169085726 0.0048158828895919726
4356.0  0.00991502537956979492 0.0047501387537509567
4371.0  0.01531140192414798956 0.0047021701273310210
4385.0  0.01138275039372862139 0.0046384365474467929
4400.0  0.02355433928932480769 0.0048039732891870020
4415.0  0.01326048009404374832 0.0046549484051659120
4429.0  0.02188075926604168484 0.0046920371121510302
4444.0  0.03027591720852697288 0.0047316061221528002
4459.0  0.02258329150536580315 0.0046458414308027957
4474.0  0.02372127439107713995 0.0046069445179278750
4489.0  0.02014029667867590565 0.0045916286476586987
4504.0  0.03021817376759513424 0.0047248576228493778
4519.0  0.04218011480573524014 0.0047583005404541225
4534.0  0.05953984342070277325 0.0048318653207635566
4549.0  0.06288332595728089724 0.0048837827491821657
4564.0  0.05078354785049055825 0.0048355444850845036
4579.0  0.05959007188173437441 0.0049113885193557858
4594.0  0.07506050338810993372 0.0049802935200887301
4610.0  0.06030244923272889274 0.0048927919492111720
4625.0  0.05018039604811706800 0.0049403337312360872
4640.0  0.04634150324792532527 0.0049833258912721883
4656.0  0.04178066447037124403 0.0050145021954917501
4671.0  0.02372050749214564200 0.0051976490384550312
4687.0  0.03192207175207045777 0.0056313930541494655
4703.0  0.02152249244515100357 0.0059114475887270803
4718.0  0.01256774649314792124 0.0062545169446153693
4734.0  0.01502069996603280951 0.0068992794710916521
4750.0  0.01186264353913880909 0.0073749334362284130
4766.0  0.01014589464467590720 0.0076956858705582495
4781.0  0.00881176152311321723 0.0077116700311199568
4797.0  0.03248898207569686503 0.0076004961344798873
4813.0  0.02964134623057773990 0.0074578048813362437
4829.0  0.02468736309915390420 0.0069561225613863917
4846.0  0.02778339411469174514 0.0069947196503306044
4862.0  0.03100318676841654422 0.0075644691069972625
4878.0  0.04808037049254748618 0.0095361022270741749
4894.0  0.03923076794334499906 0.0084243674535491343
4910.0  0.02089044388900886812 0.0074458573036284559
4927.0  0.04110562587645356231 0.0074833251328056639
4943.0  0.04627862255254834578 0.0074068427884630686
4960.0  0.02245722273134787700 0.0068936895429043679
4976.0  0.02853285346668944442 0.0064720542282809910
4993.0  0.02941316852168986140 0.0060833978608369936
5009.0  0.02687704566249610877 0.0056472926345503532
5026.0  0.03192665487736272290 0.0052981521513336145
5043.0  0.03030348314337070678 0.0049747256095150410
5060.0  0.03291904529005879737 0.0047438754972370829
5076.0  0.02626369721752853936 0.0045080568357216350
5093.0  0.03270214217680043889 0.0043469832353996906
5110.0  0.02988499394484123509 0.0041486044726685009
5127.0  0.03571925234085207568 0.0040201221979917195
5144.0  0.03908287735283402786 0.0039058423211332034
5162.0  0.05382547086654013158 0.0038954620650714015
5179.0  0.05722487422246846922 0.0037824319007797574
5196.0  0.05312157203268956518 0.0036781750923337527
5213.0  0.05988244794182066150 0.0036633247039335906
5231.0  0.06874256259108857403 0.0036318194202345994
5248.0  0.07246382231956659259 0.0036314098598072696
5266.0  0.07701104275259801346 0.0037374869949650725
5283.0  0.06711426546724759412 0.0051982108181729998
5301.0  0.05671445267515868444 0.0032458371191805471
5318.0  0.06376506110901926372 0.0032688420062112816
5336.0  0.06976346533748833956 0.0032448702537943531
5354.0  0.07569724279000088207 0.0032137231590188917
5372.0  0.06707501707879298669 0.0030339143014776826
5390.0  0.06878799502171852043 0.0029909659651896161
5408.0  0.06133470193848553770 0.0028887727118854551
5426.0  0.05593255430878118356 0.0027893622440804812
5444.0  0.04705107942993451420 0.0027001703514566949
5462.0  0.05649729361656385951 0.0027170723128373694
5480.0  0.04691098795652164088 0.0026190663787279572
5498.0  0.04467126209673495663 0.0025552159593682819
5517.0  0.04152183157299027538 0.0024676400403930059
5535.0  0.04222484970286514983 0.0024477743468664212
5553.0  0.04258686179714768483 0.0025128018050541850
5572.0  0.03605052850757081706 0.0029976691775111660
5590.0  0.03754070699693961427 0.0025778513201712172
5609.0  0.03220073139983551519 0.0023350908291868725
5628.0  0.02895635717933681130 0.0022953479536584496
5647.0  0.03132961567778968365 0.0022469953131730789
5665.0  0.02765597988003763372 0.0021696445754806333
5684.0  0.02671635175883655192 0.0021151732054561635
5703.0  0.02759795935598893801 0.0020411290937024959
5722.0  0.02398820268856006327 0.0020097411502200228
5741.0  0.02516611289244482727 0.0019930139335009359
5760.0  0.03359379913775982496 0.0019628143805391052
5780.0  0.03777466307859314587 0.0019691556142027557
5799.0  0.04251452594112647976 0.0019766600642162121
5818.0  0.04819224844424444681 0.0019872932250828679
5838.0  0.05152729016934230050 0.0020088203535232312
5857.0  0.05482128012622620311 0.0020122854112546665
5876.0  0.05375115133999613937 0.0019356223024394742
5896.0  0.05153200261882839167 0.0019382040099964074
5916.0  0.05087000094026974950 0.0019421200614487262
5935.0  0.05909787156711084066 0.0019434976480443128
5955.0  0.05108952528490929429 0.0024957141096312997
5975.0  0.04195742702092563475 0.0022308082223430150
5995.0  0.03816015233581839666 0.0017894079055423950
6015.0  0.03644448261075116519 0.0019506588686133582
6035.0  0.03291189165292383173 0.0018336309736873408
6055.0  0.02831027418372614179 0.0016408047888803326
6075.0  0.02273381486488571662 0.0015607054350887377
6095.0  0.01484592759345798423 0.0014856132300904465
6116.0  0.01888025140723760889 0.0015382300105279026
6136.0  0.02566929310119451038 0.0015074273548187458
6157.0  0.02670343785117062010 0.0015587127311677506
6177.0  0.02680353812892287413 0.0015223191288179635
6198.0  0.02859954307712747612 0.0015340102571081238
6218.0  0.03345362679213481627 0.0015197340638826683
6239.0  0.03548322809042819131 0.0014923939506113269
6260.0  0.03758199119659088455 0.0014667761635104549
6281.0  0.03789129831792624470 0.0014581118590810858
6302.0  0.04175573448634660456 0.0014480022014966827
6323.0  0.03946406538063772923 0.0014096669686351705
6344.0  0.03938987784287081156 0.0014074533288243177
6365.0  0.03886044487063699399 0.0013933162499368825
6386.0  0.03815434725193131427 0.0013794646849687121
6407.0  0.03710418152278147086 0.0013489973255066269
6429.0  0.03742098389496900657 0.0013422707743458956
6450.0  0.03920662087489967806 0.0013654705813623419
6471.0  0.03694489158873514451 0.0015013342216824545
6493.0  0.04004642821063076480 0.0015115578691844191
6515.0  0.03968075912916042142 0.0014962040069144776
6536.0  0.03453227274027291516 0.0014318942910156005
6558.0  0.03493604664515404662 0.0014708112842034017
6580.0  0.03342752966329897574 0.0014127774359408609
6602.0  0.02932195465058401104 0.0013300306669032226
6624.0  0.02954247295361065589 0.0012743101794619590
6646.0  0.02452089975413319564 0.0012277507974993230
6668.0  0.02427462472788478529 0.0012296594787608150
6690.0  0.02022004469438949681 0.0011785775549661150
6713.0  0.01873181587861404152 0.0011796592228299457
6735.0  0.01944715360813277852 0.0011478388299600276
6757.0  0.01739018101757089721 0.0011512303283507778
6780.0  0.01617212443988784790 0.0011375928253842783
6803.0  0.01275536617404996430 0.0011315768046503089
6825.0  0.01562233245905435275 0.0011121896381794658
6848.0  0.01905280732356469386 0.0014324574235565848
6871.0  0.01634443006274991991 0.0012872166696154489
6894.0  0.01682740137101313913 0.0014811678694778480
6917.0  0.01591562689692772523 0.0013437156080521519
6940.0  0.01387499417217101169 0.0013605705057520429
6963.0  0.01498430690238922516 0.0012981218950722335
6986.0  0.01367308978642510324 0.0012332964534874857
7009.0  0.01506723772372779019 0.0012322482822842353
7033.0  0.01433903907754061589 0.0011567398974882490
7056.0  0.01693500532900329980 0.0011095181159609497
7079.0  0.01358437756606239999 0.0012201953305902421
7103.0  0.01656573210619225606 0.0010970474211209117
7127.0  0.01429395602355892046 0.0012628034493494720
7150.0  0.01574531015690765201 0.0011169843690169551
7174.0  0.01688291587383385431 0.0011909700470948191
7198.0  0.01491203507326711170 0.0018898168298938246
7222.0  0.01405823445799465714 0.0015580638755934696
7246.0  0.01305488402523098147 0.0012632637558762341
7270.0  0.01428087404237184284 0.0011090222356636354
7295.0  0.01404121263568886696 0.0014090612875054189
7319.0  0.01336739538596559869 0.0012533516235954838
7343.0  0.01481929957627841493 0.0014624047306928698
7368.0  0.01355250726388059455 0.0013594692826893549
7392.0  0.01329571706047926426 0.0013477608573252834
7417.0  0.01125949972067574398 0.0012908854460253027
7442.0  0.01613965780414100201 0.0015455221217674439
7466.0  0.01148229002329582103 0.0013506767755764257
7491.0  0.01332063595338941336 0.0015368992151019623
7516.0  0.01364504665516196036 0.0012549097526121228
7541.0  0.01811381529514497629 0.0014066364433194505
7566.0  0.01721603963821296754 0.0014036514297869199
7592.0  0.01108577620985597666 0.0013490020756770887
7617.0  0.00952948719230930358 0.0011264092867603280
7642.0  0.01158597863210693649 0.0011430637168643827
7668.0  0.01219787901293775505 0.0011342094761993418
7693.0  0.00813151921102536063 0.0010449021663603668
7719.0  0.00756992986527861914 0.0010677780122298757
7745.0  0.01220068708868340436 0.0010744123766926097
7770.0  0.01017635515233025062 0.0010482813661011291
7796.0  0.01258993793050899347 0.0010863629293789126
7822.0  0.01229404852317634786 0.0011067743247255106
7848.0  0.01257098766816009371 0.0016848612980672984
7874.0  0.01060351742143265247 0.0011672008130018880
7901.0  0.01186590962573151262 0.0017323798365608436
7927.0  0.01009451019478102216 0.0012624412741993832
7953.0  0.01207805210535315560 0.0015348941841982790
7980.0  0.00897406695546601116 0.0015547041529004359
8007.0  0.00704451098809064525 0.0014843574597455979
8033.0  0.00813744688370671328 0.0011668346199495484
8060.0  0.00802133328366531721 0.0011954654794510799
8087.0  0.00660520873846763470 0.0011459616132944424
8114.0  0.00177187874330149257 0.0009890270597130960
8141.0  0.00472633178536550728 0.0010832750037706581
8168.0  0.00787142683144394055 0.0014916130671857679
8195.0  0.00376231459084680041 0.0015011062090359106
8222.0  0.00597596570094436480 0.0011927053962101232
8250.0  0.00732056512432288729 0.0010238623079986352
8277.0  0.00466687772692401907 0.0011545892591837349
8305.0  0.00543693999729297391 0.0019034035354463816
8333.0  0.00617577648830548026 0.0011485795043577381
8360.0  0.01014258922499906498 0.0019531897591504354
8388.0  0.01210864895106964628 0.0013571205041740917
8416.0  0.01235751084673345802 0.0017019198999342327
8444.0  0.01626970079940324998 0.0017135367110873280
8472.0  0.01537992865859988227 0.0016913624945193142
8500.0  0.01804836914817695495 0.0013306877107932171
8529.0  0.01965148273275540980 0.0014530982515537575
8557.0  0.01791680616348232183 0.0013503520667449774
8586.0  0.01717521978052817533 0.0011653228372529322
