#@Telescope UH88 
#@Reference Saunders et al. (2018) 
#@Redshift 0.0  
#@Spectrum Train_SN17_3.dat 
#@SN-Name Train_SN17  
#@Phase 2.814 
#@Survey SNFactory 
#@SN-Type SNIa 
#@Units Flux 
# 
# WAVE : 
# SN_SPEC : 
# SN_ERR : 
#end 
3305.0 0.023072299530716614    0.0138122212440970355
3317.0 0.031324799386378922    0.0138433581354088023
3328.0 0.044567385733087994    0.0134921701072881813
3339.0 0.021326861364825995    0.0131119534500666445
3350.0 0.022312025482281641    0.0136562728028318241
3361.0 0.045571692541518494    0.0138066480598457372
3372.0 0.036888738148082884    0.0127177682419698009
3383.0 0.075564295563253267    0.0121252748235682311
3395.0 0.062468686489295849    0.0113903804111353413
3406.0 0.052839462422354391    0.0120708596874010907
3417.0 0.072131328706203854    0.0117044310287049286
3429.0 0.047635014441011231    0.0118469953267827301
3440.0 0.066658098708903810    0.0115513292748200495
3452.0 0.071220683770735607    0.0113362894538725084
3463.0 0.058440988559832339    0.0117220963099723581
3475.0 0.062178623732129346    0.0113381250690495691
3486.0 0.057986811030744601    0.0106805527772983275
3498.0 0.082600412931989789    0.0111379553249762470
3509.0 0.069844876646094997    0.0107856502604260860
3521.0 0.087544616410570000    0.0106997482059295948
3533.0 0.110521039889816472    0.0104448438363636698
3545.0 0.100391117505177374    0.0100238033217518591
3556.0 0.109061661906614843    0.0101290056531681827
3568.0 0.094814834402988449    0.0099191295630161914
3580.0 0.111267837186106527    0.0101267909840229101
3592.0 0.102385355635158645    0.0093394099228636222
3604.0 0.081919403684698619    0.0093732085557400036
3616.0 0.076972291027718909    0.0085202861218805926
3628.0 0.075751125936378449    0.0081477262442819862
3640.0 0.074881252093777648    0.0088271631566372213
3652.0 0.063185344972797874    0.0085299277176377510
3664.0 0.057725842526041238    0.0084273768243188045
3677.0 0.041684750336914829    0.0081014597981415772
3689.0 0.042269996654904975    0.0086269568123337678
3701.0 0.027950104836660470    0.0087024228928389760
3714.0 0.047682298225814081    0.0080612821156111538
3726.0 0.041577330414355886    0.0071248479143832212
3738.0 0.046577435349143083    0.0083227357872664599
3751.0 0.036779074174745741    0.0079014019975324704
3763.0 0.043946652509171166    0.0083105263739143374
3776.0 0.072614562410172431    0.0086435939369280106
3788.0 0.063241114674449039    0.0084205642026718552
3801.0 0.072637951692610211    0.0085958622339495899
3814.0 0.074579257557591219    0.0083041937854796688
3826.0 0.092831480267213010    0.0083441370537453204
3839.0 0.107312286453970826    0.0084457023733816184
3852.0 0.128685554264831636    0.0086180167387381601
3865.0 0.132804323326522089    0.0088253136996793210
3878.0 0.146437258152526228    0.0083974024130964303
3891.0 0.134848622358618164    0.0082993335893354354
3904.0 0.149864430064274329    0.0083090015758193088
3917.0 0.163073129484013646    0.0081875966581586648
3930.0 0.176005229543741509    0.0081572047847556367
3943.0 0.166022510837337739    0.0081011088125650457
3956.0 0.120050863954983961    0.0076602059552364939
3969.0 0.128357284937479721    0.0075374974547012833
3982.0 0.138809842522924470    0.0076784067415783704
3995.0 0.134558681946797681    0.0074570226617390496
4009.0 0.157344260991333473    0.0075191008802281897
4022.0 0.166903682422794464    0.0075948943624901295
4036.0 0.166493375622296408    0.0074700649355747785
4049.0 0.164168304585894348    0.0071701391583871886
4062.0 0.170709160069793309    0.0071215404208274311
4076.0 0.165456375009956330    0.0067390834008010337
4090.0 0.144870945042666371    0.0070681437474915702
4103.0 0.139154937342049728    0.0069022865651909415
4117.0 0.144183228845237904    0.0069848725919930046
4131.0 0.140339557800304437    0.0071130754667824191
4144.0 0.144172560996716020    0.0069805371659584798
4158.0 0.140853536015943526    0.0070494443951116476
4172.0 0.136247591917285804    0.0070721921132975100
4186.0 0.119457896502111707    0.0070421308256977252
4200.0 0.102712358093825590    0.0068284302061203412
4214.0 0.107327088677626248    0.0067314398509920968
4228.0 0.104031756170484865    0.0067343650649935296
4242.0 0.085860528758835930    0.0067482037380832485
4256.0 0.091392864284313605    0.0067394466359468183
4270.0 0.091390987744886049    0.0066933713052643798
4284.0 0.092196556944163108    0.0064308834549268211
4299.0 0.101690752267118226    0.0064364980189052495
4313.0 0.100484219551499346    0.0063704974669064850
4327.0 0.092378069401201135    0.0064229565281414408
4342.0 0.084264824506414981    0.0063251161458769871
4356.0 0.092686087715101562    0.0063197862680447322
4371.0 0.097608001731794472    0.0062234480382240632
4385.0 0.115117700940729970    0.0063255684505294481
4400.0 0.117329216180729903    0.0062378164260275858
4415.0 0.140916529774910093    0.0062378646240117000
4429.0 0.138009223539359377    0.0062486552737661943
4444.0 0.122479493708616827    0.0061410758281812104
4459.0 0.133290805046827943    0.0061042014538261547
4474.0 0.139043731619645589    0.0062005848871032670
4489.0 0.123588874751326502    0.0061204975721081594
4504.0 0.137310732688187109    0.0061116725884721038
4519.0 0.124522138869758062    0.0060895441948955560
4534.0 0.122196887848772098    0.0059977268628659481
4549.0 0.127865953181329872    0.0060221931108058145
4564.0 0.129082785709698972    0.0060105192873298576
4579.0 0.145357330758483033    0.0060933789871403304
4594.0 0.150635636558063696    0.0059756452249767906
4610.0 0.130388498112152917    0.0058332213576849255
4625.0 0.113691233666957894    0.0059694339402242879
4640.0 0.114210854142772392    0.0061116624460686737
4656.0 0.107043710813460979    0.0060196818764439650
4671.0 0.105000223102902385    0.0063755879232224649
4687.0 0.095407930743829972    0.0066865071411983069
4703.0 0.105402852527904919    0.0071372206986069350
4718.0 0.085544303707779337    0.0073137225798601286
4734.0 0.096282834556660535    0.0078506890674372339
4750.0 0.095743448570815987    0.0082471698149364520
4766.0 0.107610336519755628    0.0084899157885655434
4781.0 0.086959662394958726    0.0082940611897757179
4797.0 0.084132225575197089    0.0080145595431988341
4813.0 0.083017989470261164    0.0078553079676317149
4829.0 0.066171175696335724    0.0072165712090302139
4846.0 0.094468631345356657    0.0073008582865335403
4862.0 0.083065102397108820    0.0075345309906260380
4878.0 0.101522008431768951    0.0092629386593216199
4894.0 0.114132357171170221    0.0088060169990487984
4910.0 0.096778827996430672    0.0082967719920295779
4927.0 0.093411064035606797    0.0083842230092824564
4943.0 0.072978463797485280    0.0081423372848839007
4960.0 0.076021804818424146    0.0076825659695669950
4976.0 0.092550079732450635    0.0073393623412643331
4993.0 0.100293782397156694    0.0070465006750177949
5009.0 0.097876497991038217    0.0066651955739807202
5026.0 0.090948418513987356    0.0062423493903923767
5043.0 0.104800571133721557    0.0060209838620217688
5060.0 0.124625650825032602    0.0059055809990255850
5076.0 0.119951710706431458    0.0057038218750185953
5093.0 0.123789328980655880    0.0055799473139506710
5110.0 0.132774298083655679    0.0053691389846673727
5127.0 0.124964434881580516    0.0052076612309715385
5144.0 0.134258532570645628    0.0051109665172312810
5162.0 0.121116452121157195    0.0049550862309386476
5179.0 0.137430175086768969    0.0048199464701765716
5196.0 0.116328888088706589    0.0046868372876554413
5213.0 0.099267469629595484    0.0044538003863795333
5231.0 0.103631787151378926    0.0043873852359982641
5248.0 0.082849308306073385    0.0042289824093470121
5266.0 0.094808665027188502    0.0049581994942332792
5283.0 0.092241914655802545    0.0049294373797673791
5301.0 0.098608190722425076    0.0039814996067215258
5318.0 0.093519130192655106    0.0038943650068724469
5336.0 0.096572369497803193    0.0038860664530427813
5354.0 0.092790889038498081    0.0037671752705430513
5372.0 0.096309512014659926    0.0036695275437971164
5390.0 0.092773750596326754    0.0035598864118465026
5408.0 0.086346545512334172    0.0034564798186179089
5426.0 0.080571224521472876    0.0033900367260687541
5444.0 0.099553758708148157    0.0034014897863988191
5462.0 0.107642982951229524    0.0034154848690681932
5480.0 0.111786002049414745    0.0033855027164457871
5498.0 0.105592740665191337    0.0032875406342289912
5517.0 0.113410237752066489    0.0032560557464897523
5535.0 0.120589415306969469    0.0032147766204867582
5553.0 0.114995759533323222    0.0032165164280369852
5572.0 0.118743834707837531    0.0033630610187869287
5590.0 0.118473991092747977    0.0031406175598406526
5609.0 0.121898068551975894    0.0030932469253347667
5628.0 0.123780211641282167    0.0030853296442802428
5647.0 0.116233059791791576    0.0029646458011802971
5665.0 0.114339265392523398    0.0029017791860555570
5684.0 0.107950647622202134    0.0028378303998222326
5703.0 0.109549337645183820    0.0027720005124494372
5722.0 0.106451172433330743    0.0027209369382800112
5741.0 0.106011250691451744    0.0027074691036629694
5760.0 0.111269223368122644    0.0026734995073209858
5780.0 0.112311704535340701    0.0026328589948982311
5799.0 0.112589257655805158    0.0026072803168230747
5818.0 0.110984059472504837    0.0025584635617389231
5838.0 0.107798605142725532    0.0025275688749308344
5857.0 0.108057823486938917    0.0025011737008699690
5876.0 0.105757514287242879    0.0024541119779477329
5896.0 0.102039940536154436    0.0024230719353081115
5916.0 0.111707881115950231    0.0024212981518151187
5935.0 0.101226137350346718    0.0023597010190993992
5955.0 0.100725824626413871    0.0024452889015246335
5975.0 0.102885484928523549    0.0023425167132995247
5995.0 0.093296891022165526    0.0022695825754992221
6015.0 0.087400501618239701    0.0022411305969613229
6035.0 0.073107937035630358    0.0021418408148008929
6055.0 0.053925229244077923    0.0020262693893874531
6075.0 0.041948878689975003    0.0019335944632344160
6095.0 0.036662876188047817    0.0018777950843172925
6116.0 0.049299232422990460    0.0019303242447436823
6136.0 0.061285189579263398    0.0019135619900202572
6157.0 0.074655566680545737    0.0019757908264470491
6177.0 0.075807886101955352    0.0019714607639471902
6198.0 0.086962027160005992    0.0019695242321022509
6218.0 0.091831952508122455    0.0019447691263440856
6239.0 0.088020018399331698    0.0019274148663108201
6260.0 0.094059370961907821    0.0018949793164498578
6281.0 0.087364343979549106    0.0018706981744410103
6302.0 0.082453013047444942    0.0018291385952592246
6323.0 0.088870787448039293    0.0018277726466395311
6344.0 0.087458447103346007    0.0018080176270494251
6365.0 0.082193465477147939    0.0017640627202989815
6386.0 0.089359094751084917    0.0017774552572516224
6407.0 0.081210311909117525    0.0017182632811462246
6429.0 0.080411388687992011    0.0017170637578112439
6450.0 0.073343326162257097    0.0017373890097249504
6471.0 0.075034309471801647    0.0017454700334546373
6493.0 0.066101366836905207    0.0017282497548288336
6515.0 0.070621620396170537    0.0017716506455877302
6536.0 0.068493972526297672    0.0017278040136134208
6558.0 0.065335951480544635    0.0017013473095249872
6580.0 0.063503475879956958    0.0016497953563052927
6602.0 0.061363192718943971    0.0016036677499030405
6624.0 0.061922519979220089    0.0015659374101176205
6646.0 0.058220990570679143    0.0015292571454217996
6668.0 0.055252620668154728    0.0015287051845699470
6690.0 0.053585687148268786    0.0014908462614411531
6713.0 0.056134592935626615    0.0014757926029719379
6735.0 0.055850236737692793    0.0014558491609271899
6757.0 0.054577514086888851    0.0014561073270964663
6780.0 0.053098725607453531    0.0014421157925707847
6803.0 0.047520209396884103    0.0014090346938398480
6825.0 0.048694688780689714    0.0013962334400114203
6848.0 0.048430835519407515    0.0016400238025357215
6871.0 0.045194236353443211    0.0014933644666492883
6894.0 0.050016789461603886    0.0015687419653417371
6917.0 0.044686800637620532    0.0015245328550169421
6940.0 0.044528900728801030    0.0015440860591277828
6963.0 0.041913394046444410    0.0014875229885181521
6986.0 0.043729356565625176    0.0013878489182356710
7009.0 0.037584924998095168    0.0013667197670194601
7033.0 0.037997395691240818    0.0013571980803394350
7056.0 0.035783254945170602    0.0013133652951502854
7079.0 0.038992716379780537    0.0013742663804786224
7103.0 0.038952980703775196    0.0013323178424981461
7127.0 0.039904841276377660    0.0013975849579960552
7150.0 0.038827060229422866    0.0013360422418159362
7174.0 0.034578727950472836    0.0013187186795141892
7198.0 0.039406904763175411    0.0019563685335776890
7222.0 0.034624910264108660    0.0016220454838460753
7246.0 0.039852729621629085    0.0014509509862345607
7270.0 0.029641230517216371    0.0012653982419615472
7295.0 0.034146995395456702    0.0015326740429132783
7319.0 0.031368211684900033    0.0013753124957287051
7343.0 0.030946684866171342    0.0014371016661061272
7368.0 0.027935618075367701    0.0014014288646918499
7392.0 0.031067616846250805    0.0014536329077234186
7417.0 0.026609070914977280    0.0014021961979643243
7442.0 0.027969169282631434    0.0015077631598511918
7466.0 0.026261489708490356    0.0013784231363804711
7491.0 0.028042212214890772    0.0015652484905930777
7516.0 0.025323247742521079    0.0012924222535288033
7541.0 0.032887866984643084    0.0014531510976634374
7566.0 0.028964612511551364    0.0014018026531794968
7592.0 0.027254212090315460    0.0013910740296212639
7617.0 0.031763263973013031    0.0012916483013192123
7642.0 0.026121193348821438    0.0012128127561657196
7668.0 0.025780885010309326    0.0012333301401931574
7693.0 0.025360069341071493    0.0011983792171971208
7719.0 0.026415493040482099    0.0011879436342438628
7745.0 0.027277415705209918    0.0011942225813762254
7770.0 0.022940826736053813    0.0011560132916110504
7796.0 0.026369560330354983    0.0011932303419338540
7822.0 0.026089265711675674    0.0012990962345008738
7848.0 0.033949585751211278    0.0016194742722343706
7874.0 0.024023875016711809    0.0012144080631414323
7901.0 0.029960188853009818    0.0016819878833760993
7927.0 0.027800554728247339    0.0013213277270967797
7953.0 0.029956122987736675    0.0015368068115668367
7980.0 0.032782006132511775    0.0015376621996884725
8007.0 0.027260444675907949    0.0014778017812015316
8033.0 0.027301389643949073    0.0013166942571129039
8060.0 0.024342934314359573    0.0011965458363206597
8087.0 0.025031969200753425    0.0012167816134579946
8114.0 0.018523599362557187    0.0011195802286842530
8141.0 0.019302741270762407    0.0012307943982291371
8168.0 0.018278889372208073    0.0015793644926660050
8195.0 0.024392309960622870    0.0016498614902173039
8222.0 0.024040916349329460    0.0012519361062195309
8250.0 0.019688520126732778    0.0011056219549200213
8277.0 0.019723661365726054    0.0013929568575391847
8305.0 0.029650533191023055    0.0017640351068723074
8333.0 0.027003575906861327    0.0012565659742947305
8360.0 0.038263011305915411    0.0018399601211223128
8388.0 0.031502303856795900    0.0013944232534830255
8416.0 0.041460239701991974    0.0016872044835703497
8444.0 0.044070273013095192    0.0016791041609897721
8472.0 0.035004586250432457    0.0016372455706640632
8500.0 0.035629757604375492    0.0014226104926962062
8529.0 0.036649084745824546    0.0013643038928587555
8557.0 0.034660904867416027    0.0014190837175927027
8586.0 0.033670968589699792    0.0012520631620698767
