#@Telescope UH88 
#@Reference Saunders et al. (2018) 
#@Redshift 0.0  
#@Spectrum Train_SN28_6.dat 
#@SN-Name Train_SN28  
#@Phase 5.306 
#@Survey SNFactory 
#@SN-Type SNIa 
#@Units Flux 
# 
# WAVE : 
# SN_SPEC : 
# SN_ERR : 
#end 
3305.0 0.082971173234593687    0.0316278071842469241
3317.0 0.081217214340843683    0.0295563861291430648
3328.0 0.159511783681452385    0.0284327278973103732
3339.0 0.126131011465393378    0.0309609134432892140
3350.0 0.075968720786444580    0.0286381922062988147
3361.0 0.088095195986824887    0.0282655208615778392
3372.0 0.090274192290918653    0.0285417199407587176
3383.0 0.209361919287690185    0.0291556769139309745
3395.0 0.146749666449287802    0.0295109395938159026
3406.0 0.156238959462965205    0.0286022794943266608
3417.0 0.175116819151478698    0.0280211222661415973
3429.0 0.164601680040854320    0.0275640758721472819
3440.0 0.111709752800272885    0.0260767728912173688
3452.0 0.192203929428710785    0.0263274578792271063
3463.0 0.191212401834548157    0.0254318144229669051
3475.0 0.207063061395928200    0.0244906658888050972
3486.0 0.198838753311882582    0.0245753938576233032
3498.0 0.230895638165891121    0.0243815425066090108
3509.0 0.240934574972132054    0.0264638928016780947
3521.0 0.252131390126172417    0.0247385263062916971
3533.0 0.234779082084595025    0.0249816154782729963
3545.0 0.321825029598086843    0.0232354184946720263
3556.0 0.365961260749187223    0.0209056244851399883
3568.0 0.315360491628968675    0.0212369099425028240
3580.0 0.338328699803989330    0.0213101430055444921
3592.0 0.426890832345013072    0.0217061181868388083
3604.0 0.380942880979558807    0.0212853691783156454
3616.0 0.348710579803598375    0.0221306666548389992
3628.0 0.359786493419992970    0.0229118895606711427
3640.0 0.380226454502895272    0.0222723626680776873
3652.0 0.348509449227628498    0.0180560924223020086
3664.0 0.328736939454471910    0.0206730478828795437
3677.0 0.305154684742713400    0.0207444915421975858
3689.0 0.302035824561975308    0.0193332872892099418
3701.0 0.252874804033030864    0.0225173301211393541
3714.0 0.228418210244425657    0.0224163765335504660
3726.0 0.163480673937764470    0.0238510771077291954
3738.0 0.148892086140438556    0.0233137509281784762
3751.0 0.157637286702619034    0.0222659570658194708
3763.0 0.182601775512033632    0.0210354992960026799
3776.0 0.172008505207782603    0.0198281411904879107
3788.0 0.148008069896928440    0.0200053831602147944
3801.0 0.172865181285719788    0.0206097624465528331
3814.0 0.129660446642315352    0.0198087866784797881
3826.0 0.154747858567905877    0.0212087869283398775
3839.0 0.203623145427613117    0.0212183603533463196
3852.0 0.243292778404622045    0.0203259270642528363
3865.0 0.284870585089525286    0.0203198790505335555
3878.0 0.385720252579423273    0.0197706576492174858
3891.0 0.433218729510380984    0.0199768227123786613
3904.0 0.420553578558338914    0.0195007109827204234
3917.0 0.437590326424825371    0.0196775908503745607
3930.0 0.429990729483364309    0.0188843402852312513
3943.0 0.435689048781417065    0.0189409045582870639
3956.0 0.421344960030877957    0.0187507518997394387
3969.0 0.445388082998211365    0.0180354028923371962
3982.0 0.374319656534938427    0.0176815090205938059
3995.0 0.345734091558622503    0.0162727900693151913
4009.0 0.356807089873496075    0.0174103695926328753
4022.0 0.365436931302233925    0.0177635085858022269
4036.0 0.393990007236361461    0.0173796630445812797
4049.0 0.417273008929708700    0.0178570151518913263
4062.0 0.428724118232201357    0.0178260569549774268
4076.0 0.481984160474368040    0.0175081499086923650
4090.0 0.417186184839142105    0.0174351851866479252
4103.0 0.419806652207127817    0.0176259595475138017
4117.0 0.376805728572239651    0.0172993822936290849
4131.0 0.386688839349525970    0.0173354927648839072
4144.0 0.394628807086339906    0.0171382393958252714
4158.0 0.356961542484567296    0.0175316507114030573
4172.0 0.368999996982509737    0.0174805302996132311
4186.0 0.354674282414736419    0.0176356290000027859
4200.0 0.356907089454660764    0.0170833187851218149
4214.0 0.332330489799978035    0.0168837893578298662
4228.0 0.300110686585443875    0.0167701851503911439
4242.0 0.292317560457063197    0.0168444907255063461
4256.0 0.286044939302142476    0.0164035268171879439
4270.0 0.286712540039711861    0.0161532639883859783
4284.0 0.277523653453364938    0.0159829310711627932
4299.0 0.262035257124861365    0.0157041746142882084
4313.0 0.256984752348810797    0.0152945942750979755
4327.0 0.206432260024929842    0.0152162675185552685
4342.0 0.272145816451689504    0.0156614972049168889
4356.0 0.243784287775358183    0.0151509113872600205
4371.0 0.229768986049177004    0.0147000108484714211
4385.0 0.217614183006496431    0.0149275405276917354
4400.0 0.269023741488809420    0.0150264871197108227
4415.0 0.295283309620187950    0.0149325721028038278
4429.0 0.293731813891187021    0.0148083958498791413
4444.0 0.296869546807338403    0.0149162218546657378
4459.0 0.308885458377944178    0.0147436610212368889
4474.0 0.300174772495289233    0.0147780740070905543
4489.0 0.326867855615878444    0.0146628816642601061
4504.0 0.336373560142008310    0.0144813395957351116
4519.0 0.328919736199609514    0.0138427742864070513
4534.0 0.340531091337815950    0.0143182014044252563
4549.0 0.296431985828322475    0.0144597366124847027
4564.0 0.319519701862767125    0.0142387997357006756
4579.0 0.335675325375164868    0.0145358152009064517
4594.0 0.354161679939705043    0.0148309145275638560
4610.0 0.338300659160938932    0.0149989364294410496
4625.0 0.331852038824214046    0.0154557245498586834
4640.0 0.303736077699316265    0.0159912517416697167
4656.0 0.308286326849114500    0.0163241839710411875
4671.0 0.250325273204010768    0.0173667680694074046
4687.0 0.240729591364884699    0.0185199364862513455
4703.0 0.221849392689792008    0.0193186292936793347
4718.0 0.193414189283335702    0.0193158365890333944
4734.0 0.256298098900814231    0.0183202516217090550
4750.0 0.242600221972010893    0.0162302869400191285
4766.0 0.222618368248744508    0.0158705894746890390
4781.0 0.222519437911410295    0.0211279443017867094
4797.0 0.191837199902829686    0.0247385881100605012
4813.0 0.249189083645717485    0.0215980999515940145
4829.0 0.148989290724673401    0.0181251215310711013
4846.0 0.164208852375805209    0.0161879744045496272
4862.0 0.157850894633310423    0.0160848043198919717
4878.0 0.146106304460419445    0.0153688057677758699
4894.0 0.182357150149383973    0.0148501275342934370
4910.0 0.189199725517003647    0.0148052137517742481
4927.0 0.175818183859687477    0.0143805236000688168
4943.0 0.200612149941739953    0.0135370900215592508
4960.0 0.186071651072969801    0.0128335444237153845
4976.0 0.150532604520467767    0.0119997769678405562
4993.0 0.146407624620811000    0.0115858025481745223
5009.0 0.166373513225621328    0.0118493921751059144
5026.0 0.186264284673774483    0.0108007428241034976
5043.0 0.178049523684459088    0.0105755180533697920
5060.0 0.182186963192740498    0.0102704220352377584
5076.0 0.194047139433844912    0.0100203058019714044
5093.0 0.205004970596735281    0.0098118017525486555
5110.0 0.226844737739492652    0.0097374591042123440
5127.0 0.243438396955310277    0.0096164393627701430
5144.0 0.237591874453199847    0.0094466086971462596
5162.0 0.224745941370487784    0.0092419789372423355
5179.0 0.238681840280638408    0.0120546107306882169
5196.0 0.229695213301238377    0.0088609464100341886
5213.0 0.206730392769215121    0.0085706657318737559
5231.0 0.206782586496211090    0.0083759212469953683
5248.0 0.195891739557324474    0.0082452837367113351
5266.0 0.166231702470581499    0.0079713278648305061
5283.0 0.173227903399670896    0.0077300179985896212
5301.0 0.165942135293318471    0.0075163678394230523
5318.0 0.161773439403724656    0.0075215795609662938
5336.0 0.156384869431056339    0.0073977309828537627
5354.0 0.178916358202061365    0.0073359416236732367
5372.0 0.165167104303015871    0.0070994888840132213
5390.0 0.187117733973559047    0.0070356816139238850
5408.0 0.185569549033026776    0.0069596182865615747
5426.0 0.148639223861282838    0.0067840062025523295
5444.0 0.150837544785912464    0.0067246491831690408
5462.0 0.145032937191636319    0.0070083778719914674
5480.0 0.131297044699061505    0.0071042127919600483
5498.0 0.154354341915878657    0.0064936267276805909
5517.0 0.173927297914533846    0.0063677763803614545
5535.0 0.171938514010875509    0.0062524293150068655
5553.0 0.174694003513262391    0.0061907029071208248
5572.0 0.188476760549099592    0.0061798237783012586
5590.0 0.200396002541067819    0.0060062003752661720
5609.0 0.198633818260281508    0.0059025547790627969
5628.0 0.191523747587920845    0.0058645025320772665
5647.0 0.190082996884540417    0.0057147336910459067
5665.0 0.173684380586721726    0.0055475694544999225
5684.0 0.173964940768947890    0.0054980950873703425
5703.0 0.173379241515775745    0.0053929952867359061
5722.0 0.166588846001553853    0.0052815488984818649
5741.0 0.160927520331585833    0.0052725433050995934
5760.0 0.166507762841686974    0.0052270099382716482
5780.0 0.153434714066223943    0.0051228068006845618
5799.0 0.180065914613199152    0.0052050601849343882
5818.0 0.186244397676985446    0.0050972911167656253
5838.0 0.192024502690538640    0.0050856190105553790
5857.0 0.168040774229478218    0.0051575103760974064
5876.0 0.173523667525244868    0.0048820809991195601
5896.0 0.172750656935765662    0.0047163521902033097
5916.0 0.173528959770309049    0.0047284458692147414
5935.0 0.164116437687987976    0.0046145347211534824
5955.0 0.163029710281750090    0.0045615762588455816
5975.0 0.165748591520123417    0.0045316457984823245
5995.0 0.159417443491260524    0.0045187259375770884
6015.0 0.155337129643725758    0.0044739207580390631
6035.0 0.148549444056585656    0.0044256423612445209
6055.0 0.142339746982871773    0.0043314211754746290
6075.0 0.114904331390096565    0.0042366410672255578
6095.0 0.071645751009170672    0.0038848237666382632
6116.0 0.060249896677929980    0.0038590132669227175
6136.0 0.054900813425639898    0.0037731624040809363
6157.0 0.047488698842345196    0.0037142114916993564
6177.0 0.069406923040295124    0.0037517866861473629
6198.0 0.091662907340103933    0.0037521082594479294
6218.0 0.104266134569881139    0.0037318152288053227
6239.0 0.114427174347455335    0.0037339562575269751
6260.0 0.128298168100571153    0.0037266089693957431
6281.0 0.129914168863442925    0.0036828653667378419
6302.0 0.139136841377787618    0.0037133186720253227
6323.0 0.125572215624481898    0.0036262468686323172
6344.0 0.132996449288313973    0.0038280997701217873
6365.0 0.128903105942500151    0.0036831809697273664
6386.0 0.126524131534682449    0.0039351437594076742
6407.0 0.119210374731062302    0.0037214453053722725
6429.0 0.126043162300261247    0.0036483454771142035
6450.0 0.125616819979699118    0.0035973071534835034
6471.0 0.116079388419442542    0.0034701713606209920
6493.0 0.111975567590508043    0.0033569788905102680
6515.0 0.107174875553418314    0.0033187601240163497
6536.0 0.097793246446344947    0.0033171623206373008
6558.0 0.115216117319324213    0.0041385086909184899
6580.0 0.107288076671597926    0.0036298792178056623
6602.0 0.095736169945828134    0.0032250066516852456
6624.0 0.091370534919878732    0.0031920519323330233
6646.0 0.083926355464738103    0.0031618139226208082
6668.0 0.091757738883428447    0.0031786343764271187
6690.0 0.090577211670482896    0.0031103030762279684
6713.0 0.088235070117999387    0.0032818214241437291
6735.0 0.080458597597321213    0.0035806739478178909
6757.0 0.072364051572348306    0.0034856843866581206
6780.0 0.071654304943658542    0.0031555814940222434
6803.0 0.073470738927371451    0.0032704526970583217
6825.0 0.072433075661572144    0.0032850042943719320
6848.0 0.069233119704017299    0.0031913584049769956
6871.0 0.065801002954108553    0.0030962799524666532
6894.0 0.062234719947863462    0.0029037063445448152
6917.0 0.066245230344349607    0.0029379470368085451
6940.0 0.065476888206776107    0.0030408913610680318
6963.0 0.064335106596707659    0.0028553675399622140
6986.0 0.056019228592204262    0.0029757587311275511
7009.0 0.054435166533488191    0.0028190335993017466
7033.0 0.054391079664647873    0.0028911134136689678
7056.0 0.061898451502198464    0.0039329601635011511
7079.0 0.052600573399156553    0.0037393001175062067
7103.0 0.063751948176746231    0.0032680486359950912
7127.0 0.050430072730692221    0.0028302156095593358
7150.0 0.059182300686872795    0.0028343914905258802
7174.0 0.063892888385638211    0.0032682389426685709
7198.0 0.055614977042893990    0.0031823649281983650
7222.0 0.046278650838887062    0.0028638858137431293
7246.0 0.038717957166030721    0.0030502027542844731
7270.0 0.055277864146398709    0.0031026338234121710
7295.0 0.061466702869322244    0.0033695933440061679
7319.0 0.043659821160762551    0.0032020844061369852
7343.0 0.042350519305740554    0.0031706938231818469
7368.0 0.048128868965210680    0.0029710062033851568
7392.0 0.043012586305850573    0.0029973556762363756
7417.0 0.035946591815857805    0.0031193099162911014
7442.0 0.034826554864187120    0.0028424085979456100
7466.0 0.030437703376870601    0.0027430924369731468
7491.0 0.031495615049888522    0.0027141608180152425
7516.0 0.028309286665563264    0.0026158706811018808
7541.0 0.031378436387420425    0.0025230766636280461
7566.0 0.027370254175973802    0.0025755249760124541
7592.0 0.026128271575678954    0.0025044345508059762
7617.0 0.032972853882804909    0.0024926376840050694
7642.0 0.040140102808245468    0.0025360005642184355
7668.0 0.028683851722588128    0.0024779193028828124
7693.0 0.029163596783402849    0.0033012926810754360
7719.0 0.027480020547957746    0.0028620041623774913
7745.0 0.044802079271836284    0.0033191851804167147
7770.0 0.036660063028921296    0.0028348539013660825
7796.0 0.038219034065266548    0.0031726810512234466
7822.0 0.046382583198408558    0.0033305063724879910
7848.0 0.038182261882373586    0.0028782419107831595
7874.0 0.043363623686298404    0.0028078724789362759
7901.0 0.040462936304509575    0.0027972674908942562
7927.0 0.038464011532210865    0.0024765832357827901
7953.0 0.047058991210256230    0.0024471418982394909
7980.0 0.035831526681070376    0.0024894936548672526
8007.0 0.038470522942666119    0.0032522182527223542
8033.0 0.026717795249066496    0.0032725752904401279
8060.0 0.036729301330064738    0.0030134639773163321
8087.0 0.035877128144506436    0.0024060029461849476
8114.0 0.036283291534832771    0.0023199797731941040
8141.0 0.036314553289186778    0.0037878816582328171
8168.0 0.027302966235274277    0.0027168684142438132
8195.0 0.046143043956402230    0.0037327822853349393
8222.0 0.012321279935859292    0.0027193203767224812
8250.0 0.028543430681964847    0.0032188147816002780
8277.0 0.023343364078488180    0.0035760855970334623
8305.0 0.027352515062320334    0.0029396446341520624
8333.0 0.023724157404255413    0.0029267725059854109
8360.0 0.030900399763213370    0.0030821292512853440
8388.0 0.024159530760448855    0.0025607979165407648
8416.0 0.030462777384928703    0.0026301892262113307
8444.0 0.036578471877524214    0.0025751689717998971
8472.0 0.038230738249652868    0.0023740629459912520
8500.0 0.041717761020700177    0.0025607100207385007
8529.0 0.041057788717886297    0.0024070998205981018
8557.0 0.037157741115576508    0.0025576661132664957
8586.0 0.038787826322257017    0.0025633066363875781
