#@Telescope UH88 
#@Reference Saunders et al. (2018) 
#@Redshift 0.0  
#@Spectrum Train_SN112_6.dat 
#@SN-Name Train_SN112  
#@Phase 5.537 
#@Survey SNFactory 
#@SN-Type SNIa 
#@Units Flux 
# 
# WAVE : 
# SN_SPEC : 
# SN_ERR : 
#end 
3305.0  0.019907510290317797    0.0270618695892504320
3317.0  0.053610646902937584    0.0275942404069861383
3328.0  0.018332574578141900    0.0262494678544678180
3339.0 -0.016381516427901088    0.0254488709432706996
3350.0  0.012857329167199779    0.0257680417627675386
3361.0  0.063530337691083696    0.0257099798255664806
3372.0  0.034893464873874791    0.0242174000249986178
3383.0  0.030681804609973010    0.0238604525170100293
3395.0  0.078460039801577633    0.0233935246706177234
3406.0  0.092061972767691763    0.0241976044625882673
3417.0  0.058472182827982722    0.0231195026362798588
3429.0  0.049410343144787157    0.0230369734257299050
3440.0  0.043751965227635296    0.0222776614975119837
3452.0  0.042022264160217815    0.0222601135592579748
3463.0  0.077711640795346870    0.0233008272245916505
3475.0  0.091979456061844989    0.0222470350742669590
3486.0  0.128476714891154170    0.0210825295211721983
3498.0  0.087613055780650345    0.0210767478021433030
3509.0  0.124842019727434236    0.0205029948807674972
3521.0  0.150908359397806696    0.0204470015401654708
3533.0  0.162201910628413964    0.0197329236146847019
3545.0  0.119578909603515138    0.0189611904983806139
3556.0  0.132564405806503277    0.0194753732777631292
3568.0  0.136407528375556669    0.0192886170045223522
3580.0  0.143419982483915825    0.0195554696717731187
3592.0  0.177292216726494506    0.0182577631683022157
3604.0  0.179908098203752892    0.0184870695515696251
3616.0  0.155919596916641534    0.0166727446985926731
3628.0  0.148432089330898687    0.0156374559439833340
3640.0  0.140831736922500922    0.0164326869323356689
3652.0  0.147099887081431430    0.0159249992098729060
3664.0  0.164252156597208654    0.0160861577680803079
3677.0  0.139808990222812235    0.0160921513442385256
3689.0  0.097788551343371943    0.0169597603212865745
3701.0  0.067179506508936546    0.0169220007129088877
3714.0  0.094271034798989781    0.0151730780796697929
3726.0  0.079022128628128949    0.0135327725772967557
3738.0  0.097740991901434315    0.0155586118169742139
3751.0  0.088726463424191701    0.0144388712704104968
3763.0  0.095215441141941776    0.0153625632211853262
3776.0  0.098049943645541468    0.0162493947154694687
3788.0  0.137980945374154979    0.0166679783626341414
3801.0  0.019010562606163340    0.0168953017031745790
3814.0  0.036492037813712769    0.0162475560756109409
3826.0  0.114276814145947883    0.0154493579100308028
3839.0  0.138601193869450079    0.0150054978537710135
3852.0  0.191342044533770128    0.0148245214929691553
3865.0  0.175785916976341383    0.0152624979228133655
3878.0  0.196775829082112191    0.0151477828352010683
3891.0  0.222381773727488546    0.0160723684774962405
3904.0  0.209545560637037803    0.0162404337432154981
3917.0  0.261998045654878442    0.0158018411955615570
3930.0  0.216618466326134518    0.0148735276370055933
3943.0  0.234067214357168096    0.0145860412773977984
3956.0  0.217557529490447238    0.0140779584706073983
3969.0  0.178907942859522634    0.0136551800690022634
3982.0  0.184867701193831918    0.0138323056641652276
3995.0  0.180585487431862729    0.0133337090971253711
4009.0  0.188305108588783271    0.0132966968716488106
4022.0  0.181139407034417249    0.0131543078282182011
4036.0  0.213831723095147475    0.0131098283014204516
4049.0  0.215575073502491027    0.0126951803981251669
4062.0  0.223509493983110930    0.0123676039090700671
4076.0  0.227804298101621311    0.0118744159924638326
4090.0  0.214335974425682474    0.0125791395776658228
4103.0  0.211528626211044291    0.0121508627060791866
4117.0  0.188659111231510968    0.0121982028875809549
4131.0  0.201299200150762303    0.0125092187253271290
4144.0  0.190004613821793955    0.0120840826492266389
4158.0  0.201436625042678258    0.0122604869377383810
4172.0  0.207990325639083262    0.0122901926503343369
4186.0  0.218849626857022445    0.0123912143532778681
4200.0  0.188067343877520776    0.0121823621778032118
4214.0  0.167978060302778148    0.0119653541432933330
4228.0  0.175567520771658131    0.0119816045353979186
4242.0  0.168265719103478512    0.0119846054602635796
4256.0  0.144213702426665480    0.0118499292865616758
4270.0  0.125015269420504588    0.0116230977088600460
4284.0  0.146940798154361563    0.0112022795397655403
4299.0  0.132165227394172136    0.0111683382077690223
4313.0  0.104298018631355724    0.0109687424066382995
4327.0  0.113953197364327019    0.0110835195715423013
4342.0  0.101714152182034417    0.0109573043028586749
4356.0  0.115123842220762454    0.0108401773577852367
4371.0  0.117958314530035122    0.0106922752850442965
4385.0  0.119153932339185614    0.0106618154784653713
4400.0  0.154357888961056983    0.0107016817014384154
4415.0  0.143162201848263226    0.0103944039083028721
4429.0  0.171945060119551685    0.0105416688897737258
4444.0  0.168638713255695905    0.0104578755574850010
4459.0  0.179563231914018018    0.0104092876926255157
4474.0  0.182336661158159885    0.0104262730450912812
4489.0  0.186922800908296605    0.0103621985201071375
4504.0  0.186996451572175981    0.0102420908217882717
4519.0  0.207455193669142390    0.0103897831343501851
4534.0  0.199654703352283497    0.0102697047735431143
4549.0  0.182962380608303360    0.0101888373923903191
4564.0  0.188153598139130185    0.0100993569201137529
4579.0  0.199639584533431058    0.0100550928369278966
4594.0  0.192209540193518352    0.0097231519427556801
4610.0  0.195249624606759126    0.0097518957427005330
4625.0  0.200922493151030834    0.0099873084796223300
4640.0  0.188242457778091787    0.0100476143454158104
4656.0  0.169303114168268237    0.0098556108150907352
4671.0  0.174461721644967371    0.0101842193667784058
4687.0  0.170369576988831595    0.0105198930456471638
4703.0  0.139516772832903591    0.0107584082707856618
4718.0  0.106255072977620851    0.0109453175306726130
4734.0  0.144268055133027484    0.0117433824549850411
4750.0  0.140653404760265222    0.0125678839792664303
4766.0  0.125447109284053532    0.0137524789108547131
4781.0  0.151897718080343469    0.0149342827318132594
4797.0  0.144112369640272797    0.0155658024500382863
4813.0  0.152064760691664802    0.0156886502572021538
4829.0  0.089629609941334537    0.0133056475684080432
4846.0  0.085486698940475142    0.0127004992448864727
4862.0  0.070472667882629250    0.0123579098099937564
4878.0  0.127231393917760338    0.0204569379861470335
4894.0  0.079776792777841554    0.0185985583241397474
4910.0  0.093456248724049090    0.0154423102359741455
4927.0  0.115400421834910685    0.0134589638066305254
4943.0  0.119262144901995076    0.0124853617439209010
4960.0  0.082721361983056949    0.0118455402008651248
4976.0  0.078029916303037156    0.0114783170284741311
4993.0  0.095580982398751568    0.0110961090289224407
5009.0  0.076417891422102882    0.0106113678320121033
5026.0  0.072095995859125850    0.0098587308536755309
5043.0  0.108841506822737619    0.0094055130944087142
5060.0  0.081696097087841646    0.0088191930917153587
5076.0  0.133596938613320476    0.0086333895422843442
5093.0  0.125568654174424810    0.0082683252512819848
5110.0  0.165868499438965450    0.0080424870226159430
5127.0  0.161069251324972268    0.0077674159576064808
5144.0  0.179473023904238083    0.0076497248439395520
5162.0  0.148804402589535090    0.0073242762840745384
5179.0  0.183786777722263511    0.0071012553526896283
5196.0  0.158013411205354615    0.0069184070212532246
5213.0  0.164537789386436845    0.0067254282282507918
5231.0  0.148952068123691328    0.0065004565443914893
5248.0  0.141480931174756408    0.0064083961530961141
5266.0  0.120805378631886645    0.0063885323161172874
5283.0  0.121064856324231390    0.0070962206488672207
5301.0  0.123581256109394536    0.0058192550104728992
5318.0  0.114043023698029627    0.0056980112190752139
5336.0  0.114990872177003003    0.0056279640278606774
5354.0  0.125863571718297734    0.0055185605221188877
5372.0  0.111627023292149033    0.0053341064796997382
5390.0  0.124037805160660944    0.0051861339378402767
5408.0  0.106631833478470120    0.0050055464260086984
5426.0  0.121612427139974152    0.0049395465677288192
5444.0  0.116213583014340691    0.0048334274214352647
5462.0  0.092962614162468260    0.0046803801213407244
5480.0  0.119022050471197641    0.0047133306083364515
5498.0  0.111337572940128512    0.0045795807472199072
5517.0  0.131794466720447007    0.0045472751389090535
5535.0  0.122612853082218809    0.0044241137459382672
5553.0  0.133215087611481986    0.0044479242720531385
5572.0  0.121140504999484436    0.0045584792701979125
5590.0  0.132445460647582669    0.0043259708396532282
5609.0  0.130392597774147440    0.0041937682304575338
5628.0  0.129857057677463417    0.0041440615716457707
5647.0  0.114692044723942843    0.0040274647957110315
5665.0  0.123595525667389697    0.0039594052854088346
5684.0  0.115790148852872476    0.0038477333711625112
5703.0  0.111802447414044381    0.0037515237461077473
5722.0  0.106088812911021457    0.0036862523849752471
5741.0  0.107485608221717835    0.0036321360019807634
5760.0  0.126910862883488407    0.0036128874427614191
5780.0  0.113565862138833004    0.0035490137807999123
5799.0  0.123036889035297525    0.0035208571792351047
5818.0  0.125751547908905525    0.0034623737437594641
5838.0  0.129179475509541036    0.0034233277973783659
5857.0  0.138303226493426384    0.0034336287597092991
5876.0  0.126300802062614848    0.0033329076731241198
5896.0  0.116744810535706831    0.0032225230561137926
5916.0  0.110653162051213269    0.0031882366130128971
5935.0  0.113877576208508038    0.0031736744365093265
5955.0  0.103536513518283399    0.0037270730571826987
5975.0  0.116955497475638978    0.0032571818031569954
5995.0  0.108620007023085371    0.0030343686749366352
6015.0  0.110898055376995042    0.0031728048476143476
6035.0  0.099170452378696858    0.0029706795929403521
6055.0  0.075473512945982313    0.0028018939790596933
6075.0  0.060509272248352459    0.0026999213554137506
6095.0  0.041697984960018537    0.0025569159909992535
6116.0  0.039810294792584681    0.0025361846949463179
6136.0  0.034295459798978738    0.0024630427815677341
6157.0  0.053685468555634795    0.0025320194988504149
6177.0  0.058724713562286382    0.0025307253971657254
6198.0  0.071868116352591757    0.0025392696281307287
6218.0  0.078103364349104934    0.0024968048530163165
6239.0  0.094080460949263561    0.0025360017410172232
6260.0  0.094196583558475364    0.0024837425085282414
6281.0  0.093273099392591111    0.0024660046586322329
6302.0  0.094463717518187842    0.0024490054987018318
6323.0  0.091133192188939449    0.0024042844136380648
6344.0  0.093569308359518238    0.0023873801112638342
6365.0  0.091070218864651734    0.0023402655078915442
6386.0  0.089211050385116383    0.0023122225304396194
6407.0  0.087665491138351551    0.0022710455163093756
6429.0  0.091277837442533552    0.0022508920038650324
6450.0  0.090152417796469139    0.0022584000665033881
6471.0  0.083536363671579905    0.0022509777572989795
6493.0  0.082857758324560868    0.0023177881716264629
6515.0  0.080065143735353048    0.0023226654697752597
6536.0  0.075155200792558705    0.0022307466209988973
6558.0  0.076136851631636984    0.0021771409055356436
6580.0  0.075230991012375945    0.0021427621401307897
6602.0  0.070072972303431000    0.0020747203415088108
6624.0  0.065162261851400394    0.0020217771035184193
6646.0  0.064816194168599212    0.0020052445413113384
6668.0  0.060681902840538947    0.0019903095774662328
6690.0  0.062430778594179892    0.0019549849699599881
6713.0  0.059723387648618800    0.0019239797805220885
6735.0  0.065066390094547399    0.0018993173986898734
6757.0  0.057109156302874838    0.0018794781396099163
6780.0  0.056411585903691927    0.0018825312974426736
6803.0  0.058248371962715158    0.0018766949812152880
6825.0  0.052522842273057584    0.0018292330478215150
6848.0  0.052433516004341645    0.0019871039097157160
6871.0  0.054178542848309294    0.0018927471279281461
6894.0  0.044888866178655500    0.0019514393150889312
6917.0  0.048021949783970799    0.0018839325917581493
6940.0  0.038059808066746990    0.0018601719414867864
6963.0  0.043707985241755710    0.0018263838969731175
6986.0  0.046092618924242983    0.0017798474073557171
7009.0  0.040331203570360838    0.0017679981369331250
7033.0  0.042080757910368617    0.0017419605399952912
7056.0  0.043119376208669423    0.0016971442324206598
7079.0  0.041027208943621211    0.0017442806621609755
7103.0  0.039069543437548690    0.0017026532610535138
7127.0  0.038936367708458812    0.0017613636470497286
7150.0  0.038386994470831659    0.0016734501105972772
7174.0  0.042510915124203859    0.0017314612259050209
7198.0  0.038073046882409409    0.0028038914532752699
7222.0  0.036774044995066126    0.0022500393275530863
7246.0  0.038000430856775784    0.0018565427345757187
7270.0  0.035084121769878358    0.0016647548877408117
7295.0  0.036859067738257575    0.0018128883460216097
7319.0  0.035882679556041172    0.0017165980553470515
7343.0  0.035033345047056505    0.0018022898686654801
7368.0  0.030674100806909518    0.0017452369561781467
7392.0  0.028653545266076559    0.0017490160607530674
7417.0  0.026083048839762400    0.0016793875965537186
7442.0  0.026199792406922925    0.0017966221338463267
7466.0  0.026319577032109277    0.0017110416835478379
7491.0  0.023731471540803621    0.0018144791789070260
7516.0  0.027885912729450322    0.0016254727500615573
7541.0  0.024328046861522463    0.0017184812087283029
7566.0  0.023269542193177343    0.0016968903107049764
7592.0  0.024803932265244910    0.0016856847255542862
7617.0  0.022305202280711752    0.0015640589576072510
7642.0  0.027923412867779822    0.0015706811123937980
7668.0  0.025194748355800115    0.0015626180865951952
7693.0  0.020926969461134478    0.0015077521970851100
7719.0  0.025765487729140297    0.0015483220580138537
7745.0  0.029349660681689371    0.0015669447326077841
7770.0  0.024908823542141419    0.0015230045194393809
7796.0  0.030053914024690018    0.0015655278490780337
7822.0  0.032718433877748143    0.0015995665654053479
7848.0  0.031748498797768067    0.0018542010161046354
7874.0  0.028691364916687414    0.0015627542396360204
7901.0  0.037624259300846001    0.0019077122360806353
7927.0  0.027454530674868464    0.0016112247056011631
7953.0  0.030514259725958733    0.0017861799756319818
7980.0  0.031968432280342775    0.0017666905331524189
8007.0  0.028987105508157716    0.0017376630052195385
8033.0  0.024203942777788437    0.0015638341325290293
8060.0  0.025891381698373499    0.0015457522577663012
8087.0  0.023514162352580879    0.0015140287081972497
8114.0  0.019097421069535422    0.0014640916474770180
8141.0  0.018586027438092276    0.0014929038908557740
8168.0  0.017575033056775453    0.0017745258746408735
8195.0  0.013054197521684590    0.0018004618807548798
8222.0  0.015624284372357857    0.0015259849057268930
8250.0  0.016027503676233706    0.0014337820406690805
8277.0  0.017973021763757323    0.0015456911604948608
8305.0  0.015906385455028895    0.0018950910144596327
8333.0  0.021269882394004919    0.0014891820803090939
8360.0  0.028549901923317487    0.0020058753298042953
8388.0  0.022426484625754032    0.0015990841675974058
8416.0  0.028178863174272848    0.0018695963021189647
8444.0  0.034306218736925971    0.0018367876705973531
8472.0  0.031985520610028420    0.0018065322671132530
8500.0  0.036707865264050933    0.0016647012628808774
8529.0  0.034003889877385708    0.0016983429475647071
8557.0  0.033879556337722029    0.0016540761457538985
8586.0  0.034750045499151151    0.0015838645230063476
