#@Telescope UH88 
#@Reference Saunders et al. (2018) 
#@Redshift 0.0  
#@Spectrum Train_SN84_15.dat 
#@SN-Name Train_SN84  
#@Phase 40.735 
#@Survey SNFactory 
#@SN-Type SNIa 
#@Units Flux 
# 
# WAVE : 
# SN_SPEC : 
# SN_ERR : 
#end 
3305.0  0.00101842931248248385 0.0068231974193472544
3317.0  0.00180805747617556519 0.0070078292603204789
3328.0  0.00852356693401865560 0.0068090984712834597
3339.0 -0.00139057111791060853 0.0063508747398642604
3350.0  0.00986478086133414818 0.0062627323668011685
3361.0 -0.01136468639831317989 0.0062163660725109704
3372.0 -0.00116735577044140568 0.0061594332069046720
3383.0 -0.00106267110538249662 0.0059624428680342453
3395.0  0.00113770194688636540 0.0061908033588550654
3406.0 -0.01098468080410459728 0.0057702074076082417
3417.0 -0.01480951968490145688 0.0060324407749989288
3429.0 -0.00113306164200274576 0.0060865426333719065
3440.0  0.00200902549572700437 0.0057594699143369886
3452.0 -0.00255228354673326004 0.0055252352695636412
3463.0  0.00812460840446802349 0.0057057568866693961
3475.0  0.00941436178691627996 0.0055862130798694110
3486.0 -0.00263843591149445214 0.0052262672093046506
3498.0  0.00012028662858924425 0.0050682059183981467
3509.0 -0.00222217347616688893 0.0051678981269777111
3521.0  0.00605835232275788241 0.0053112451052621029
3533.0 -0.00134689522372079674 0.0054566760952132407
3545.0  0.00170094865499456063 0.0050835360887936413
3556.0 -0.00073231917342260347 0.0048577039761168268
3568.0  0.01115757017608854339 0.0047412520076177715
3580.0  0.00528409702016542377 0.0042944244863615732
3592.0  0.00947610919163423618 0.0043157344193157495
3604.0  0.01054915723632116747 0.0044386764702144636
3616.0 -0.00684050473663345288 0.0041866574146506193
3628.0  0.00628540324126514258 0.0042950936235552194
3640.0  0.01800764832745186186 0.0045691464784998522
3652.0  0.00472627947619055824 0.0045789675341624285
3664.0  0.00337033032619048776 0.0044759899476841695
3677.0  0.00647042117626183810 0.0037704984211132213
3689.0  0.00317739453966181962 0.0041774943921947805
3701.0  0.01095367030750838376 0.0044089878890906896
3714.0  0.00163250050193598740 0.0037444493235273520
3726.0  0.01015523559117913893 0.0045930718922636074
3738.0  0.01201653047390625027 0.0046463081005589432
3751.0  0.00973240171493212555 0.0048498603024010167
3763.0 -0.00261415201432917046 0.0049116909056515553
3776.0  0.01499096095923856120 0.0046000567273906095
3788.0  0.00777924580304400516 0.0042505935706711228
3801.0  0.00961411323775503493 0.0042192512355713951
3814.0  0.00384726397501346067 0.0040874846475845621
3826.0  0.01047889152509203815 0.0042659507760057494
3839.0  0.01436959742019753607 0.0042113350668316575
3852.0  0.01759510746923843155 0.0044999142163743002
3865.0  0.00898415142387832405 0.0043985414622056051
3878.0  0.01897388063438970943 0.0042779779695741472
3891.0  0.01792275353141336777 0.0041386299482586248
3904.0  0.01093416988745413501 0.0039806824539061004
3917.0  0.01498937224363532626 0.0039403979181159956
3930.0  0.01925976741027682002 0.0039096407313654958
3943.0  0.02242312968774780313 0.0039531255249722896
3956.0  0.01869883097409879777 0.0038220608784854788
3969.0  0.01467441771743339084 0.0037342689084093137
3982.0  0.01044340334277247748 0.0036788771743803618
3995.0  0.01706036014844772644 0.0036490828924583981
4009.0  0.01294378784633542188 0.0035447305779863028
4022.0  0.00869774876679455487 0.0033028366547285339
4036.0  0.00780632007658669472 0.0034136821495820086
4049.0  0.01177252936971729010 0.0034819985715295577
4062.0  0.01245423624914172508 0.0034572062430551897
4076.0  0.00577504647745263021 0.0035554682996524066
4090.0  0.00871401822307417244 0.0034891618568007703
4103.0  0.01538203530450427646 0.0033695047442860006
4117.0  0.00995485803822987111 0.0033576246291448500
4131.0  0.00684099685842745261 0.0034371822446670154
4144.0  0.00478251603674610237 0.0034266460506595419
4158.0  0.00707305594895347826 0.0034277869091401451
4172.0  0.01200203802676075293 0.0034225096432831553
4186.0  0.01369450750301693352 0.0035027260815932624
4200.0  0.00972316689146510323 0.0034329096715889013
4214.0  0.00911091367890401113 0.0034527160656664920
4228.0  0.00962682370385917197 0.0033241097069015607
4242.0  0.02283782112182820498 0.0034944228479904999
4256.0  0.00883234088786397087 0.0033550240359932096
4270.0  0.00560308314241534256 0.0033126895077027459
4284.0  0.00226639913032250246 0.0031749341677507607
4299.0  0.00899819545860998035 0.0031913646597235227
4313.0  0.01020197233745722028 0.0032133487014082644
4327.0  0.01213827376004616120 0.0032289157379913253
4342.0  0.00793762961495453508 0.0031743878017435191
4356.0 -0.00113193635307871953 0.0030885433764016221
4371.0 -0.00183211954543777513 0.0030045606505686388
4385.0  0.00663030769030785623 0.0030439088434129624
4400.0  0.00396088991761096680 0.0029797058133974028
4415.0  0.00725561141892482660 0.0030450803581452521
4429.0 -0.00024344412799613173 0.0028820826546827674
4444.0  0.00887192414780618374 0.0030078599413314610
4459.0  0.00020912523364450126 0.0028904996968670041
4474.0  0.00055961509255091546 0.0029102941706670993
4489.0  0.00658159229750495799 0.0029521639850837843
4504.0  0.01537272555932244628 0.0030612979818316352
4519.0  0.00267518468842274778 0.0029116404397618637
4534.0  0.01012751269223294628 0.0029082486001140162
4549.0  0.01445131897440473170 0.0028726778546216926
4564.0  0.01751897053090356593 0.0029552594600335512
4579.0  0.02008808836780632406 0.0030602077497298183
4594.0  0.01579423728207161870 0.0029792521433219883
4610.0  0.01882159377073292991 0.0029829920683775747
4625.0  0.02414895901022732008 0.0031811633633280303
4640.0  0.01916473477497616235 0.0031747462496409919
4656.0  0.02239781551775846258 0.0032505022309644717
4671.0  0.01919746438292054685 0.0034696211778305354
4687.0  0.01047406506938880488 0.0035091592411069161
4703.0  0.01247261321174768928 0.0038214121917344466
4718.0  0.00958192583171491551 0.0040086083562407403
4734.0  0.00410216625313276906 0.0042575275229113840
4750.0  0.00822948445461112177 0.0044090173530784496
4766.0  0.01558828719743198324 0.0044081094798194822
4781.0  0.01011058322257825555 0.0040650612088261873
4797.0  0.00928076462082515034 0.0039361872255833305
4813.0  0.00887835736914092087 0.0058659909961777191
4829.0  0.00155865749295405862 0.0085920360705448052
4846.0  0.01193941141353742873 0.0071889598654459536
4862.0  0.02507723027052341860 0.0058620986254093160
4878.0  0.01341379607951023907 0.0049972517133210891
4894.0  0.00763188928231174190 0.0046346261997640961
4910.0  0.01086675792782729362 0.0046309556790807005
4927.0  0.01940231417681505949 0.0046413330277617574
4943.0  0.01914191513700944092 0.0044506822871982861
4960.0  0.00505697694503446597 0.0041248415753719877
4976.0  0.01533875640875924894 0.0038615116834086723
4993.0  0.00806106716323565231 0.0036335976095019638
5009.0  0.01282844310637673915 0.0035342215915737762
5026.0  0.01017702102771088531 0.0032710613207273236
5043.0  0.01147616937775698849 0.0031692612792397880
5060.0  0.00833356306243189168 0.0030359280417766804
5076.0  0.01121725833955651563 0.0029493761487163631
5093.0  0.00543661524703861494 0.0028226421663258348
5110.0  0.00548166027975280443 0.0027241278053282223
5127.0  0.00856120898650604249 0.0026764738432404895
5144.0  0.00740159965702847158 0.0025910697521891817
5162.0  0.00413563479131951340 0.0025045365147068322
5179.0  0.00997690843292644604 0.0025059957788348859
5196.0  0.00957613005958429797 0.0024881841666312778
5213.0  0.00798052311681772021 0.0029676256584773514
5231.0  0.01206655010139318952 0.0023720969912176953
5248.0  0.01163243773508154839 0.0023124890876877577
5266.0  0.01532889920465082406 0.0022841996224141673
5283.0  0.02109494027390332663 0.0022509578209519974
5301.0  0.02291714715720735013 0.0021943628461986026
5318.0  0.01634053147285973936 0.0021581008741645012
5336.0  0.01306437065973079133 0.0020994766469607032
5354.0  0.01843864080807403744 0.0021220622375788712
5372.0  0.01962655322025004187 0.0020612577080507230
5390.0  0.01672838658708410142 0.0019770783925959503
5408.0  0.01931094018965248682 0.0019533995386851826
5426.0  0.02093001711479299670 0.0019524306843811652
5444.0  0.02540070108171697816 0.0019596504763689975
5462.0  0.02509160829673582130 0.0019503096251411388
5480.0  0.02662535936420865751 0.0019427729030756520
5498.0  0.02589775815366804346 0.0019680754820525846
5517.0  0.03221531393111922575 0.0020726170387418076
5535.0  0.03130160023771897532 0.0018641942500075006
5553.0  0.02827484331140814669 0.0018248550379191294
5572.0  0.02272262747763525645 0.0017838291011237298
5590.0  0.02763907428589780502 0.0017687264375205363
5609.0  0.02384023923948990972 0.0017022693381873804
5628.0  0.01594575479306777760 0.0016330615875561779
5647.0  0.01886670435258921627 0.0016070389882468076
5665.0  0.01344091392522041295 0.0015383927455131904
5684.0  0.01332245981845168147 0.0015051797650399124
5703.0  0.01439473254591412850 0.0014825363143356335
5722.0  0.02043997838054304600 0.0015196532848220071
5741.0  0.01662016943877109298 0.0014831960795624367
5760.0  0.01656689137280424259 0.0014459289866126861
5780.0  0.01954889201052427070 0.0014550808443818072
5799.0  0.02613990936757479289 0.0014802966739422554
5818.0  0.02456317226628322581 0.0014563396860390334
5838.0  0.02368312643110359605 0.0014418039492368590
5857.0  0.02236084585767622937 0.0014230533027913596
5876.0  0.02288916554095519335 0.0014126798500476885
5896.0  0.01861443415913537416 0.0013929261385211107
5916.0  0.01891221868362882863 0.0013160937931837556
5935.0  0.01318260928415096803 0.0012731554219679684
5955.0  0.01358342561978262419 0.0012865441603177677
5975.0  0.01286019425689320650 0.0012504343188702136
5995.0  0.01235381352636810010 0.0012237617067985818
6015.0  0.01174177907788560675 0.0011962492276227825
6035.0  0.01125582558318063975 0.0011989468101730317
6055.0  0.01237642829907624649 0.0011969497355915444
6075.0  0.01069143698663369869 0.0011629931386757696
6095.0  0.00914245846447508774 0.0011199615321323775
6116.0  0.01392810616658939939 0.0011378087128512905
6136.0  0.01177123278221361632 0.0010932475372460925
6157.0  0.00831185538747888746 0.0010883871713726083
6177.0  0.01074497771642431848 0.0010735753488032170
6198.0  0.01353911231217266864 0.0010804599232171984
6218.0  0.01380231886332099374 0.0010636421834319904
6239.0  0.01185937818581666962 0.0010374771689258689
6260.0  0.01011583322865789412 0.0010138429050278932
6281.0  0.01083341940488090349 0.0010200970914424402
6302.0  0.01385831210474093925 0.0010223682732662983
6323.0  0.01227709781689607579 0.0010008437185280309
6344.0  0.01197684943158624366 0.0009911386092493603
6365.0  0.01430219823975753188 0.0009936706748314768
6386.0  0.01829811170174877599 0.0010557917672544756
6407.0  0.01937141919282931238 0.0010238067673983371
6429.0  0.02099574024770151093 0.0011240259145266092
6450.0  0.02289196461381610981 0.0010877111275137560
6471.0  0.02120699829993189997 0.0010465911322746486
6493.0  0.02618396733459270667 0.0010334484778229884
6515.0  0.02261234984898771727 0.0010152911181837768
6536.0  0.02512642610354327150 0.0010042101832123894
6558.0  0.02361214369944916736 0.0010487827418526575
6580.0  0.01938743411234782055 0.0009865714784970210
6602.0  0.01786448825933813905 0.0009517433512965439
6624.0  0.01556820743430931131 0.0009248888271737611
6646.0  0.01235712337766353697 0.0009076838914122290
6668.0  0.01318344202305162145 0.0009000804709756017
6690.0  0.00995164261040847216 0.0008608853097329458
6713.0  0.00878667216418952367 0.0008736788495118871
6735.0  0.00963190967134839107 0.0008506144596200078
6757.0  0.00692373809759115090 0.0008575240220051593
6780.0  0.00791569772262735831 0.0009646192007831405
6803.0  0.00729015853567161528 0.0009317565812038379
6825.0  0.00695548373864034609 0.0008657373549499830
6848.0  0.00686805543253913003 0.0008977450160802369
6871.0  0.00899433409598831418 0.0009011343806593165
6894.0  0.00747614226367108049 0.0008839831793854423
6917.0  0.00592144893565501370 0.0008494570650452590
6940.0  0.00834662076100108410 0.0008203432760898581
6963.0  0.00927251991532885428 0.0008282310281809824
6986.0  0.00846353590419581837 0.0008432302109532826
7009.0  0.01075809513929788276 0.0008330021094734634
7033.0  0.00780988794084649246 0.0008519498447342665
7056.0  0.00762530711739545664 0.0008045011613553250
7079.0  0.00829105770382072838 0.0008235403906904434
7103.0  0.00639406230218815107 0.0010919821160177013
7127.0  0.00930087177649764792 0.0012041750648810736
7150.0  0.00917054233523552191 0.0010168438931811867
7174.0  0.00954966969333365459 0.0008428171179903771
7198.0  0.01120252150873029401 0.0008219808844155904
7222.0  0.01233739222322430620 0.0009369317580019489
7246.0  0.01224103428820602982 0.0009230579842575150
7270.0  0.01402369707957681032 0.0008565307157805273
7295.0  0.01020302007775264475 0.0009059559641000096
7319.0  0.00987448307831550152 0.0009140050086604049
7343.0  0.01217217013172727964 0.0009685434993293516
7368.0  0.01387661560819593472 0.0009339246315781033
7392.0  0.01498385663741560840 0.0009575508173361904
7417.0  0.01361682473640575021 0.0009173017965285269
7442.0  0.01381097909178060149 0.0009266861347462463
7466.0  0.01139139240455193207 0.0009295655873606470
7491.0  0.01245814149636531067 0.0008690156304027187
7516.0  0.01123510272195242521 0.0008575315160005172
7541.0  0.01081860746021197882 0.0008361076267264971
7566.0  0.00937315915362318432 0.0008233127684683463
7592.0  0.01089326515730305867 0.0008106478103442851
7617.0  0.01276771299358715056 0.0008320508599925344
7642.0  0.01273643429727012305 0.0008261062798906935
7668.0  0.01202183456715374965 0.0008349948056066168
7693.0  0.01582219365281561929 0.0008370952224708992
7719.0  0.01604951903331747892 0.0008297016210216992
7745.0  0.01604635261013262829 0.0009801007391737411
7770.0  0.01451271305154797769 0.0009414076265097114
7796.0  0.01469908092567186880 0.0010224897564557129
7822.0  0.01319587740078444552 0.0009105500976510483
7848.0  0.01106812853273981580 0.0009775681348523149
7874.0  0.01007013593296243389 0.0009834802479229290
7901.0  0.00609841729277500137 0.0008594067138700434
7927.0  0.00857316778295186786 0.0008742508183703575
7953.0  0.00643984072492457312 0.0008503528533985317
7980.0  0.00691490206904400283 0.0007937231797071246
8007.0  0.00510065297287188614 0.0007734987169118095
8033.0  0.00878271980905123012 0.0007938870623469429
8060.0  0.00825789531946797585 0.0009195329044235075
8087.0  0.00241869882095351344 0.0009328873187015330
8114.0  0.00824902445651608252 0.0009010709088242482
8141.0  0.00551609331387283974 0.0007704896055759924
8168.0  0.00178975399038904686 0.0007285215161067089
8195.0 -0.00065086507037096506 0.0010190126144105206
8222.0  0.00296912938841852091 0.0008750562960043421
8250.0  0.00417370849053324503 0.0010657535509720852
8277.0  0.00073294042652484275 0.0008490470685509752
8305.0 -0.00046943563870399088 0.0009885139344367061
8333.0  0.00165702420142760029 0.0010341763533531388
8360.0  0.00207987612111734232 0.0008501871562636917
8388.0  0.00352018917196666743 0.0009115802111872761
8416.0  0.00284280543803381658 0.0009182507161382346
8444.0  0.00561225848300080880 0.0008183562161605147
8472.0  0.00688220443948919097 0.0008547895853735123
8500.0  0.00902657076710201844 0.0008561626424199506
8529.0  0.00954840504122324470 0.0008422671664159733
8557.0  0.00910124637899489136 0.0008680246179025556
8586.0  0.01190168086420887242 0.0008637840270951671
