#@Telescope UH88 
#@Reference Saunders et al. (2018) 
#@Redshift 0.0  
#@Spectrum Train_SN2_0.dat 
#@SN-Name Train_SN2  
#@Phase -7.113 
#@Survey SNFactory 
#@SN-Type SNIa 
#@Units Flux 
# 
# WAVE : 
# SN_SPEC : 
# SN_ERR : 
#end 
3305.0 0.064905053925763692    0.0084333761918831771
3317.0 0.079760347853919916    0.0083998340866287564
3328.0 0.081016642422332405    0.0082250993571647592
3339.0 0.069750939835301562    0.0079819841738471408
3350.0 0.077796134387369015    0.0079435104457801654
3361.0 0.063762342556833884    0.0077535757450441110
3372.0 0.083323066979092794    0.0078687097220119431
3383.0 0.076306809089210739    0.0078869405148653537
3395.0 0.083997635333352444    0.0077298144633334859
3406.0 0.085971500839854817    0.0073841842970661670
3417.0 0.084518142557177434    0.0073253637812414809
3429.0 0.094284363901232474    0.0075467941193420552
3440.0 0.094176045684842863    0.0070518916865610669
3452.0 0.093214379956408022    0.0071464211329737943
3463.0 0.073816132096308745    0.0070549296636725229
3475.0 0.086988148114805042    0.0070071275975652362
3486.0 0.096194773155945629    0.0070200080865939615
3498.0 0.093155331098044650    0.0067979881269812636
3509.0 0.094069585183443188    0.0066218580858538522
3521.0 0.092629398764490847    0.0066573657976209972
3533.0 0.098420957672884390    0.0065399907652522165
3545.0 0.105628660445962669    0.0063611896071854917
3556.0 0.116534323605482104    0.0063378684815763794
3568.0 0.102652443102258212    0.0062442231759560580
3580.0 0.093688037610299979    0.0060784391923185349
3592.0 0.077416691683631314    0.0058660119913287803
3604.0 0.073942461000390272    0.0058721493432012687
3616.0 0.070443654528095756    0.0056398967880184891
3628.0 0.061016936869316300    0.0055777385582728399
3640.0 0.043746890803014034    0.0052041670653251307
3652.0 0.040853206852000043    0.0049965826119154023
3664.0 0.036509356631306486    0.0049910883076150535
3677.0 0.037111966079384162    0.0049512292395511217
3689.0 0.039294483318780854    0.0050336906530122775
3701.0 0.043381388061733125    0.0050090997837330094
3714.0 0.049888315589671002    0.0051397831790567184
3726.0 0.059722934531418900    0.0055101845109541952
3738.0 0.059307599150876661    0.0050794010887099325
3751.0 0.059212850692142216    0.0047361784485902524
3763.0 0.069639259885237614    0.0050367584841510592
3776.0 0.059510591344913724    0.0048125522241525588
3788.0 0.070173600271527650    0.0049228884780436891
3801.0 0.080396257067969004    0.0052958853367956081
3814.0 0.078537849396921572    0.0052973377525823481
3826.0 0.085161116177907573    0.0055214374827024619
3839.0 0.091256755185163546    0.0056311521202839793
3852.0 0.110052027729210758    0.0053403477406644834
3865.0 0.105010624918827011    0.0050345448447027931
3878.0 0.123477832059662035    0.0049741991475502701
3891.0 0.121053657505074921    0.0049929736014420415
3904.0 0.128933744502432418    0.0051037904549250685
3917.0 0.139394578504762306    0.0052591666631981804
3930.0 0.129389223393556407    0.0053629947643292885
3943.0 0.123525191313575519    0.0052531239163078631
3956.0 0.123344805476905961    0.0049965367839583680
3969.0 0.107538542022561953    0.0047273475392249987
3982.0 0.118521373897370039    0.0047366638107714286
3995.0 0.121779133880135323    0.0047389508489424940
4009.0 0.117428569079688655    0.0046773553597184263
4022.0 0.128808908081304602    0.0047657248522296686
4036.0 0.131143549337783438    0.0046893772553305438
4049.0 0.133807043486731142    0.0045759163471043559
4062.0 0.130070406352691181    0.0045998499834270850
4076.0 0.123546385307646708    0.0045390387081598368
4090.0 0.110490881788630618    0.0043473124045922493
4103.0 0.114697515960850718    0.0041686903050734969
4117.0 0.109382157103806013    0.0042685426701210534
4131.0 0.112456459317388610    0.0042891004608410187
4144.0 0.099243316017633379    0.0042193707686647430
4158.0 0.102800453594922264    0.0043421745547696563
4172.0 0.101638333015561702    0.0043205396726120364
4186.0 0.085275150626834606    0.0041654658259725605
4200.0 0.083935799991106355    0.0041482081225843121
4214.0 0.083466148984860988    0.0041807498415701444
4228.0 0.075285789450301246    0.0041142510676591736
4242.0 0.063379783443073920    0.0040339259126296332
4256.0 0.071948981980864482    0.0040156030172792167
4270.0 0.067081169653029432    0.0039642910824934244
4284.0 0.073093988639866700    0.0039428370578193763
4299.0 0.073999199028241772    0.0039249135617537489
4313.0 0.080744811722961024    0.0038995902958955013
4327.0 0.083391789481710790    0.0039501999435205496
4342.0 0.084073066008444067    0.0039862682079658488
4356.0 0.082943936302686219    0.0039317600526853321
4371.0 0.078937662679804732    0.0038468667717628242
4385.0 0.066936170759101146    0.0037441277303148549
4400.0 0.072127023692438855    0.0038313983066468539
4415.0 0.083004546122576864    0.0038275523485632431
4429.0 0.074963752852144475    0.0037354135959499026
4444.0 0.079815490133283221    0.0037721039790504238
4459.0 0.090004777073316972    0.0037581422805276856
4474.0 0.096278548209589476    0.0037875957268441048
4489.0 0.097922980460118797    0.0037886185664828135
4504.0 0.100572260467444996    0.0037915797899808904
4519.0 0.097424554308937983    0.0037596548307969207
4534.0 0.099132635673522443    0.0037187426661832103
4549.0 0.103366069990777007    0.0037390317360905894
4564.0 0.099444160963766015    0.0036864388669028934
4579.0 0.094340361869493863    0.0036962891577955472
4594.0 0.096762917860658423    0.0036878464282302397
4610.0 0.080477793984560370    0.0035763804856193105
4625.0 0.081918537457996057    0.0035667232195969395
4640.0 0.073467513366147458    0.0034479168741081553
4656.0 0.077016310604841598    0.0035199129608406939
4671.0 0.082093898829578169    0.0036054911987145957
4687.0 0.074555321208685507    0.0035996199843212730
4703.0 0.066837449763500617    0.0036135293746596734
4718.0 0.069234918724792732    0.0036609804299654299
4734.0 0.082424387457197434    0.0038145027466943617
4750.0 0.073724438277330426    0.0039163172586130762
4766.0 0.067987336369700890    0.0041306377116215043
4781.0 0.059879325045841481    0.0043811858529213569
4797.0 0.064194874848361450    0.0047060684593129010
4813.0 0.066567770648319341    0.0050861296069328399
4829.0 0.068919262807995207    0.0053343408516755243
4846.0 0.060754222041609650    0.0052625539153986316
4862.0 0.066784383415107396    0.0048791447368760482
4878.0 0.057070788609202498    0.0043914104788750855
4894.0 0.073574909260566534    0.0043581858418281572
4910.0 0.051335910140994902    0.0061932087736302072
4927.0 0.071776636475017530    0.0073649285446379118
4943.0 0.060247632589740439    0.0061333907707590493
4960.0 0.064308638228905229    0.0050016652890970837
4976.0 0.063727165547010051    0.0044753743200025755
4993.0 0.065404374261597495    0.0044137602361548380
5009.0 0.063774363361573577    0.0044374016003153214
5026.0 0.068033485777778693    0.0041562803339586056
5043.0 0.066163360429914747    0.0040793048582874513
5060.0 0.066930380979200829    0.0039191793823675674
5076.0 0.070173565520490644    0.0037369748250822726
5093.0 0.071661465821408976    0.0035226387736390181
5110.0 0.069791162178086716    0.0033643622020399985
5127.0 0.069859221362043561    0.0032266625623673510
5144.0 0.071792486590918539    0.0031162498081662919
5162.0 0.071692742199909690    0.0030275431536785392
5179.0 0.064732547082639147    0.0028814044152648054
5196.0 0.064823695371548667    0.0028286802644804931
5213.0 0.051235693605382195    0.0026720411653635592
5231.0 0.052532734093717504    0.0026377269926193938
5248.0 0.058623854180804999    0.0026155922448327330
5266.0 0.052226956085346193    0.0025471729690935067
5283.0 0.056331273062942687    0.0024948595690224146
5301.0 0.054668997355617567    0.0024657282016542501
5318.0 0.060548813183802806    0.0035425881701130085
5336.0 0.057327548648558879    0.0024175904514023698
5354.0 0.056236029799221939    0.0023686567662656575
5372.0 0.058353742396210731    0.0023061632779148161
5390.0 0.050228562454995400    0.0021984861233882869
5408.0 0.051415194291781943    0.0021729691000793800
5426.0 0.057127887144291810    0.0021454245351058641
5444.0 0.050189426843225353    0.0020820137495614738
5462.0 0.057150249247449769    0.0021005273077944267
5480.0 0.061101234318570348    0.0020792289578404444
5498.0 0.060477535831454710    0.0020197015991875295
5517.0 0.054384646098749101    0.0019411080632551264
5535.0 0.056735425903734323    0.0019260993937410872
5553.0 0.063566101097510777    0.0019479382481137700
5572.0 0.057297043082219105    0.0019168246763541746
5590.0 0.066138860815403433    0.0019354611806988949
5609.0 0.060644377847721788    0.0020475833799567847
5628.0 0.061703400229934306    0.0020136193148230382
5647.0 0.065088811657287429    0.0018753364388100356
5665.0 0.061406244671906161    0.0018178796112658987
5684.0 0.062999510440950618    0.0018195691783315731
5703.0 0.059858672438092099    0.0017553284545485880
5722.0 0.058144638376321299    0.0017269062319532108
5741.0 0.055620662829094766    0.0016877228211764407
5760.0 0.061533525639908063    0.0016832847026554661
5780.0 0.057481490515811313    0.0016392678916769125
5799.0 0.057134849629598028    0.0016117656429751139
5818.0 0.056114921920314795    0.0015853029941523223
5838.0 0.056929643945198394    0.0015683035087041071
5857.0 0.061254188688051776    0.0015757131512355237
5876.0 0.058066377992128076    0.0015394169923457367
5896.0 0.053372591579799684    0.0014923368839674575
5916.0 0.051084955047932444    0.0014835916166540109
5935.0 0.057738012673049142    0.0015043916754938031
5955.0 0.049476992991841114    0.0014963714051003454
5975.0 0.050411665447664962    0.0014804498107560753
5995.0 0.046269770698180460    0.0014834527350770029
6015.0 0.041541252599562289    0.0014462583195722020
6035.0 0.032944600303847542    0.0013569146504076336
6055.0 0.030971417809827793    0.0013223177536300995
6075.0 0.028306756448969350    0.0012937282796800778
6095.0 0.025400057323169401    0.0012389087733501458
6116.0 0.030718749123950565    0.0012384810853138697
6136.0 0.031702908948328258    0.0012362920861552584
6157.0 0.037966062706835252    0.0012720328808977391
6177.0 0.039439086171067901    0.0012697851113786321
6198.0 0.043123415335611932    0.0012701368823917951
6218.0 0.045827365541685407    0.0012620993624034643
6239.0 0.048464733631529720    0.0012738733693031952
6260.0 0.050127515380296070    0.0012379482015387904
6281.0 0.047571874779382746    0.0012311379762480613
6302.0 0.047733749292518501    0.0012276200132520535
6323.0 0.050595368557660531    0.0012154711239478865
6344.0 0.050509166777116428    0.0012012808054817634
6365.0 0.048349138653277231    0.0011815419148360757
6386.0 0.046438718703189066    0.0011691524568863381
6407.0 0.043313774851392012    0.0011408571099005987
6429.0 0.044440434436942955    0.0011361829698231379
6450.0 0.044353011302887387    0.0011317671741367607
6471.0 0.043010266373481446    0.0011127772343870149
6493.0 0.039600824533868713    0.0010928364431424594
6515.0 0.037775969167622832    0.0011532246539582519
6536.0 0.039323177114231993    0.0011397384817641582
6558.0 0.035122090196964773    0.0012734822976720938
6580.0 0.037374085525619417    0.0011719143782714914
6602.0 0.038110798829840496    0.0011206738212679740
6624.0 0.035857844006214126    0.0011068241166299229
6646.0 0.036964538322949402    0.0010789993103767122
6668.0 0.034464702806498514    0.0010434188056315055
6690.0 0.034733343191400347    0.0010300027484655748
6713.0 0.034732321162340478    0.0010387629782193889
6735.0 0.031341055549690362    0.0010142624365838079
6757.0 0.033937063074653752    0.0010046544621372968
6780.0 0.032982498673154871    0.0009960572208006684
6803.0 0.031020257297160830    0.0009842259538278496
6825.0 0.031267058080516483    0.0009784011241346713
6848.0 0.032067275160008901    0.0009898734294479738
6871.0 0.032270272497290135    0.0009777595266530238
6894.0 0.029798681205463091    0.0010495645594021936
6917.0 0.030613547314814030    0.0010804874439283684
6940.0 0.029830473186872809    0.0011078616863510202
6963.0 0.029841612458439342    0.0010227597806402070
6986.0 0.029470870016561401    0.0010448969520060708
7009.0 0.029662246623363038    0.0010435099309634025
7033.0 0.028448121903872310    0.0010162070016365976
7056.0 0.029724142572597412    0.0010006613762383110
7079.0 0.026514802653714753    0.0009448116261106931
7103.0 0.025697289240125161    0.0009419975232932350
7127.0 0.028505173273151604    0.0009909954431870469
7150.0 0.025680052618457478    0.0009245188262643855
7174.0 0.027455932705251068    0.0009830724495144252
7198.0 0.027570922351875849    0.0009260493577530793
7222.0 0.027747094621473144    0.0009543769648988293
7246.0 0.023503916133757859    0.0013059222843522054
7270.0 0.026614554606367625    0.0011853635898642994
7295.0 0.024840232149033602    0.0010462375723602974
7319.0 0.025921761289252668    0.0009444722896633663
7343.0 0.022401941692140097    0.0009943548007898054
7368.0 0.021385384287712472    0.0010162284106580970
7392.0 0.025099910108079646    0.0010611872821911239
7417.0 0.021287780683453248    0.0009640787394785584
7442.0 0.022059315700005584    0.0010153863783322439
7466.0 0.020939473014026870    0.0010128324713248767
7491.0 0.023218585865080479    0.0011070304395581268
7516.0 0.022608462981285420    0.0010401068619460348
7541.0 0.020926744996720436    0.0010629045988952356
7566.0 0.023381093080402537    0.0009833823958747465
7592.0 0.021255688791137099    0.0010119387948314159
7617.0 0.019653197967856782    0.0010306277668849740
7642.0 0.019634653303543685    0.0009983623578002632
7668.0 0.022315547876549803    0.0009316804047398837
7693.0 0.019766016192440537    0.0009242233171599776
7719.0 0.022235093242799809    0.0009066995591278988
7745.0 0.022903597152358218    0.0008862244219129825
7770.0 0.024882431282814341    0.0009113585333783622
7796.0 0.022658307759913333    0.0008990616258070256
7822.0 0.019506621643840535    0.0008825906529024642
7848.0 0.019405938261583999    0.0008801603135019331
7874.0 0.017608602881339728    0.0008639664708297865
7901.0 0.017061517311821098    0.0011014880942204726
7927.0 0.017168615897959184    0.0009324271681624583
7953.0 0.012741055677329692    0.0011306581002669949
7980.0 0.014937827386367911    0.0009518627515347436
8007.0 0.016777930205527401    0.0010503815496556413
8033.0 0.016002651976880396    0.0010921676957477034
8060.0 0.018399100142461891    0.0010163449127794421
8087.0 0.014446314926576314    0.0009038230215076609
8114.0 0.016254381973076264    0.0009329463087006413
8141.0 0.018068344923590933    0.0008818870465455096
8168.0 0.015665282608511490    0.0008418147196187467
8195.0 0.016883681409348948    0.0008727263332520705
8222.0 0.019491963625046824    0.0010869583750835101
8250.0 0.016617607158364259    0.0010869578929931212
8277.0 0.017544262958670793    0.0009859799353904390
8305.0 0.016192004127964291    0.0008525404650223125
8333.0 0.017370669265712010    0.0008440189299078059
8360.0 0.016730278551744616    0.0012683090194828492
8388.0 0.018459970503721071    0.0009098887603726483
8416.0 0.014846262485227212    0.0012612471173051622
8444.0 0.019565759086703226    0.0009722600906206334
8472.0 0.023387672140780934    0.0011087861230701576
8500.0 0.020708238523618246    0.0011933567107841588
8529.0 0.022792824619348007    0.0011011379393871417
8557.0 0.016798758410160940    0.0009773499474152088
8586.0 0.019279003922440308    0.0010319894092277412
