#@Telescope UH88 
#@Reference Saunders et al. (2018) 
#@Redshift 0.0  
#@Spectrum Train_SN54_1.dat 
#@SN-Name Train_SN54  
#@Phase 2.443 
#@Survey SNFactory 
#@SN-Type SNIa 
#@Units Flux 
# 
# WAVE : 
# SN_SPEC : 
# SN_ERR : 
#end 
3305.0 0.143931848320919570    0.00684984220011207456
3317.0 0.139750090363363277    0.00669113634096586956
3328.0 0.149342564475144518    0.00657377341483250752
3339.0 0.165548841138180164    0.00662520685211245158
3350.0 0.164678717771838484    0.00647562948317438516
3361.0 0.161693982131900060    0.00641004419460381846
3372.0 0.167448265291950948    0.00608126871727986650
3383.0 0.169109171335555641    0.00610332764205764964
3395.0 0.176525092254132571    0.00602368596001411679
3406.0 0.176228273557919091    0.00589866332804691272
3417.0 0.174391782455209088    0.00614615400804583486
3429.0 0.194873647550113938    0.00616464976637013003
3440.0 0.201940276836917343    0.00571843496389984416
3452.0 0.219040086052758792    0.00563620709957867415
3463.0 0.240694874577897872    0.00572188955005965318
3475.0 0.240973539708187329    0.00577034961545853497
3486.0 0.239480844477605592    0.00556813313291530925
3498.0 0.284599647440815617    0.00581298050135175843
3509.0 0.282969304153584511    0.00572655193783104706
3521.0 0.310921899695589476    0.00578809435913821366
3533.0 0.319228993169663577    0.00585986924402205882
3545.0 0.345957257521207817    0.00575723913895057494
3556.0 0.369390092783969004    0.00573642586601251243
3568.0 0.367775529792262856    0.00573537957336156101
3580.0 0.373783719815113213    0.00565607267356929219
3592.0 0.386751544701116945    0.00555628598050800573
3604.0 0.364996811370463081    0.00533325466894431135
3616.0 0.338428526231862870    0.00514577718627726426
3628.0 0.309396569861515702    0.00503277076418482110
3640.0 0.264415482019881853    0.00479760750677797436
3652.0 0.218805474475400052    0.00455758421438636884
3664.0 0.182636141530994278    0.00424177105386956427
3677.0 0.149365766529861693    0.00411650733187271869
3689.0 0.126799384827656375    0.00382122327414499566
3701.0 0.116174512480340331    0.00367928559111563389
3714.0 0.109362233854282204    0.00372747707445291723
3726.0 0.119245672583786239    0.00366327629363454033
3738.0 0.128933963110472866    0.00362398760811261621
3751.0 0.154112272653335103    0.00380494840315818159
3763.0 0.167337909961080611    0.00394653418086940780
3776.0 0.170401623454592754    0.00392178692641388400
3788.0 0.177072076841192416    0.00375258474851355257
3801.0 0.179705852785867426    0.00369924499928972386
3814.0 0.187583064124189930    0.00393584488475438171
3826.0 0.211453554067677463    0.00396570161322187462
3839.0 0.250374291973910812    0.00422351726081560824
3852.0 0.301541967827855806    0.00430274726655829540
3865.0 0.356294847623465083    0.00446039727678482212
3878.0 0.402684118069640384    0.00457614420809920267
3891.0 0.431985435606081936    0.00462597026718023809
3904.0 0.431665684536807315    0.00462126604781022514
3917.0 0.439421103123260715    0.00468211655404442151
3930.0 0.429757145990455836    0.00473186453074950567
3943.0 0.463798397423464792    0.00479231924750756193
3956.0 0.456443148845467217    0.00457681394582469883
3969.0 0.417183934055192440    0.00438831511717256272
3982.0 0.385290261807624657    0.00426774796302111740
3995.0 0.362442861557448037    0.00412252945941550802
4009.0 0.368704621950159794    0.00405240323104985416
4022.0 0.390049549639796711    0.00415478209536991258
4036.0 0.422473315720716502    0.00417673529881962182
4049.0 0.446092104968666414    0.00416869353417713157
4062.0 0.450642220275009109    0.00423732468236640361
4076.0 0.451725491040360916    0.00421177509248364494
4090.0 0.439205556137931052    0.00410719798399268327
4103.0 0.419787247527614815    0.00396635888235642720
4117.0 0.407581549810548227    0.00389449754011470537
4131.0 0.387806393640337754    0.00382119445770567976
4144.0 0.380201760169820435    0.00376268812906573047
4158.0 0.384357699827410804    0.00376406381841382304
4172.0 0.386990505320223388    0.00387655069227219647
4186.0 0.385656044043283963    0.00382262794397945005
4200.0 0.352922200566838540    0.00372804586523840407
4214.0 0.341221170983863065    0.00369579245374267867
4228.0 0.308476865758949392    0.00352054075824269428
4242.0 0.293637746861898974    0.00348963507648873293
4256.0 0.272208191370000019    0.00339969917425166947
4270.0 0.252061315249257067    0.00329798983830518252
4284.0 0.240450660714227382    0.00320298490791264814
4299.0 0.230024547834629417    0.00310123449495656144
4313.0 0.240521721235277763    0.00313958987584312494
4327.0 0.243175451200177445    0.00316590042859971098
4342.0 0.249226204652860051    0.00322984680797962090
4356.0 0.258059911976144973    0.00322697793966715551
4371.0 0.262164024910300608    0.00315217384948664843
4385.0 0.275836938290872802    0.00320661146106914407
4400.0 0.284367419939140997    0.00324843061309150732
4415.0 0.285135328188943771    0.00321880378512360253
4429.0 0.292486986663543225    0.00321194287183611650
4444.0 0.301570314391260585    0.00323385883341604109
4459.0 0.303341978934935197    0.00321574024649746992
4474.0 0.321169684827588231    0.00325504293509680867
4489.0 0.327649189480058112    0.00325838963901444898
4504.0 0.334502332741687114    0.00326825849358638272
4519.0 0.336310759092906419    0.00325706339710669836
4534.0 0.332911042119126976    0.00321493308796368896
4549.0 0.314052609436355712    0.00315472637161760871
4564.0 0.306763810639695822    0.00311262220049847134
4579.0 0.307324362111245919    0.00312818063007811852
4594.0 0.322478809195907212    0.00314644502903153617
4610.0 0.320935208360836943    0.00313392219824445723
4625.0 0.306845355301037126    0.00310118418440226331
4640.0 0.279694826979872524    0.00300806867841034182
4656.0 0.259683006922078408    0.00292530533507210028
4671.0 0.253231036929032816    0.00292543960506410489
4687.0 0.254125610865256368    0.00291863346416847613
4703.0 0.241362139376668478    0.00288806500326356606
4718.0 0.232068921997677480    0.00286899577680039663
4734.0 0.218391740510817833    0.00286315619496786428
4750.0 0.206701343668355325    0.00289027149339028287
4766.0 0.206406702154633664    0.00301720736045413664
4781.0 0.217473888099254636    0.00324204982410169215
4797.0 0.220942124424833020    0.00346499087060112790
4813.0 0.206564995869419316    0.00361315463146104354
4829.0 0.186494863508192887    0.00372131892991774387
4846.0 0.173952025310045999    0.00375566022099548848
4862.0 0.172664130085197126    0.00374835687009039686
4878.0 0.177033058343886024    0.00368975882200128216
4894.0 0.195053645690795252    0.00367200805892895898
4910.0 0.189551125233529433    0.00363621582132754931
4927.0 0.185816627774099963    0.00322433833500516617
4943.0 0.184982451732467024    0.00327521292332131481
4960.0 0.173650333613358798    0.00326407238922655270
4976.0 0.164751337408492293    0.00364406220569654399
4993.0 0.167881813022425969    0.00340112698390281597
5009.0 0.166499195816125350    0.00333766383336305027
5026.0 0.174229940989749199    0.00331797149577186395
5043.0 0.193773108467030941    0.00333116830711822432
5060.0 0.204444636199550223    0.00325852541779597226
5076.0 0.211165867439146282    0.00313277548352581181
5093.0 0.230043797570682496    0.00304475400797271385
5110.0 0.240077776121327913    0.00294038291705445501
5127.0 0.243115311892032893    0.00284514701870018042
5144.0 0.232480762061734542    0.00270462507357128795
5162.0 0.229714917552295533    0.00260922327099055067
5179.0 0.230400285257424065    0.00251021819354362583
5196.0 0.235094363958946617    0.00246426935845150876
5213.0 0.224515389908240048    0.00234168621674488457
5231.0 0.203479837004993502    0.00220463103488077955
5248.0 0.175037258474824930    0.00207751377560551819
5266.0 0.150681599617014134    0.00194282213786681961
5283.0 0.144631880586677891    0.00185544827175356192
5301.0 0.147366028523239240    0.00183571335077203262
5318.0 0.151534782019869113    0.00183015253754979855
5336.0 0.155640810327041579    0.00182394890448475178
5354.0 0.161926734611035683    0.00182565651525478170
5372.0 0.163666352995194747    0.00193101697631862341
5390.0 0.169783646561354001    0.00210264268702865451
5408.0 0.160916202752373505    0.00170030665121750912
5426.0 0.150131302757251672    0.00162883790640052642
5444.0 0.135354309699401543    0.00154818378279029749
5462.0 0.132530205276191693    0.00151489131464659890
5480.0 0.133322872072335841    0.00149389382189568177
5498.0 0.157142859262850737    0.00153279906530946275
5517.0 0.173848863282861615    0.00154332196220263338
5535.0 0.183424773755144460    0.00154227597724978529
5553.0 0.191624698124720466    0.00154909304376554769
5572.0 0.194705612851097387    0.00155148976111517249
5590.0 0.203369150367069262    0.00154638427368034037
5609.0 0.204450852020818363    0.00152070489676554691
5628.0 0.203214099830575062    0.00151674335348649277
5647.0 0.194615393218795729    0.00147166786128611845
5665.0 0.191218619806184514    0.00145472714256648298
5684.0 0.186540487858507437    0.00147509738269160353
5703.0 0.184507218872197926    0.00139497012870756646
5722.0 0.174371930368643596    0.00135693308530206885
5741.0 0.174243903453478149    0.00133812939718118569
5760.0 0.173228340597133879    0.00131272353778172086
5780.0 0.171945018287916224    0.00129021320445199365
5799.0 0.172204492596344183    0.00127621472502411444
5818.0 0.175281457446247318    0.00125388579364673963
5838.0 0.179005207395356247    0.00125291462586906636
5857.0 0.181007682483634719    0.00125367963695445614
5876.0 0.174380552526791271    0.00121384528478812696
5896.0 0.174907881311823943    0.00119458926661517397
5916.0 0.172838312181172377    0.00117736355731785512
5935.0 0.172654115568347755    0.00117717269083583145
5955.0 0.171814114955597619    0.00117020582456617219
5975.0 0.168177102789544897    0.00115048380915857835
5995.0 0.164211202600429179    0.00112820274344435016
6015.0 0.156158706210879711    0.00110930334291046723
6035.0 0.152208499006887349    0.00108557363497897483
6055.0 0.138508797455412391    0.00104267366406140573
6075.0 0.111214783920491236    0.00112620163827463287
6095.0 0.082893057178529864    0.00087268942990728496
6116.0 0.066236806971174914    0.00078464801279141418
6136.0 0.059727520734347797    0.00082126001947681749
6157.0 0.062582309467150099    0.00076507993705480506
6177.0 0.079674817578970783    0.00080114426089288970
6198.0 0.098769400958824971    0.00084529467860948286
6218.0 0.112171124574851261    0.00087230073555890600
6239.0 0.125875294865602921    0.00091680826890981571
6260.0 0.132688873049475686    0.00090966788639594532
6281.0 0.136276210453947194    0.00092459156715817426
6302.0 0.140648926306664424    0.00092193554698514698
6323.0 0.136722322702658106    0.00090208926125965011
6344.0 0.135275376055548624    0.00089234390795286283
6365.0 0.131095784016845435    0.00086422004202460663
6386.0 0.128614194635199103    0.00085011135968885560
6407.0 0.125293301194989964    0.00083209272016882376
6429.0 0.119385523036466226    0.00081556610267471236
6450.0 0.116621865210838935    0.00080241979624281513
6471.0 0.113373028549399749    0.00078453614199436360
6493.0 0.109216459340939973    0.00076223061656535370
6515.0 0.107657507615436757    0.00075414171709910552
6536.0 0.104512934232840637    0.00074629049472164195
6558.0 0.103677178698712166    0.00074887862985846348
6580.0 0.099204351571678201    0.00074982714352747669
6602.0 0.096897364979633929    0.00075263604737470019
6624.0 0.095538518317386370    0.00078694678737011470
6646.0 0.092257667843517133    0.00075644107432932151
6668.0 0.089921985682210145    0.00073011657904881091
6690.0 0.088073350156403274    0.00070161548546592521
6713.0 0.086730618599761278    0.00068459258001709840
6735.0 0.082622229963737331    0.00066310377993725178
6757.0 0.079164004534205565    0.00064396268770905397
6780.0 0.077212541851924901    0.00063096661213260345
6803.0 0.076726549909499023    0.00063025244986087911
6825.0 0.074448098711606639    0.00061726681947809811
6848.0 0.070766722115567310    0.00060559534724950726
6871.0 0.072504222023762263    0.00060174022395189275
6894.0 0.068537683305093772    0.00059229073162590557
6917.0 0.066661411563783510    0.00058860786091621700
6940.0 0.065144979497412270    0.00058428396157241577
6963.0 0.063620527580867323    0.00057304484007924639
6986.0 0.061965573137821257    0.00065911854730812676
7009.0 0.059442529663455694    0.00060060093468153905
7033.0 0.059413117385090822    0.00063039780623873548
7056.0 0.056727211599825370    0.00060389413893700524
7079.0 0.055730844763122941    0.00060972309041434480
7103.0 0.055661896271616995    0.00059382720587496790
7127.0 0.054445351715983852    0.00055719701380106440
7150.0 0.055153828466575856    0.00055533897083795240
7174.0 0.052949066194065066    0.00054141857733631992
7198.0 0.051634860513434765    0.00052678251929958700
7222.0 0.052770125876498784    0.00055007055775246850
7246.0 0.050856546197982869    0.00051836019608477693
7270.0 0.050581026035230459    0.00054594139471263853
7295.0 0.047361648734318362    0.00051728454313266375
7319.0 0.044901520340417028    0.00054204486676737477
7343.0 0.042701805138792501    0.00076597440366551453
7368.0 0.041214432040420260    0.00063977454154886604
7392.0 0.039489881402517323    0.00052727530711096200
7417.0 0.037220989945297600    0.00047837566915931288
7442.0 0.033980152325049334    0.00056190901926680612
7466.0 0.030583112479162951    0.00048862460477743820
7491.0 0.031912667533191920    0.00053209953909695443
7516.0 0.033043697840399691    0.00052013156659198856
7541.0 0.032728456880061430    0.00053432794869543332
7566.0 0.032497199654893581    0.00051930617481101113
7592.0 0.034130819657131842    0.00057754481799636448
7617.0 0.033094365131551812    0.00050857468294226754
7642.0 0.034986298609131578    0.00059938055950522963
7668.0 0.033432056477593973    0.00048943867755160057
7693.0 0.033414344078865024    0.00054591981329770974
7719.0 0.035588229212287013    0.00053579145304986637
7745.0 0.036404560707873339    0.00053728952097998391
7770.0 0.037693935130766319    0.00050046715763509887
7796.0 0.039016994129138526    0.00047775100039124601
7822.0 0.040022401878086242    0.00048769397453948175
7848.0 0.040854137744582061    0.00048159346781216964
7874.0 0.038241054781404785    0.00047081326725880416
7901.0 0.035331497887369612    0.00045874741901621161
7927.0 0.032745935936041130    0.00044287849227979479
7953.0 0.030592156754226153    0.00043961326497673624
7980.0 0.028897631384993547    0.00048550607376405549
8007.0 0.027646310270231150    0.00059199453316744247
8033.0 0.025446566223924126    0.00043792354065158606
8060.0 0.028749343233186352    0.00062818024230176122
8087.0 0.025441831004958001    0.00047292546758962372
8114.0 0.028649501962222660    0.00057002109300453082
8141.0 0.032434684427545928    0.00057311596071642440
8168.0 0.027074705632242419    0.00053849290984872599
8195.0 0.023965444189799304    0.00046709567426948535
8222.0 0.021523828569675579    0.00040822577291747385
8250.0 0.022208669168218433    0.00042181997305010168
8277.0 0.025286393047746557    0.00040969980129015393
8305.0 0.026563800849306689    0.00044115575110137027
8333.0 0.026208026938286891    0.00051676432836223266
8360.0 0.027251986489949396    0.00052585629770846595
8388.0 0.030052450525766699    0.00045441435441241130
8416.0 0.036999905521431488    0.00044722890870083038
8444.0 0.039325985691690817    0.00055209932553942291
8472.0 0.043361133991276286    0.00067354338757873785
8500.0 0.041072156476943011    0.00050782625864979729
8529.0 0.043651914565552452    0.00072144862382004734
8557.0 0.043846784969571777    0.00056003119394438833
8586.0 0.043525720037772372    0.00064125524670206413
