#@Telescope UH88 
#@Reference Saunders et al. (2018) 
#@Redshift 0.0  
#@Spectrum Train_SN101_2.dat 
#@SN-Name Train_SN101  
#@Phase 4.286 
#@Survey SNFactory 
#@SN-Type SNIa 
#@Units Flux 
# 
# WAVE : 
# SN_SPEC : 
# SN_ERR : 
#end 
3305.0 0.082773560410787164    0.0126787178701460550
3317.0 0.073550375152068442    0.0126941077704022642
3328.0 0.055345377310427296    0.0120882417380302042
3339.0 0.076994460491076916    0.0118156754932080606
3350.0 0.053540229957931680    0.0111187551149325159
3361.0 0.061760166608834655    0.0112199649469292527
3372.0 0.076556609880085183    0.0114002809823795827
3383.0 0.097097529926630510    0.0113565893269621156
3395.0 0.056855865805724520    0.0108013570165968811
3406.0 0.051163331994742663    0.0101812956906863067
3417.0 0.074226197217334297    0.0105221952275211701
3429.0 0.069511993833557786    0.0106258772310763097
3440.0 0.066609356982660642    0.0099722369032225772
3452.0 0.084948200413853286    0.0099075620554715856
3463.0 0.076367980099535493    0.0097872507152342234
3475.0 0.108416587165959935    0.0098219248557998868
3486.0 0.101097697118458743    0.0091096058354064834
3498.0 0.100426471256152519    0.0091649373085957442
3509.0 0.125371697395801202    0.0094591016297947902
3521.0 0.131665400652546699    0.0094970161687902028
3533.0 0.120290276804950302    0.0094540542706877933
3545.0 0.121194096361416467    0.0091949801551129001
3556.0 0.124777719600765155    0.0089005647043992955
3568.0 0.124205737287392051    0.0087029947194941157
3580.0 0.105239640190725653    0.0080777507803496528
3592.0 0.105692645246273961    0.0078943770595025463
3604.0 0.138104370001496196    0.0081764537327204210
3616.0 0.139083435767441060    0.0079328863110590640
3628.0 0.126765634698833646    0.0076688397705159932
3640.0 0.117194263016477784    0.0076571396098356562
3652.0 0.109308566726223869    0.0078101606030164632
3664.0 0.116828517346788147    0.0080717637746347323
3677.0 0.081933634011562520    0.0073214918343336138
3689.0 0.077948174222077268    0.0069080203761357649
3701.0 0.083496141698669438    0.0073232876217536342
3714.0 0.085128524296332608    0.0068964154944011315
3726.0 0.067370178981720430    0.0068181856075954089
3738.0 0.080019839582835942    0.0073033213585102586
3751.0 0.081932607046610359    0.0072920893366514045
3763.0 0.087641429757381220    0.0073332470515213204
3776.0 0.095584895173837156    0.0074994660030546006
3788.0 0.090278549089285523    0.0074326818658447015
3801.0 0.114237760942298525    0.0071940451074723744
3814.0 0.118936678832556500    0.0069032468764972871
3826.0 0.137081040035560708    0.0070415596536553297
3839.0 0.153409829784284996    0.0069978950038410018
3852.0 0.181714324185755699    0.0072857180482514636
3865.0 0.185915858434562709    0.0074667846274176696
3878.0 0.216056839690242364    0.0078458079785349230
3891.0 0.241893693413975014    0.0078835355338163788
3904.0 0.255660989529331972    0.0077925062185790492
3917.0 0.252969904829096814    0.0075519740712711664
3930.0 0.212225976324713239    0.0071827554775262233
3943.0 0.198264810695871402    0.0068821734273473833
3956.0 0.193940609022176941    0.0067994012128428719
3969.0 0.177738869529794452    0.0065249155897846691
3982.0 0.177741295199709493    0.0065832754495394920
3995.0 0.169386683133157218    0.0064647796629507554
4009.0 0.190097604022632816    0.0064211939260899794
4022.0 0.187601321392254383    0.0063969840876892618
4036.0 0.195837522324666669    0.0063038517948689294
4049.0 0.202062284794047392    0.0064245327185917054
4062.0 0.231862791598632684    0.0066090499970307285
4076.0 0.233224257815269398    0.0066550684898897044
4090.0 0.241954006967989466    0.0066880225090236878
4103.0 0.243645860280189447    0.0064917479897122678
4117.0 0.244403300433193277    0.0064503483692551870
4131.0 0.238961192245959436    0.0064469949604345723
4144.0 0.216413531936229420    0.0063829411042034510
4158.0 0.219768815525335087    0.0064436218403401508
4172.0 0.218156479634955658    0.0064045336880917611
4186.0 0.211485032892126473    0.0062966836253448488
4200.0 0.204967740499061246    0.0061929029450783369
4214.0 0.206213012995186878    0.0062373918994222347
4228.0 0.207404336036799253    0.0061647505980921844
4242.0 0.179371831915481950    0.0059391272960238016
4256.0 0.174763907346441399    0.0058985193762487965
4270.0 0.156138885243145176    0.0056767638267013329
4284.0 0.143931410010368604    0.0054867225974501582
4299.0 0.136230181000224965    0.0053428078809713737
4313.0 0.125233353469286213    0.0052355480992645467
4327.0 0.120771015648711455    0.0052214140717225426
4342.0 0.112861820542596691    0.0051656273975938484
4356.0 0.128991961277546974    0.0052172705805353832
4371.0 0.130991269641986013    0.0051018795885322274
4385.0 0.122554019093062738    0.0050817763978716077
4400.0 0.141931085425918868    0.0051993284661606054
4415.0 0.158261148238505428    0.0052121623909632707
4429.0 0.170653647146674192    0.0053096296702325454
4444.0 0.172645624325575120    0.0053742395653394899
4459.0 0.177461601267457553    0.0052846391157889997
4474.0 0.196767704667872217    0.0054300026901784827
4489.0 0.208945197685748929    0.0054759152191723500
4504.0 0.231674850809689942    0.0055938563188914362
4519.0 0.232120536904893399    0.0055934442161352767
4534.0 0.206839669262020243    0.0054058401463630921
4549.0 0.208429476639359568    0.0053429490131227482
4564.0 0.222354284136044161    0.0053769251372021657
4579.0 0.212703096219078014    0.0053705361165007782
4594.0 0.192646499993576970    0.0052381181168697725
4610.0 0.199600520218375765    0.0052952901878341729
4625.0 0.180482280570096243    0.0052487588819658442
4640.0 0.167917247088640587    0.0052153783896231121
4656.0 0.167497491305819673    0.0052924776457857264
4671.0 0.151940032688045956    0.0053196600451512451
4687.0 0.144712590081090109    0.0055119984326227568
4703.0 0.124081075992730647    0.0056452502531578359
4718.0 0.137187925335694350    0.0061616937500764682
4734.0 0.137049603938997205    0.0065612252776299984
4750.0 0.135321074590285695    0.0069287243253854519
4766.0 0.128948745457837688    0.0072048794250246127
4781.0 0.121077940487113414    0.0062826344913878120
4797.0 0.116147684573135485    0.0060357803141199099
4813.0 0.098972948322786816    0.0057641115409802178
4829.0 0.097299981416722525    0.0098868602658949423
4846.0 0.086357693235835989    0.0092652863155615727
4862.0 0.114653153926093515    0.0082640196491993584
4878.0 0.103577176859503725    0.0068122782918167450
4894.0 0.113986668798475271    0.0059976313409389010
4910.0 0.107643835769104426    0.0056142177488848225
4927.0 0.102270966196362195    0.0055226061251941279
4943.0 0.102959637359810632    0.0054132167548292332
4960.0 0.100310528691143167    0.0051727862753362603
4976.0 0.097786396650505703    0.0049251884256656560
4993.0 0.101657670720802618    0.0047091389542830648
5009.0 0.097224040187635516    0.0044371909986817100
5026.0 0.113782484039205919    0.0042867218778668064
5043.0 0.109677396561496818    0.0040962302589645895
5060.0 0.123115430947490362    0.0040662744160072390
5076.0 0.123764878628038172    0.0039660407813305511
5093.0 0.129890875996421323    0.0038710443304537266
5110.0 0.152360331251970016    0.0038891496513679367
5127.0 0.151032730589058750    0.0037872505165753127
5144.0 0.160229543014443310    0.0037357126497740648
5162.0 0.163209803137748355    0.0037164892752134461
5179.0 0.161298241758958433    0.0035908549078882000
5196.0 0.144803374040761518    0.0034846184933625414
5213.0 0.152250939648672784    0.0036534333270937156
5231.0 0.130456615727226388    0.0043323604205164502
5248.0 0.117878794030088732    0.0031400041318000891
5266.0 0.110999356780843633    0.0030103284203575496
5283.0 0.103705451494682688    0.0028820220514761152
5301.0 0.105177065178178430    0.0028559357493111092
5318.0 0.115057909167303699    0.0028614260896814071
5336.0 0.110891083823688591    0.0028268130974130712
5354.0 0.107569984418766168    0.0027538413323965161
5372.0 0.110515575325637827    0.0027257350782066980
5390.0 0.105890071872430935    0.0026032623616335971
5408.0 0.107454394706283388    0.0025592141610289755
5426.0 0.095838836711209172    0.0024324357133830394
5444.0 0.088859229226045361    0.0023925866514675925
5462.0 0.099141396076492319    0.0024239363517756861
5480.0 0.098495084337727482    0.0023847217807868018
5498.0 0.108755604997274699    0.0024441544698248210
5517.0 0.120739153721356435    0.0027400466827750417
5535.0 0.118344793849744265    0.0024451557572253441
5553.0 0.131034566501604888    0.0024653136551690867
5572.0 0.130920282606075938    0.0024567609248107507
5590.0 0.136814709330445011    0.0024315469333162560
5609.0 0.133320307418274525    0.0023598908717508446
5628.0 0.130504571058252139    0.0023303302060703928
5647.0 0.133652589557955420    0.0022886819683255442
5665.0 0.129564236919389841    0.0022303665069943325
5684.0 0.127632810274959069    0.0021873183810847954
5703.0 0.121195092017902711    0.0021231940070973198
5722.0 0.113592529921494489    0.0020755441507091248
5741.0 0.114856680774551370    0.0020399828601772520
5760.0 0.113598941935737982    0.0020182773799510643
5780.0 0.111266275309702109    0.0019927700104435757
5799.0 0.120020078004940620    0.0020148262237771044
5818.0 0.118967107603837149    0.0019828131194264006
5838.0 0.127343396051982027    0.0020352490906100210
5857.0 0.127142436919004509    0.0020324561380836272
5876.0 0.125274214415390606    0.0019801455204264346
5896.0 0.121184103726168016    0.0020262606491052268
5916.0 0.123856829619324496    0.0019248251045653113
5935.0 0.121126606594109579    0.0018919983466921940
5955.0 0.114645660024891030    0.0018776375810438711
5975.0 0.098379029919633265    0.0017479891195778621
5995.0 0.079859958116405574    0.0015993362777564977
6015.0 0.064603535102960380    0.0014815340771122234
6035.0 0.053003357261435721    0.0014242342810776006
6055.0 0.034848246184706028    0.0013617017805235214
6075.0 0.034142075874046524    0.0012951926119723928
6095.0 0.035868710270053408    0.0013144939266169437
6116.0 0.030256077076032280    0.0012656394523807937
6136.0 0.036773697645995439    0.0012990837658425141
6157.0 0.047368248631517236    0.0013398177754243262
6177.0 0.055038760550726415    0.0013688033369876687
6198.0 0.074478629607540633    0.0014340947591167527
6218.0 0.087659039912643066    0.0014752773324961280
6239.0 0.091573525496933247    0.0014836091125179879
6260.0 0.096477980073265010    0.0014851917269008959
6281.0 0.097570102901256478    0.0014903520747688247
6302.0 0.098821339102860561    0.0014760313213005513
6323.0 0.104391146342565105    0.0014867891719191233
6344.0 0.099573219549502989    0.0014624984807628265
6365.0 0.096643744370227908    0.0014259955339551659
6386.0 0.097728925780351805    0.0014439218266825051
6407.0 0.092966210844150951    0.0014742382740972851
6429.0 0.089964564116300064    0.0015284025163318172
6450.0 0.091165988861112879    0.0015031377580843120
6471.0 0.086388758647739358    0.0014404853081232036
6493.0 0.088957994531599888    0.0013991190528921536
6515.0 0.086090480473177217    0.0013795354654465640
6536.0 0.081241455723202197    0.0013498587919255111
6558.0 0.080174022001303469    0.0013126323636818570
6580.0 0.076151002524456154    0.0012858094396459646
6602.0 0.072294177663726464    0.0012688851949372777
6624.0 0.072263708507334171    0.0012550530721477597
6646.0 0.066841890511075808    0.0012169486704822811
6668.0 0.064313438482004423    0.0011848994549548597
6690.0 0.059702194612464551    0.0011654897660019758
6713.0 0.060510141941998927    0.0011542082861688567
6735.0 0.060414614137109898    0.0011448933132803137
6757.0 0.056970257079111741    0.0011233014409069853
6780.0 0.060490162153415662    0.0013610322074084291
6803.0 0.054528359485019648    0.0011973639396665587
6825.0 0.055109950915807386    0.0013163617731630172
6848.0 0.054076527563430003    0.0012460703544199189
6871.0 0.054746819458083684    0.0012666553457691089
6894.0 0.051428765909202645    0.0012051590998288118
6917.0 0.048006929164944041    0.0011389265959098130
6940.0 0.046638776602781026    0.0011233359223931409
6963.0 0.046691725724030859    0.0011016323461689405
6986.0 0.045331226897342737    0.0010521553509469056
7009.0 0.044683091935800501    0.0011123823706229608
7033.0 0.046069862090442337    0.0010392415078182638
7056.0 0.042959751293807906    0.0011036984327991749
7079.0 0.043322147646785283    0.0010358475909790046
7103.0 0.039942024902461251    0.0010711163686642361
7127.0 0.038745440265575637    0.0017086793282543443
7150.0 0.040363914101757901    0.0013762699903710170
7174.0 0.037381188240416044    0.0011142582845049714
7198.0 0.038336088706318688    0.0009978105507320756
7222.0 0.036857160157246056    0.0012299940226662496
7246.0 0.040721529150156512    0.0010871510380393984
7270.0 0.035878007278493301    0.0011863849458193462
7295.0 0.036468613626867152    0.0011529788645552516
7319.0 0.030654725728747691    0.0011738812354049103
7343.0 0.028980822135423735    0.0010746511824887355
7368.0 0.024657099694141264    0.0012294660346360113
7392.0 0.023561785829868082    0.0010818092572128912
7417.0 0.025678862431602702    0.0012426925591388189
7442.0 0.024462470904691440    0.0010099014743824770
7466.0 0.020837293227394589    0.0011159021633012462
7491.0 0.022744399424496180    0.0011055973587141021
7516.0 0.024392872263696588    0.0010991643395059998
7541.0 0.025641815171665149    0.0009628501786556743
7566.0 0.025409111374671833    0.0009357353089660589
7592.0 0.023766910978473783    0.0009421396742286507
7617.0 0.025359787437826471    0.0009125020205630690
7642.0 0.026211471760386001    0.0009141688096336601
7668.0 0.023823386042350493    0.0008957799007549269
7693.0 0.026202322821749609    0.0008958554393238581
7719.0 0.024736962271909895    0.0008979875715771900
7745.0 0.025259090778658830    0.0009683666207997467
7770.0 0.028061234905555617    0.0013298890237532018
7796.0 0.029681490896725182    0.0009753184103804344
7822.0 0.028363694317725573    0.0013981606937466654
7848.0 0.029101793280467591    0.0010693474441538658
7874.0 0.028861803650856846    0.0012717412789283546
7901.0 0.029940023900562249    0.0012288158669791528
7927.0 0.032092016697257489    0.0012251130850870753
7953.0 0.028057901292969169    0.0010172949278395627
7980.0 0.025774806184438431    0.0009780723007537446
8007.0 0.025995436510472824    0.0009755387962615001
8033.0 0.021836635947025930    0.0008745405334834424
8060.0 0.020500824843527519    0.0009362203493132902
8087.0 0.017833699988685222    0.0012780323268220472
8114.0 0.015288340575485601    0.0012998132616634254
8141.0 0.013701660606500139    0.0009467617287525898
8168.0 0.009782862090923324    0.0007867420841222506
8195.0 0.009999086421931971    0.0009727254481180813
8222.0 0.010217117669667673    0.0014256179337039114
8250.0 0.010944588024608270    0.0008508679259871816
8277.0 0.011747254305062276    0.0015118488492926322
8305.0 0.015230986070368607    0.0010453247298073348
8333.0 0.016666817404867289    0.0013620283681570152
8360.0 0.019113204445678562    0.0013180625538002733
8388.0 0.019627857193766602    0.0013272658022156442
8416.0 0.022740453119346041    0.0010706636937336271
8444.0 0.028097076739801007    0.0011154578898726838
8472.0 0.028376426737927660    0.0011023632890949854
8500.0 0.030401428216797793    0.0009955840956409991
8529.0 0.032131465911787928    0.0010702860198539405
8557.0 0.036291983529819896    0.0010204952905273851
8586.0 0.033588185330996022    0.0010671043351051534
