#@Telescope UH88 
#@Reference Saunders et al. (2018) 
#@Redshift 0.0  
#@Spectrum Train_SN22_14.dat 
#@SN-Name Train_SN22  
#@Phase 13.959 
#@Survey SNFactory 
#@SN-Type SNIa 
#@Units Flux 
# 
# WAVE : 
# SN_SPEC : 
# SN_ERR : 
#end 
4976.0 0.0306792290531442864    0.00477224513670709057
4993.0 0.0306238652340400618    0.00413678412254968320
5009.0 0.0237595119822108305    0.00326011289440489207
5026.0 0.0276569544442903485    0.00261943172924100805
5043.0 0.0318784987054171465    0.00237934461469741475
5060.0 0.0290788592556786157    0.00231186747335862704
5076.0 0.0290392463511866192    0.00227147968865116893
5093.0 0.0286698940972408139    0.00219545376438145179
5110.0 0.0262875277946111874    0.00206919881919903322
5127.0 0.0321881819192650978    0.00195148153553852382
5144.0 0.0308423818774771277    0.00187789921169190005
5162.0 0.0324896835800068673    0.00179459888598666739
5179.0 0.0343340149873795006    0.00170028144606722818
5196.0 0.0421836842359999201    0.00167972513972766474
5213.0 0.0485629179496898239    0.00164822253804233765
5231.0 0.0528585689934837483    0.00158318347975626244
5248.0 0.0593947849348944734    0.00156258865475863507
5266.0 0.0593305179802025573    0.00150619798066647112
5283.0 0.0636447348106758820    0.00146026549861258902
5301.0 0.0645183073638809224    0.00143861205523375326
5318.0 0.0607516228874293712    0.00140043260622708357
5336.0 0.0584148174037403475    0.00138114597938071007
5354.0 0.0600227674698408792    0.00135910255278368368
5372.0 0.0607300175265913164    0.00133372211312756642
5390.0 0.0682418065627088816    0.00132298645693007988
5408.0 0.0740444279646928771    0.00131154065449261953
5426.0 0.0754835505766371234    0.00139920870694555731
5444.0 0.0759113947644729503    0.00127123576572646282
5462.0 0.0752463280408456614    0.00125236106310965185
5480.0 0.0750950928783322008    0.00122708517382278792
5498.0 0.0745497018832250169    0.00118830922660828533
5517.0 0.0688195340547404499    0.00113590093501504024
5535.0 0.0700011936835009535    0.00111026816180183948
5553.0 0.0666092310144559968    0.00108507707003083946
5572.0 0.0631376128381614943    0.00107630433908230362
5590.0 0.0601646163229424755    0.00104458778343178150
5609.0 0.0552268934470098796    0.00100276596683273743
5628.0 0.0505654701888595126    0.00098068769202654701
5647.0 0.0459215048232552644    0.00095654237633029679
5665.0 0.0437760098924015531    0.00093957889548086160
5684.0 0.0420893901740554133    0.00092258871280239362
5703.0 0.0386257423109471962    0.00089218193164288158
5722.0 0.0346560196196873949    0.00087629126021097523
5741.0 0.0354222701453079589    0.00087357487612178190
5760.0 0.0368602372447271384    0.00085360380588527364
5780.0 0.0350666709147354275    0.00083774192336644854
5799.0 0.0358271052616148944    0.00083067219972274612
5818.0 0.0390441416835308058    0.00081902172923529386
5838.0 0.0424953200635049405    0.00081990946777866505
5857.0 0.0475472037676506684    0.00082452875619641965
5876.0 0.0538845693327754185    0.00082683389177521337
5896.0 0.0522502293546260668    0.00080884524887469774
5916.0 0.0513739207361612812    0.00079718103248532389
5935.0 0.0473129487351257663    0.00078064580433054873
5955.0 0.0461122978029215036    0.00077186676636070044
5975.0 0.0434576349778590665    0.00076067630131401167
5995.0 0.0416008800526751765    0.00073926051605177851
6015.0 0.0392351940135382618    0.00072622268904176028
6035.0 0.0350349688060113545    0.00070821566972195302
6055.0 0.0324736839756458173    0.00069212817369039819
6075.0 0.0263006527113239588    0.00065630127210741123
6095.0 0.0235971803345317380    0.00063400008310740021
6116.0 0.0177601778970773172    0.00061520020749052334
6136.0 0.0173916379951548419    0.00061749088724141060
6157.0 0.0186121357608673536    0.00059962908740889584
6177.0 0.0204448712813800719    0.00060241425891455094
6198.0 0.0224120256594491918    0.00060502404566140891
6218.0 0.0258097459450166260    0.00060252250976262098
6239.0 0.0277966703791386362    0.00060260097809569397
6260.0 0.0322113145068945936    0.00060575581515512887
6281.0 0.0354585662733434281    0.00061347095925576626
6302.0 0.0397189145843979546    0.00061999098704195138
6323.0 0.0441552522118086946    0.00062410700454053846
6344.0 0.0490746220557213148    0.00062897051525495390
6365.0 0.0509058489044669632    0.00062623241121339114
6386.0 0.0522710787581937633    0.00061482094029331237
6407.0 0.0550771642155313199    0.00062058315188226010
6429.0 0.0553790878268582698    0.00061942660967392394
6450.0 0.0551519471584998866    0.00061592858009309613
6471.0 0.0547544316140716608    0.00060689433940518589
6493.0 0.0558511197220207672    0.00059920105471216421
6515.0 0.0539601493148019265    0.00059181108366293620
6536.0 0.0534066130739731318    0.00058784707966811722
6558.0 0.0488866264078267124    0.00057910334774229912
6580.0 0.0467708328567442710    0.00057037667790208824
6602.0 0.0420614043007630847    0.00055417934031215033
6624.0 0.0383978442457693150    0.00054385184543115968
6646.0 0.0376347976217880839    0.00054237203419832186
6668.0 0.0338037913491870401    0.00052304961746541846
6690.0 0.0299008304523543413    0.00054837308379516623
6713.0 0.0291540336127195723    0.00052144708247792214
6735.0 0.0262103228649777954    0.00049113795070302444
6757.0 0.0263318622319471465    0.00048446050818771986
6780.0 0.0243447691389387898    0.00047784264111799731
6803.0 0.0242734143823953794    0.00047165865784833241
6825.0 0.0230012312028537967    0.00046098088718510559
6848.0 0.0218406265123441967    0.00046006094141192323
6871.0 0.0215066226229729436    0.00045614563716617407
6894.0 0.0214620282508791796    0.00045566715788663225
6917.0 0.0213414293981555210    0.00045255745091918873
6940.0 0.0207270373105870286    0.00044819402316039115
6963.0 0.0213397452733871187    0.00044887715095786207
6986.0 0.0201730428769380625    0.00044487429345059623
7009.0 0.0194755346792323189    0.00044307714316933289
7033.0 0.0198046199823314582    0.00044384964897913894
7056.0 0.0191844365659317243    0.00045131422794791572
7079.0 0.0185600274031035052    0.00044866278356950063
7103.0 0.0196293374839006905    0.00044376285912653136
7127.0 0.0197997614368292871    0.00044713850914737013
7150.0 0.0220048020867553325    0.00044930142986999240
7174.0 0.0206902765797771053    0.00044114274071648744
7198.0 0.0213561948629150539    0.00043803522834961117
7222.0 0.0207169995867304280    0.00043144308474717152
7246.0 0.0202639967465711480    0.00043307820944293380
7270.0 0.0210355617653717013    0.00043790565182445589
7295.0 0.0225126012544735327    0.00044100987445461529
7319.0 0.0220425465631051386    0.00044564030592529738
7343.0 0.0225344134079982876    0.00044256830953423918
7368.0 0.0222034936506764514    0.00043672883646593493
7392.0 0.0235498637372927762    0.00058987233643676979
7417.0 0.0193235997841190513    0.00059488962127175683
7442.0 0.0161038104025017052    0.00051458826880163130
7466.0 0.0142104955459685812    0.00043415295138569666
7491.0 0.0139439638601522847    0.00041649232131161861
7516.0 0.0145669262591878353    0.00043346881787371944
7541.0 0.0166676805576633190    0.00043817151522382270
7566.0 0.0179255941165260904    0.00043147440119662128
7592.0 0.0183336214251132550    0.00044044901122937570
7617.0 0.0198416058706469590    0.00044200444424034467
7642.0 0.0209060051251428909    0.00045481916896195263
7668.0 0.0219788501775511312    0.00045272864408645177
7693.0 0.0204546353458853851    0.00044517089280198777
7719.0 0.0216286128878529355    0.00044381728690752573
7745.0 0.0205437024430264806    0.00044224636634514441
7770.0 0.0211443840120976861    0.00044834779838557514
7796.0 0.0202279239865460411    0.00044082575865231702
7822.0 0.0206871797824648117    0.00043966122253941332
7848.0 0.0191824862094196191    0.00043352554362249780
7874.0 0.0210861698077567279    0.00043361459201560800
7901.0 0.0200454148484086256    0.00043093213817611430
7927.0 0.0196748450144887121    0.00043187907966053054
7953.0 0.0170639446498386631    0.00042438792334954762
7980.0 0.0171586388666968188    0.00042340460960504629
8007.0 0.0163019417845265899    0.00041986746830187637
8033.0 0.0162111988176135285    0.00041843687536389021
8060.0 0.0147196584358176476    0.00043597483585874371
8087.0 0.0124057626832198772    0.00041974170098397790
8114.0 0.0089945810926113350    0.00041952020915056269
8141.0 0.0079672532905456072    0.00040563499241261339
8168.0 0.0071829988980885136    0.00041168141393804243
8195.0 0.0048099652507066822    0.00040583653547410166
8222.0 0.0038635532873230521    0.00038671498882655473
8250.0 0.0037393701440074263    0.00038677222912143967
8277.0 0.0041750135905633499    0.00038513644752054624
8305.0 0.0062709150993480508    0.00037633007298926727
8333.0 0.0061572771303501361    0.00038048616396876421
8360.0 0.0065706001168197416    0.00038124708012044357
8388.0 0.0090114230545702435    0.00040952830913202915
8416.0 0.0095490101208820146    0.00041689554803689681
8444.0 0.0119234018371676149    0.00041467573087638864
8472.0 0.0146219781204768116    0.00040934189702957429
8500.0 0.0174069943136035618    0.00041428698840157666
8529.0 0.0200408359775347891    0.00046318705064264437
8557.0 0.0214554438657420382    0.00044794967369702075
8586.0 0.0228067937060639700    0.00047672960848498805
