#@Telescope UH88 
#@Reference Saunders et al. (2018) 
#@Redshift 0.0  
#@Spectrum Train_SN71_2.dat 
#@SN-Name Train_SN71  
#@Phase 5.124 
#@Survey SNFactory 
#@SN-Type SNIa 
#@Units Flux 
# 
# WAVE : 
# SN_SPEC : 
# SN_ERR : 
#end 
3305.0 0.044349603413071474    0.0159516656886928981
3317.0 0.029707809631449641    0.0161310930609974354
3328.0 0.022501435657433559    0.0160028627755910355
3339.0 0.058394108535091173    0.0159412185414496907
3350.0 0.045561679151580860    0.0151631927849133000
3361.0 0.038873001211986259    0.0144727835033347241
3372.0 0.026853410783755031    0.0142004378106003939
3383.0 0.016278029990529960    0.0138506349673985577
3395.0 0.043126826297171586    0.0142025692536362144
3406.0 0.030194433263664690    0.0139029083304594760
3417.0 0.045241678172852309    0.0139554063743802075
3429.0 0.062511883356189096    0.0139215610108053053
3440.0 0.058886400785989966    0.0129807230704605363
3452.0 0.060366939478355322    0.0125175406547595250
3463.0 0.065902735136442361    0.0129321423875168370
3475.0 0.043391639186920621    0.0121818336605047945
3486.0 0.091596782765283172    0.0123473441190181023
3498.0 0.072099433120114922    0.0120565162847291601
3509.0 0.075363867190753553    0.0120888331735015016
3521.0 0.065003652308722543    0.0119517128601679505
3533.0 0.084663992388124859    0.0121569553601268074
3545.0 0.070595523758263806    0.0116926522289923923
3556.0 0.093222822786097559    0.0111903611516341959
3568.0 0.102693617827649963    0.0111102630468580144
3580.0 0.113624459702303934    0.0106272130420142479
3592.0 0.103450591191633343    0.0102536113250831906
3604.0 0.075871737109389131    0.0100761344373486213
3616.0 0.094021762781656762    0.0101379400541797490
3628.0 0.104984600117348670    0.0103039929787054514
3640.0 0.103990627276664277    0.0102062117427569737
3652.0 0.087365859808049437    0.0102710723688309059
3664.0 0.096229046516452241    0.0103103005753219044
3677.0 0.085387292869655074    0.0096740219431186939
3689.0 0.081078836651589450    0.0095190168847295743
3701.0 0.074104564383974100    0.0097229094424261479
3714.0 0.050845152816522944    0.0088496689465967556
3726.0 0.070922184699173524    0.0092528177487595821
3738.0 0.074763362486303137    0.0097311182929589006
3751.0 0.049757761139094830    0.0103564840251862515
3763.0 0.051520189601376748    0.0096887171594624115
3776.0 0.088994550612638390    0.0090719865808136443
3788.0 0.075220266770902058    0.0088765443603607205
3801.0 0.091929439588820536    0.0088525602480405297
3814.0 0.096724620860501181    0.0089475162460000892
3826.0 0.126746446741581614    0.0093342740666446274
3839.0 0.127960713879464449    0.0094386512797980712
3852.0 0.153157647846355660    0.0098211870693200552
3865.0 0.183961178987587043    0.0097797317127284716
3878.0 0.195164938743562860    0.0094304790575766000
3891.0 0.217096471250389778    0.0094087285468520652
3904.0 0.209780153115689316    0.0093198444617560890
3917.0 0.214394012056202926    0.0091459965050076399
3930.0 0.209198961351079044    0.0090214367918394489
3943.0 0.181327288116429314    0.0087013961234447181
3956.0 0.163528629470466119    0.0084895847226405304
3969.0 0.138912914982708857    0.0081188561383346621
3982.0 0.147266853424731253    0.0082149501321874853
3995.0 0.153110974752514173    0.0081321249700507230
4009.0 0.130741683296639599    0.0078527330463630685
4022.0 0.131689625906219965    0.0077479714558704128
4036.0 0.139477599217697340    0.0075598644923470619
4049.0 0.164797516877637940    0.0079043017562254354
4062.0 0.170504900623530464    0.0078862366039749218
4076.0 0.185738696173848999    0.0081071997526229941
4090.0 0.194691784289057285    0.0081379445256876456
4103.0 0.184969807838377381    0.0078310868554000400
4117.0 0.185106043005323295    0.0077942395205101217
4131.0 0.188007627699142893    0.0079239051602562841
4144.0 0.172913998007014985    0.0078482990875308831
4158.0 0.183532154159613686    0.0079894333988988781
4172.0 0.180626867107213179    0.0078510758792719303
4186.0 0.158012812816960141    0.0076834002653058450
4200.0 0.158505648022289947    0.0076198984919555032
4214.0 0.173493169953280818    0.0076716870687906589
4228.0 0.179489949127478954    0.0076644905789749404
4242.0 0.172174210804567213    0.0075750480310890784
4256.0 0.152039109169626346    0.0073740858929939486
4270.0 0.136610266184971768    0.0071485636211058873
4284.0 0.126386853744546890    0.0069567631397289068
4299.0 0.111974058706336754    0.0067067644985161993
4313.0 0.106033657674756712    0.0066147886959179846
4327.0 0.082691166852653847    0.0064429631300067236
4342.0 0.096601693339494976    0.0065516242529526413
4356.0 0.088760637120944744    0.0063871297533678109
4371.0 0.100028418263800600    0.0063222566464792886
4385.0 0.091480539132199543    0.0062689559134724814
4400.0 0.116596771715492820    0.0064484924492739636
4415.0 0.133186667774647161    0.0064534505255764247
4429.0 0.141953029708224709    0.0065472173370304610
4444.0 0.134471668995195415    0.0065175555341733960
4459.0 0.171608125282426416    0.0066893800275936305
4474.0 0.187235637059337906    0.0068450039926273975
4489.0 0.199045503439913229    0.0068624189797201344
4504.0 0.220715593376306418    0.0069981049140025557
4519.0 0.206020679066714202    0.0068703343644592671
4534.0 0.238184628680426363    0.0070686812701675240
4549.0 0.241807545577617161    0.0069878961211899456
4564.0 0.230261489810955511    0.0068623697212135916
4579.0 0.222512339439578571    0.0069614593961929792
4594.0 0.208432136241643501    0.0069066120392293380
4610.0 0.197084456535469105    0.0068154800610342250
4625.0 0.173363312515534052    0.0069009509835219968
4640.0 0.160396127742579747    0.0069722977313783413
4656.0 0.154662781184967707    0.0071229313779905320
4671.0 0.124299493459683524    0.0074220354386105268
4687.0 0.109952273609759690    0.0078692711211167787
4703.0 0.128584396938077078    0.0085647824877820716
4718.0 0.128426732071244498    0.0090661883543623999
4734.0 0.089571355638544209    0.0092306986863924800
4750.0 0.081657782790682545    0.0091629643076132031
4766.0 0.082369511056976361    0.0089356690081184801
4781.0 0.079658103658373336    0.0077521704237997037
4797.0 0.089260921674305854    0.0076827582570616415
4813.0 0.079013798058376022    0.0075599161080457857
4829.0 0.079990336486915670    0.0108541777691918452
4846.0 0.090227477203912915    0.0096202795496994863
4862.0 0.105804804355998330    0.0084045334655031591
4878.0 0.098686192839110273    0.0072742868632826386
4894.0 0.084302757638871975    0.0069751815531244122
4910.0 0.097203181991630833    0.0069564457557847771
4927.0 0.088701734539169977    0.0067987559166672431
4943.0 0.085367375586699962    0.0063817346933947175
4960.0 0.073451211306592268    0.0059039354556711977
4976.0 0.089572449411090160    0.0056383575941261425
4993.0 0.088309931939151542    0.0054048349910705137
5009.0 0.079948268170128359    0.0050367884825648470
5026.0 0.089610722982350580    0.0048956894865652377
5043.0 0.081330799608379606    0.0047126286524256890
5060.0 0.096735752955518645    0.0045958196122775534
5076.0 0.106749219715069968    0.0045856453232100769
5093.0 0.121618272313067780    0.0045654547844576274
5110.0 0.124910984219003332    0.0044239892577223371
5127.0 0.136895476991347936    0.0044057947904138388
5144.0 0.149946344320876251    0.0043912300006884617
5162.0 0.147503335328818291    0.0043487471648818790
5179.0 0.163495327308976951    0.0042996891801509634
5196.0 0.179135681792660539    0.0043684015520906285
5213.0 0.163202478380967936    0.0046503532161616123
5231.0 0.171930869397727337    0.0058346578114651573
5248.0 0.161682946148497514    0.0040138235151493543
5266.0 0.148132844672771241    0.0038174899599917158
5283.0 0.135793719466890589    0.0036237984602779600
5301.0 0.134980679291363564    0.0035334355203105895
5318.0 0.130186266444299870    0.0034907201606739083
5336.0 0.133795776307572778    0.0034679298710969817
5354.0 0.126596607524236876    0.0033762557343023298
5372.0 0.120771860671532713    0.0032593744715928765
5390.0 0.127979260382138194    0.0032127401870550134
5408.0 0.122843022478174940    0.0031323879243881315
5426.0 0.115437918284982607    0.0030520159293713489
5444.0 0.112599125977231165    0.0030232809619721609
5462.0 0.105724517541049889    0.0029432923276567825
5480.0 0.107561755051392302    0.0029182594873225077
5498.0 0.110677715865452692    0.0029401324746083915
5517.0 0.121192115909263903    0.0034064865161551466
5535.0 0.124875956927450502    0.0029523099780549740
5553.0 0.131065687138770398    0.0029168705092891553
5572.0 0.139755111856779995    0.0029437882524913886
5590.0 0.142785501888047978    0.0028975878631154100
5609.0 0.144563801515016660    0.0028035355947343692
5628.0 0.142659171146103658    0.0027617164917230676
5647.0 0.139504473108539140    0.0026982077660594366
5665.0 0.134013205791833151    0.0026256806474348189
5684.0 0.130215612072626691    0.0025560120158738225
5703.0 0.123210900518355926    0.0024845287995956993
5722.0 0.117288664605979184    0.0024141026783367128
5741.0 0.108788557567549141    0.0023550868053606958
5760.0 0.108154445631933785    0.0023310478150142941
5780.0 0.109930065854101366    0.0023240160781203339
5799.0 0.117451817181149706    0.0023239510131201884
5818.0 0.114861123369291926    0.0022771202233686249
5838.0 0.118288504571144662    0.0023497218061611616
5857.0 0.123503495020194559    0.0023619475016994299
5876.0 0.118079839654667076    0.0022770147139227260
5896.0 0.125817936398348179    0.0033141993020643964
5916.0 0.118788354637571078    0.0024351922007107923
5935.0 0.118671803529821179    0.0021771712026505234
5955.0 0.115050309450699481    0.0025205719798425748
5975.0 0.103085123897856415    0.0021556594773728048
5995.0 0.089886579457252244    0.0019491876692176030
6015.0 0.076786404920943366    0.0018576073486277049
6035.0 0.060429982864312691    0.0017425676820491405
6055.0 0.046771728527685623    0.0017180422575580369
6075.0 0.033453289880749769    0.0015513211845759288
6095.0 0.028779642767193105    0.0015573900684645854
6116.0 0.039298798606718796    0.0015780495942999617
6136.0 0.036746249737929906    0.0015571325430868647
6157.0 0.050993724486854589    0.0016223828572893130
6177.0 0.054258579365305197    0.0015934506607676213
6198.0 0.059833993372823302    0.0015889037041360158
6218.0 0.081031333555501781    0.0016729245645918070
6239.0 0.089185792306207767    0.0016975951225005827
6260.0 0.101259278707160644    0.0017274763009986881
6281.0 0.105707734237923012    0.0017432393868882855
6302.0 0.106368869249455406    0.0017329339271913856
6323.0 0.105363238561168568    0.0017069745037786700
6344.0 0.109736887312548992    0.0017113080247343954
6365.0 0.105950351900730322    0.0016745924139781076
6386.0 0.108040573396319478    0.0017164315578186255
6407.0 0.098336479236289950    0.0017546689110146988
6429.0 0.100130640663569137    0.0018561336574650458
6450.0 0.098030124993894976    0.0017901597713837654
6471.0 0.094654700581554022    0.0017134441441886449
6493.0 0.089126928936849883    0.0016281154599831933
6515.0 0.086932113920981977    0.0016070265304905481
6536.0 0.084439330785898992    0.0015958431514448642
6558.0 0.077510803384393978    0.0015671369544136085
6580.0 0.075858053348981200    0.0014986558832127213
6602.0 0.072679052869301167    0.0014833961146470294
6624.0 0.077066529275724341    0.0014696357436397944
6646.0 0.071517862698041820    0.0014342834530130509
6668.0 0.070329822024785729    0.0014012104947860083
6690.0 0.067772349054698630    0.0013969009010714269
6713.0 0.063518942961744290    0.0013764406208866533
6735.0 0.059838554002039218    0.0013677029898087334
6757.0 0.061368358849776691    0.0013554263545061211
6780.0 0.060900635548322354    0.0016530753152436508
6803.0 0.060399552057865603    0.0014899312239969429
6825.0 0.060281856567927235    0.0016491079628467343
6848.0 0.056783070883735430    0.0015349727146447170
6871.0 0.057626687326584568    0.0015555238163510135
6894.0 0.051797222732727861    0.0014614150009493552
6917.0 0.049297182262317212    0.0013531767874797461
6940.0 0.050699058898511631    0.0013500031357288542
6963.0 0.047498365033580958    0.0012889486881872605
6986.0 0.048073157254417243    0.0012329382159510921
7009.0 0.047016259011614540    0.0013246655535492900
7033.0 0.047204027155662326    0.0012009262781805296
7056.0 0.046606974560910147    0.0013174316554657747
7079.0 0.044267913616663102    0.0012015248677545564
7103.0 0.037997136201961927    0.0012487644070007292
7127.0 0.041372794786205092    0.0020312651662408201
7150.0 0.038783487945416861    0.0016463166727766335
7174.0 0.043944637009198206    0.0013487662215923542
7198.0 0.040036202301315486    0.0011904355967298174
7222.0 0.036078082584789777    0.0015378577991328258
7246.0 0.040024431021107996    0.0013073169431421410
7270.0 0.039794913334515507    0.0015091263312689762
7295.0 0.042472577263461195    0.0014695562693653854
7319.0 0.037563240580661364    0.0014752693111807112
7343.0 0.033762894618540297    0.0013456869642663033
7368.0 0.035812167792101016    0.0015544457721189634
7392.0 0.026731496998243516    0.0013451874082027020
7417.0 0.028751980216399610    0.0015460051145680268
7442.0 0.029009294711127360    0.0012348373057234176
7466.0 0.020693493704194918    0.0013621502869111490
7491.0 0.025249066934326436    0.0013372587623195680
7516.0 0.023400229863534638    0.0013337706159500331
7541.0 0.027733946215534263    0.0011741232853180823
7566.0 0.027350401788923721    0.0011164155163218077
7592.0 0.027487410386995544    0.0011298228615892485
7617.0 0.026962502006921830    0.0010823035570697121
7642.0 0.027745159227243129    0.0011142702154325588
7668.0 0.027692422357923428    0.0011098660869477575
7693.0 0.028190123106951761    0.0010728563473886797
7719.0 0.030023425069386350    0.0011106992193811701
7745.0 0.030374246550924387    0.0012083905770435917
7770.0 0.032572525093597447    0.0016900122516442502
7796.0 0.030498209722483384    0.0011669019043669849
7822.0 0.036137885724470922    0.0017609213051106062
7848.0 0.032210265273435894    0.0012913850350356781
7874.0 0.032946254930644438    0.0015629074390302480
7901.0 0.034555688501246587    0.0015390164189731173
7927.0 0.034754133969736895    0.0014974133095165408
7953.0 0.031132292583190852    0.0012381851483113332
7980.0 0.026837484931383111    0.0011493501269014739
8007.0 0.024210738172238226    0.0011472393209872058
8033.0 0.022182846458371954    0.0010136119644041399
8060.0 0.017349128835819422    0.0011054353000018171
8087.0 0.018069175605389103    0.0015863369131713717
8114.0 0.015299333302603201    0.0016333826087080469
8141.0 0.009071549859423293    0.0011038335730124058
8168.0 0.006858827359417685    0.0008894441030440945
8195.0 0.007044143683806954    0.0011960983884130550
8222.0 0.011084204811908877    0.0017755996144591748
8250.0 0.007245824937624614    0.0010645323322766519
8277.0 0.010067160827074779    0.0018909507571530971
8305.0 0.010322078602620950    0.0012305302696278893
8333.0 0.012438326410694835    0.0016498702203058201
8360.0 0.020067393105159603    0.0016390903387517005
8388.0 0.020921928776765665    0.0016305504723208872
8416.0 0.027542040007365379    0.0013539396756233966
8444.0 0.025956250520489804    0.0013937058101997535
8472.0 0.037998546081073253    0.0013725777789587656
8500.0 0.034504163776876866    0.0011990707670558557
8529.0 0.034697028122505982    0.0012980159084951617
8557.0 0.038933495299682486    0.0012077297364376813
8586.0 0.039113802472062378    0.0012997302562753671
