#@Telescope UH88 
#@Reference Saunders et al. (2018) 
#@Redshift 0.0  
#@Spectrum Train_SN107_8.dat 
#@SN-Name Train_SN107  
#@Phase 10.392 
#@Survey SNFactory 
#@SN-Type SNIa 
#@Units Flux 
# 
# WAVE : 
# SN_SPEC : 
# SN_ERR : 
#end 
3305.0 0.066891099739841919    0.00502736046663166975
3317.0 0.070043469078346340    0.00493233808941894065
3328.0 0.070885444587064694    0.00475144784707315707
3339.0 0.093025499659140934    0.00494221561959477373
3350.0 0.075118198097875732    0.00457596496789009280
3361.0 0.083424830843623954    0.00460688660644716606
3372.0 0.081397482375580782    0.00459315177500785234
3383.0 0.086639233703145704    0.00461427582479316187
3395.0 0.093569832746367723    0.00456214087965716060
3406.0 0.090804156978361680    0.00424756737885932482
3417.0 0.094720492180037544    0.00428601816416744868
3429.0 0.099059101355042617    0.00438546310942345297
3440.0 0.112522388888188440    0.00447969331964358491
3452.0 0.101230172816828903    0.00437577246153065744
3463.0 0.112112385682206966    0.00433455388728280246
3475.0 0.112926925087962524    0.00418907520524924859
3486.0 0.122551820961185179    0.00414371720367361519
3498.0 0.130598913352090895    0.00417066926021595046
3509.0 0.155514001092888487    0.00442335331929310030
3521.0 0.166584490012277514    0.00453144210447288184
3533.0 0.187108193931969535    0.00459855804117013846
3545.0 0.193423628387839969    0.00446120724562863984
3556.0 0.205824095250148054    0.00437657012968851924
3568.0 0.227034023349921565    0.00442538876804459292
3580.0 0.232501477750635122    0.00444350024736323707
3592.0 0.239771102062334207    0.00446128250299975253
3604.0 0.242484735753894703    0.00451256632795564092
3616.0 0.223614399294711053    0.00434478038885867477
3628.0 0.224657573960216461    0.00425601520375020435
3640.0 0.247716402236921679    0.00433352526749601012
3652.0 0.266985225797119530    0.00442163137439518811
3664.0 0.284388729517362326    0.00445905000318919283
3677.0 0.284668733661566364    0.00443566308722513018
3689.0 0.263085539755195053    0.00430310147794599716
3701.0 0.225042411913981444    0.00400170472074874977
3714.0 0.208414095092575108    0.00381404581806937598
3726.0 0.204882114640294127    0.00380636646313277285
3738.0 0.201842786481117725    0.00378196062829337090
3751.0 0.179728164494799031    0.00374451394040078035
3763.0 0.157739716865807178    0.00356739398061209270
3776.0 0.140989063612690591    0.00332450790861397050
3788.0 0.123710776851994164    0.00318080667567590975
3801.0 0.120003415083409962    0.00314053672947137413
3814.0 0.137887109895384857    0.00323390422191464823
3826.0 0.154131629644349538    0.00330528166081278793
3839.0 0.188113503351383826    0.00349102284439307574
3852.0 0.247221194828462332    0.00393213792663339983
3865.0 0.275781829901388997    0.00426685397725679646
3878.0 0.295952444139634618    0.00412549542748446522
3891.0 0.321069013669070258    0.00406314560642643229
3904.0 0.337385035717434723    0.00406172474227139112
3917.0 0.324055766368432363    0.00393315676580887740
3930.0 0.321040477228863141    0.00389172912173400875
3943.0 0.329728187580460685    0.00393227290600021984
3956.0 0.327317557218351429    0.00403289871938048144
3969.0 0.306281113674194361    0.00393848129880670569
3982.0 0.292124869826957401    0.00381667579711932785
3995.0 0.266691246221765654    0.00358849793758143562
4009.0 0.255155770044003416    0.00344378393269618869
4022.0 0.253796456937945281    0.00342388796795411012
4036.0 0.270959044324690979    0.00346405385772360821
4049.0 0.277504305467499990    0.00342081017538066381
4062.0 0.286683497797284303    0.00348107030513097014
4076.0 0.282007126219660620    0.00346413543345112408
4090.0 0.278060745469866477    0.00339712121650919329
4103.0 0.267187699830609471    0.00327973800565586155
4117.0 0.265206538853893337    0.00324996839100868138
4131.0 0.265580037721943552    0.00324467331946117323
4144.0 0.273700877574376111    0.00329828800821010872
4158.0 0.276253935230445558    0.00332682808284434032
4172.0 0.280995706476184548    0.00334775287863462324
4186.0 0.292149054759195170    0.00337785090143885147
4200.0 0.282376364489216880    0.00331183342862602067
4214.0 0.276836381663140618    0.00328960610644871794
4228.0 0.258575287917335250    0.00320174761798439327
4242.0 0.241275318218288209    0.00312127350514418899
4256.0 0.226705174311355950    0.00303495748389222622
4270.0 0.214792970945886841    0.00292422592505099449
4284.0 0.205278802491870582    0.00282431303345512079
4299.0 0.211890843890991498    0.00281861820487225951
4313.0 0.198840139395259491    0.00274106966119097529
4327.0 0.200672309572962143    0.00275343458972152457
4342.0 0.196098490156559668    0.00275752522288713565
4356.0 0.183908667779572876    0.00266941176064581370
4371.0 0.187410286756231170    0.00264477577704200911
4385.0 0.181194986161133248    0.00261628443814059149
4400.0 0.184476474203655760    0.00264398490579354330
4415.0 0.185092557450041439    0.00259858681917271312
4429.0 0.205690809159490257    0.00268822207968231336
4444.0 0.221734520590342099    0.00275665137253669349
4459.0 0.233459975167916584    0.00276944289749486792
4474.0 0.234699110536476296    0.00278338588634519232
4489.0 0.246054850830282612    0.00280952361315613044
4504.0 0.254963901042612240    0.00284210224715657428
4519.0 0.274668092967828958    0.00290023484329969810
4534.0 0.290571845155084885    0.00294270379978890662
4549.0 0.291088115323358654    0.00292658079153423597
4564.0 0.287322870670660091    0.00289277347448410691
4579.0 0.287978430859572532    0.00291566995731386584
4594.0 0.286186866449847810    0.00288294054706622963
4610.0 0.283016947584189160    0.00284499161864682805
4625.0 0.275978776908611889    0.00283769833843646509
4640.0 0.249025424521902905    0.00271542785735386658
4656.0 0.233658172140304404    0.00262508588493255571
4671.0 0.228281536346314512    0.00263941188089843008
4687.0 0.215760737511049516    0.00260931817577907382
4703.0 0.202228317528894641    0.00253392316642933558
4718.0 0.185966192103315109    0.00243649947441917317
4734.0 0.164785283519869374    0.00234015699819339245
4750.0 0.151923897950301645    0.00229375875919464152
4766.0 0.155474811518526157    0.00235965205050787247
4781.0 0.160442742651057346    0.00244001478922628188
4797.0 0.161543132530703792    0.00254525404523416607
4813.0 0.152630838996244439    0.00262490345650390720
4829.0 0.131250683623495290    0.00264487811997700210
4846.0 0.131824789425481231    0.00281015121440438779
4862.0 0.142921356426500501    0.00306794567382458411
4878.0 0.162662802664158446    0.00330772957732367598
4894.0 0.181291977253465547    0.00345239485967671145
4910.0 0.178114578696645293    0.00341934250858170639
4927.0 0.158678155531307208    0.00311798313792315722
4943.0 0.151030950627766336    0.00288210861182182018
4960.0 0.142464830125042741    0.00280977221742564074
4976.0 0.129069662707066324    0.00361968071745954719
4993.0 0.118800646814347474    0.00427944308081062205
5009.0 0.129185091064827839    0.00360883280781536036
5026.0 0.141027764200674588    0.00327942657330268072
5043.0 0.161656001196519017    0.00332987060155171552
5060.0 0.172470467797587790    0.00333594531505906336
5076.0 0.171443148922873240    0.00326044423416538796
5093.0 0.189362133334247174    0.00320978328005563744
5110.0 0.193912990662995860    0.00307891397916172128
5127.0 0.207250437511053959    0.00297933659593349392
5144.0 0.211523943693125799    0.00284312490290279316
5162.0 0.220222120278134093    0.00276938095420346591
5179.0 0.229497338483208246    0.00269248144221752046
5196.0 0.229521541790718320    0.00263434503322746393
5213.0 0.228709738970430870    0.00252862676341575636
5231.0 0.225702500778832110    0.00243356519052939299
5248.0 0.210034804359694932    0.00233045541149373226
5266.0 0.207888258871191139    0.00225327813167459706
5283.0 0.204435305759718522    0.00217044647733294392
5301.0 0.197388481787902387    0.00210133306059188648
5318.0 0.185757419820854502    0.00203089307278434125
5336.0 0.179607465568797114    0.00199692840783571683
5354.0 0.168038194412384378    0.00192332131651210447
5372.0 0.170152095071781112    0.00188395293430117803
5390.0 0.166387841518381818    0.00202789857970405579
5408.0 0.166155118628322662    0.00179438614932359280
5426.0 0.166526654019423903    0.00176500072368154445
5444.0 0.159651198991168336    0.00171155316845500493
5462.0 0.155800123239012489    0.00168667812639095699
5480.0 0.157890084765342442    0.00166456983353687328
5498.0 0.158266305889408376    0.00162163414354221961
5517.0 0.151694739256663297    0.00155381268035653989
5535.0 0.145963602438003048    0.00150043014121925252
5553.0 0.142646395942736592    0.00146574089583476454
5572.0 0.138957499944078050    0.00144625738582666538
5590.0 0.128864582061512717    0.00138553723871607647
5609.0 0.125549084740316896    0.00134769458795452120
5628.0 0.125244612033090869    0.00134884068381666651
5647.0 0.119819636771590465    0.00130928444289974116
5665.0 0.116904526306755630    0.00128694268109930446
5684.0 0.108590219428556803    0.00131614681170533665
5703.0 0.105289921362652278    0.00133613447604140302
5722.0 0.115716749709710839    0.00125397750511287718
5741.0 0.125438476634711499    0.00126954282790447980
5760.0 0.137906204083209055    0.00129624970762266096
5780.0 0.148456975893252296    0.00131066468201523315
5799.0 0.159737771472924450    0.00132305304390750245
5818.0 0.164993842846246852    0.00130411980802819217
5838.0 0.173966029117634063    0.00131703171422505949
5857.0 0.173778335468637274    0.00130261746499072870
5876.0 0.172133818770738495    0.00127252169956125418
5896.0 0.166158307214892276    0.00123267809821249398
5916.0 0.157982765534200931    0.00120031547538422003
5935.0 0.151206634339014517    0.00117775001731836287
5955.0 0.144454505942765071    0.00115416168954621669
5975.0 0.138190049875166698    0.00113489672945707855
5995.0 0.133505168553173958    0.00110404766946331891
6015.0 0.133337404839590001    0.00109720531928120084
6035.0 0.125729449927775877    0.00107336784314272077
6055.0 0.108379251797064785    0.00100747852809587000
6075.0 0.084641663148728605    0.00092346886519143172
6095.0 0.063965749093642860    0.00086624930331073290
6116.0 0.051914460935792765    0.00075891588528763821
6136.0 0.053445364606983951    0.00075012705176482264
6157.0 0.070989810052617341    0.00082298373458165798
6177.0 0.090127466791766545    0.00087036252105961197
6198.0 0.100630385483548343    0.00088836040186170606
6218.0 0.106185348937280155    0.00089453593426385672
6239.0 0.107359202903535955    0.00090368408770610342
6260.0 0.105950960088677673    0.00089165132972299623
6281.0 0.107395969596949886    0.00089148420506144884
6302.0 0.105462692254960536    0.00086967760695542972
6323.0 0.102849598871457781    0.00086647766671852050
6344.0 0.099079339547490777    0.00084126026907747507
6365.0 0.095969707166295812    0.00081673878186756235
6386.0 0.094915519940022980    0.00080648584105012030
6407.0 0.095661580636783219    0.00079704589633855798
6429.0 0.096273067089231043    0.00079176825543354572
6450.0 0.094697502625821925    0.00078330630117489264
6471.0 0.093512165510564862    0.00076872303143826575
6493.0 0.094356026104640195    0.00076040627796279399
6515.0 0.092608711462468504    0.00075239923340687115
6536.0 0.091188527010211282    0.00074852388887532172
6558.0 0.089214198602557970    0.00076142902326698978
6580.0 0.085230347387606209    0.00073643393436855842
6602.0 0.082236324824821017    0.00074895282990269886
6624.0 0.076119465231126726    0.00071157391068508329
6646.0 0.073152572822571371    0.00075701038491116730
6668.0 0.069500721819640357    0.00071116780484649573
6690.0 0.067129115939850992    0.00068008926679033368
6713.0 0.063237256968483091    0.00065685974980738955
6735.0 0.060677287700967239    0.00062945394163339602
6757.0 0.059033411705109673    0.00061180005147696756
6780.0 0.059478123574005864    0.00061534605730680808
6803.0 0.058000944916850143    0.00060145371054868408
6825.0 0.057133015201345463    0.00059251591769635809
6848.0 0.054487617332926411    0.00058522486521031970
6871.0 0.053581208543878565    0.00057237546689031544
6894.0 0.052459276180274267    0.00057394712239081428
6917.0 0.050684992726169123    0.00056721964315249805
6940.0 0.049140037939986413    0.00057077405670768490
6963.0 0.047914146304529177    0.00056234041654533765
6986.0 0.046188556038329998    0.00056602175132350633
7009.0 0.045688793001343243    0.00061157321508640736
7033.0 0.045330241761384553    0.00060774908354057375
7056.0 0.043076445408962639    0.00055521957559864017
7079.0 0.042365961026708282    0.00057182324176899345
7103.0 0.042097716593203618    0.00056954939377676437
7127.0 0.042309097416138509    0.00055914122992430592
7150.0 0.041978521471166944    0.00054478936379342209
7174.0 0.042465485601704787    0.00052062026119205102
7198.0 0.041865660357669650    0.00051812886177879131
7222.0 0.040833109089268287    0.00053201623001181272
7246.0 0.041010595369685515    0.00051075856359770566
7270.0 0.040003540542225553    0.00053010861513751780
7295.0 0.038166587099370097    0.00050182154440365037
7319.0 0.036501328171325488    0.00051293381661961452
7343.0 0.033817543456914949    0.00070113327093905954
7368.0 0.032214820981494259    0.00065893846622143122
7392.0 0.029403237870968248    0.00055971965253020812
7417.0 0.028190600420927615    0.00048025082184794917
7442.0 0.024647214229813651    0.00046291896418514057
7466.0 0.023801490739288000    0.00051521819777684277
7491.0 0.023445934751752152    0.00050849180264026287
7516.0 0.023343160900776094    0.00046326641065171830
7541.0 0.023983211189888259    0.00049635853990896218
7566.0 0.022072815237129850    0.00049047732099842642
7592.0 0.022712766902552299    0.00053551049294969517
7617.0 0.022674255584112010    0.00050371118500897049
7642.0 0.022718944136808548    0.00051449533315534501
7668.0 0.023806561601258044    0.00049139242354895242
7693.0 0.023497001128996234    0.00049583630249696675
7719.0 0.024984543273051284    0.00051691500393809622
7745.0 0.025491799784435634    0.00048319900469834183
7770.0 0.028172659575073360    0.00048615977047227382
7796.0 0.028182899539489728    0.00048439264869261253
7822.0 0.028431022751960321    0.00047391922829262276
7848.0 0.029656973657695550    0.00046438158246242268
7874.0 0.031464142994957180    0.00048310242804692268
7901.0 0.030680477100936528    0.00047659482048152587
7927.0 0.030576113633723145    0.00047149201310099615
7953.0 0.028341535375177640    0.00046847839543802888
7980.0 0.029516901169266242    0.00046645916985747142
8007.0 0.025570662004732698    0.00056324104356494128
8033.0 0.027468263791911019    0.00051141662066976970
8060.0 0.025858020812941519    0.00056192763289615935
8087.0 0.022892923304423204    0.00048117019246856187
8114.0 0.020383627036360281    0.00051647951411974658
8141.0 0.014863866002981443    0.00051477249584952977
8168.0 0.013359657714644447    0.00044300899235548760
8195.0 0.012537598417758438    0.00043038631941323685
8222.0 0.011991888270912375    0.00043147269656269171
8250.0 0.012451067497272093    0.00039363818926638769
8277.0 0.015656703841629833    0.00040102268013573171
8305.0 0.016053023313083673    0.00040666421113582729
8333.0 0.016502953178993904    0.00045497722290474400
8360.0 0.019948898267813108    0.00048009961790893300
8388.0 0.024236053301884351    0.00046825211254176107
8416.0 0.029723973355100807    0.00045608405148923214
8444.0 0.031302862450642760    0.00045839821621455738
8472.0 0.032863395833380250    0.00064000894187185792
8500.0 0.033918921217859756    0.00051613577462650284
8529.0 0.034184085637192267    0.00063933794489627756
8557.0 0.036005982904292091    0.00053768882803094376
8586.0 0.036481614012926135    0.00059360427717786634
