#@Telescope UH88 
#@Reference Saunders et al. (2018) 
#@Redshift 0.0  
#@Spectrum Train_SN97_11.dat 
#@SN-Name Train_SN97  
#@Phase 24.677 
#@Survey SNFactory 
#@SN-Type SNIa 
#@Units Flux 
# 
# WAVE : 
# SN_SPEC : 
# SN_ERR : 
#end 
3305.0 -0.00035829286151916944 0.0118554889266769860
3317.0 -0.00323492735200173491 0.0114711281997717223
3328.0 -0.01626276238503909788 0.0113086850539308569
3339.0 -0.01339729199831501093 0.0111358171296955417
3350.0  0.00729593832033066311 0.0108555276854001344
3361.0 -0.00292827261653535488 0.0104063462112818864
3372.0  0.01169942074418689817 0.0099698310533613901
3383.0  0.01317341490430402884 0.0101300985759867901
3395.0  0.01015222188045165549 0.0103091073452914496
3406.0  0.01785229714721656494 0.0099743373413364329
3417.0  0.02592184759636245381 0.0099349306966783537
3429.0  0.00922487049905751019 0.0094183563384199892
3440.0  0.00648027171184128569 0.0088952664258678850
3452.0 -0.00706759242251999136 0.0086918504547649437
3463.0  0.00050533523014555061 0.0088920336825575683
3475.0  0.00717226358892081566 0.0088612493104300756
3486.0  0.01891523262655921134 0.0085019018108969946
3498.0  0.01089253076465679891 0.0082086292337492078
3509.0 -0.00254143477077093793 0.0079718496358453170
3521.0  0.01605137530203906357 0.0079595872901918295
3533.0  0.00396417243939293021 0.0078101026729091930
3545.0  0.01990817926035354929 0.0078214892639164452
3556.0  0.00149620316834203691 0.0075690125796056412
3568.0  0.02110745941118944216 0.0075399671724740540
3580.0  0.01381765551608188196 0.0074330105915680353
3592.0  0.01211247397052015590 0.0071007527335478077
3604.0  0.00845486609143458745 0.0068921935471840728
3616.0  0.02002911718250891676 0.0068865076430543893
3628.0  0.02980318134370949640 0.0067292041477300946
3640.0  0.01678834557403302216 0.0064736307591132611
3652.0  0.00364478035422524963 0.0063254131832267213
3664.0  0.02069430852164067317 0.0064097222033999363
3677.0  0.01080093308716760514 0.0063226523195793983
3689.0  0.01956836069046109794 0.0062932377492920183
3701.0  0.03003679193788308388 0.0064207934257253180
3714.0  0.02425838654200798000 0.0062290935342758204
3726.0  0.02639104577501815568 0.0060458178599318742
3738.0  0.02261838519002334208 0.0059833002488326415
3751.0  0.01078485199379660385 0.0058885136746961190
3763.0  0.01520806022165353474 0.0057846539073636849
3776.0  0.01250846958132569367 0.0056755638639337889
3788.0  0.00914286327147383233 0.0056324448966829938
3801.0  0.02238719863199170948 0.0057559097926351138
3814.0  0.01168020838389182900 0.0059923998033119714
3826.0  0.01284320234751307188 0.0058744385846308074
3839.0  0.02508720787995510557 0.0055131979287893025
3852.0  0.02193954985625039267 0.0051632560850705623
3865.0  0.02084363588312064530 0.0050682187566889192
3878.0  0.03636733993267794729 0.0050064086431239893
3891.0  0.02440985797015720465 0.0050594369846171132
3904.0  0.02692058113975081407 0.0051846644908430852
3917.0  0.03109834917781005223 0.0053457830091715574
3930.0  0.03412604241160911017 0.0052260224300161792
3943.0  0.03292828562855274616 0.0049971602392467306
3956.0  0.02947793389855473539 0.0048810300349625196
3969.0  0.04157467546251412266 0.0047442611132900853
3982.0  0.03792738135556654455 0.0047200542192990672
3995.0  0.03721120735249987960 0.0046807219181899647
4009.0  0.02704413240870338908 0.0044097993570141334
4022.0  0.02788860921720850636 0.0045148181197720468
4036.0  0.02935630829037928768 0.0044320693463601700
4049.0  0.03382989305306741135 0.0043607227159520798
4062.0  0.02483628539767307117 0.0043540848400899735
4076.0  0.02521058021283974909 0.0043428502500642311
4090.0  0.01416805312219359195 0.0041605251164860291
4103.0  0.01673438038462736130 0.0040869029793602282
4117.0  0.02373725449718962904 0.0040862142281285112
4131.0  0.02388275201421265551 0.0041189657849598519
4144.0  0.02712690823368756401 0.0041364036012187903
4158.0  0.02115288285959657233 0.0041346490327168837
4172.0  0.00206090857714618780 0.0041616952569329940
4186.0  0.02848777595409125035 0.0041603048035367953
4200.0  0.02470691481207165641 0.0040677785654313946
4214.0  0.02154176841589145602 0.0040486630950821246
4228.0  0.02351828384575432862 0.0040797320951142073
4242.0  0.03197479374038950800 0.0040716260413057306
4256.0  0.02327335862668859778 0.0040179705382704057
4270.0  0.02567167488652853657 0.0039107489310277023
4284.0  0.03360091814949212052 0.0039126844865187450
4299.0  0.02943320606403743850 0.0038038145571182391
4313.0  0.03616714970097432286 0.0038110774861127104
4327.0  0.02489555022332048603 0.0037720317272891312
4342.0  0.02846643447956852951 0.0038416426036239890
4356.0  0.02471473932433786505 0.0037772245240189394
4371.0  0.01952101939286250351 0.0036598940274829295
4385.0  0.02462693198429797767 0.0036937237270650179
4400.0  0.02131256246871143442 0.0036649552304650395
4415.0  0.01667012988013079691 0.0035799922895553226
4429.0  0.01059411394597309895 0.0035541533630449942
4444.0  0.01750820632350156766 0.0035876976540264159
4459.0  0.01801278950781092306 0.0035264185465765209
4474.0  0.01562937415150154538 0.0035259558159840259
4489.0  0.02728943999885231897 0.0035712519838011735
4504.0  0.02089093203200485110 0.0035219811755597455
4519.0  0.02382095114532912714 0.0035625200622777758
4534.0  0.03155244980090350648 0.0035387435596124662
4549.0  0.04374332553895233372 0.0035928252942442965
4564.0  0.05431214722103496623 0.0036363985024535088
4579.0  0.05536475769829934945 0.0036657543856321050
4594.0  0.05324731190955684507 0.0036318946380800329
4610.0  0.05618149386401428969 0.0036540439271979404
4625.0  0.06352565638408239068 0.0037273908584739691
4640.0  0.06499288998886479374 0.0037236588775793468
4656.0  0.05912994126106503601 0.0037047932871727657
4671.0  0.04425830182718767936 0.0036638526098088996
4687.0  0.03712541630964333317 0.0037148987321463408
4703.0  0.02906160689862202426 0.0036997907253910407
4718.0  0.02400244736086262071 0.0038013800900630599
4734.0  0.01937245797924359858 0.0039166793652879815
4750.0  0.02812985172442962478 0.0041917153208603205
4766.0  0.02352403138501206817 0.0044893006003284119
4781.0  0.02516479706532196575 0.0049784786077730981
4797.0  0.03400923682531473147 0.0054689845450467678
4813.0  0.03326558369976768265 0.0058292477144565764
4829.0  0.03715551684416842915 0.0061252426811417302
4846.0  0.01585166763130387360 0.0059352025372848474
4862.0  0.04240080036964170851 0.0058784167019144424
4878.0  0.03864687249286789805 0.0054677249833013468
4894.0  0.04147319306983176385 0.0051816707450112343
4910.0  0.03507313583396562406 0.0053598839640894135
4927.0  0.07119049111737285607 0.0070124821466462078
4943.0  0.06293893493678101581 0.0066523767271206751
4960.0  0.06711974996073341582 0.0055758096652909483
4976.0  0.06421507559725385395 0.0051602404576319288
4993.0  0.05200384324690966731 0.0049344102206311056
5009.0  0.04440945401960628980 0.0047494926369797061
5026.0  0.04207862550898797821 0.0045027718799058062
5043.0  0.04064033432212843522 0.0042540168386403093
5060.0  0.03040292252694955580 0.0038864580411493389
5076.0  0.02062062419013487718 0.0035665459893336176
5093.0  0.02300767670309101023 0.0033790085934074154
5110.0  0.02351698383439519008 0.0031996226333199452
5127.0  0.02729505024229351984 0.0030748523158714092
5144.0  0.02532277317031244104 0.0029293243726774970
5162.0  0.02620043404357511735 0.0028241627605408654
5179.0  0.02776732447006448681 0.0026706083726341944
5196.0  0.03030701180894791735 0.0026323921847288476
5213.0  0.03476035765123939442 0.0025793864430115462
5231.0  0.04763585308888879100 0.0025457888882406796
5248.0  0.04512064833406081305 0.0025170775243976138
5266.0  0.05038808667589788487 0.0024967684592122276
5283.0  0.05556896816627025087 0.0024628325531847769
5301.0  0.06454249893778772618 0.0024624398628401243
5318.0  0.05964188054721281107 0.0024995071327410922
5336.0  0.06793026564947510226 0.0038765710468216070
5354.0  0.05117762248130066499 0.0023340157123545847
5372.0  0.05361375120563381669 0.0022513176050733834
5390.0  0.06062730333768371477 0.0021910248154930262
5408.0  0.06408372657507871439 0.0021698367418276476
5426.0  0.06889837643048918325 0.0021623101466969608
5444.0  0.08003458818907097094 0.0021750020002399015
5462.0  0.07502322533025436446 0.0021196494555198618
5480.0  0.08368303841055038661 0.0021098243609324881
5498.0  0.08097324707241478070 0.0020485025660470359
5517.0  0.07705080228308396062 0.0019781106952222343
5535.0  0.07717316573104419930 0.0019399637282414780
5553.0  0.06648382082413029082 0.0019105137214808525
5572.0  0.07071986224637839824 0.0019117317548313516
5590.0  0.06359686939060514577 0.0018600047803708458
5609.0  0.05846658800213282159 0.0018549539467563945
5628.0  0.05188705490292516015 0.0021838624118386391
5647.0  0.04412484863953410746 0.0021753673651853257
5665.0  0.04515130465032909934 0.0017750040777915206
5684.0  0.03948467473503750047 0.0016953185882734091
5703.0  0.03619973773491680369 0.0016538882942035110
5722.0  0.04077015984955086741 0.0016403598641512877
5741.0  0.03981775115652159969 0.0015913982957632329
5760.0  0.04263157907328705282 0.0015396332812328691
5780.0  0.04953481274674025048 0.0015289050321838783
5799.0  0.05578519050246474875 0.0015287238115913597
5818.0  0.05946009243361776581 0.0015028804625212531
5838.0  0.07039891714766752240 0.0015396762971514387
5857.0  0.06750459928233000506 0.0015089025187396178
5876.0  0.06729338834560902316 0.0014940642617741343
5896.0  0.06190103717475379380 0.0014461520838165958
5916.0  0.05521283729861201778 0.0013964059573835525
5935.0  0.05253973997462582646 0.0013844889796494658
5955.0  0.04170698101150876330 0.0013647014116480261
5975.0  0.03769344021793031435 0.0013876631666009615
5995.0  0.03819555246423624040 0.0013648393387884394
6015.0  0.03653219890310720197 0.0015070872994469547
6035.0  0.04411690338275451456 0.0019269787154256605
6055.0  0.03699044459036430338 0.0013002616481623225
6075.0  0.03538160808862265277 0.0012867574288669712
6095.0  0.03703999032253815077 0.0014190076981522258
6116.0  0.03475529050962675170 0.0011642423910387990
6136.0  0.03125260238923201206 0.0011084075552279767
6157.0  0.02825462730335590728 0.0010882109431522519
6177.0  0.02933852368982949391 0.0011273770078298443
6198.0  0.03049313393016713641 0.0011132767238731175
6218.0  0.03515653581748042628 0.0011488202671167712
6239.0  0.03299006454855928083 0.0010981251960362533
6260.0  0.03191000554997151795 0.0011109839853946631
6281.0  0.03522376102513685714 0.0010993377633244940
6302.0  0.04060840709059033299 0.0010815749618130692
6323.0  0.04030325150419959701 0.0010688762475184151
6344.0  0.04727756740523048062 0.0010682595752380130
6365.0  0.05065090035415858311 0.0010543256786056782
6386.0  0.06071570296572776498 0.0010839684460044454
6407.0  0.06161226425706878979 0.0010810649760494967
6429.0  0.06340658209584346117 0.0010720669368967472
6450.0  0.06449083275358792611 0.0010737279592493525
6471.0  0.06733863444936658005 0.0010623516302402766
6493.0  0.06982374471664284932 0.0010536703050386214
6515.0  0.06445023376921849012 0.0010372613011574040
6536.0  0.06583319205911843108 0.0012107515963404444
6558.0  0.06509480880821540139 0.0011733431938210444
6580.0  0.05725878437520229292 0.0012330977697923449
6602.0  0.05246396016525012307 0.0011159599030204897
6624.0  0.04574982681021632497 0.0010757540958209293
6646.0  0.04018524655740369350 0.0010466257044872073
6668.0  0.03416138586086142626 0.0009684272107610052
6690.0  0.03437665727312166908 0.0009134388806161558
6713.0  0.03343747624534951918 0.0009040747648028356
6735.0  0.03160140736889188035 0.0008829817361494166
6757.0  0.03163951641464784331 0.0008770933735679823
6780.0  0.02695117121322813253 0.0008591770469762523
6803.0  0.02841460763042298263 0.0008303722982376055
6825.0  0.02470672162912622427 0.0008282606758919777
6848.0  0.02586987316540477477 0.0008400924577993549
6871.0  0.02440527792547517519 0.0008424799954025560
6894.0  0.02569720535047588517 0.0008310312749155041
6917.0  0.02520070961747955529 0.0009690760785747568
6940.0  0.02672821959231019839 0.0011124067844381666
6963.0  0.02409029124340504244 0.0011671935988451809
6986.0  0.02302862888317745715 0.0009635842818270877
7009.0  0.02357717458376341543 0.0010624921008618232
7033.0  0.02379136300638145379 0.0010486023443368427
7056.0  0.02457375858552592052 0.0009911401250820824
7079.0  0.02362274263048384434 0.0009595477801342606
7103.0  0.02417555880542589936 0.0008439230952077836
7127.0  0.02719467883658625157 0.0008556535315127721
7150.0  0.02759283473061948863 0.0009525692806729013
7174.0  0.03116531986070586110 0.0008343534526715043
7198.0  0.02961370344489713119 0.0009650035895955176
7222.0  0.02710837366043023985 0.0008295836924474226
7246.0  0.02714571506139114299 0.0009081404162304934
7270.0  0.03116731127073080893 0.0014335728652533418
7295.0  0.02984223660050966745 0.0012627110670754399
7319.0  0.03185419579826109793 0.0010445365779183312
7343.0  0.03490987524154584576 0.0008879096918648099
7368.0  0.03088860548822771127 0.0009746772452194252
7392.0  0.03604314561903140812 0.0011451599543873836
7417.0  0.03343549156624608942 0.0011781380343472280
7442.0  0.03163604854601057698 0.0010182654164666593
7466.0  0.02670423158523594145 0.0010829907334587660
7491.0  0.02679600686098362536 0.0010882722135632994
7516.0  0.02472933399249347894 0.0012480039719307188
7541.0  0.02761207439239791658 0.0011348240202704685
7566.0  0.02789084678989628766 0.0012023039408754039
7592.0  0.03138148215411276643 0.0010502479731717669
7617.0  0.03121877723290967035 0.0011008976241116072
7642.0  0.03263685671121053372 0.0011780490934683069
7668.0  0.03312497848452745919 0.0010526039078001034
7693.0  0.03179405108624387688 0.0009383513655545163
7719.0  0.03284812161512108003 0.0009443075870302417
7745.0  0.03196028647447687887 0.0008975271994552962
7770.0  0.02852109871622805423 0.0008183093678292351
7796.0  0.02733956945770371627 0.0008579842225327515
7822.0  0.02524807575902446311 0.0008209530573297462
7848.0  0.02537142963533314116 0.0008214881121256803
7874.0  0.02356135332376542435 0.0008145708838949024
7901.0  0.02138527001222544424 0.0007959228450257460
7927.0  0.02016211755446476947 0.0013198136072691622
7953.0  0.01995789274023516274 0.0010094476116462164
7980.0  0.01784346585567429810 0.0013534422157545397
8007.0  0.02012844564494877669 0.0010004099644420590
8033.0  0.01708525114093067607 0.0011984458003805624
8060.0  0.01800304002253197769 0.0012913084888858460
8087.0  0.01913799115216471489 0.0010897686664068686
8114.0  0.01725974680389795110 0.0009479887357583806
8141.0  0.01467668308015823014 0.0009822789090432060
8168.0  0.01470799508277672793 0.0008464365505452334
8195.0  0.00920199412563172531 0.0007357278537514807
8222.0  0.00571424117144715693 0.0007597375314517763
8250.0  0.00618715539911817141 0.0010622291603399970
8277.0  0.00964039056064576981 0.0011266193170533301
8305.0  0.01209816047803733037 0.0009698728238744719
8333.0  0.01031807869592236797 0.0007414328497936697
8360.0  0.00752644051618284182 0.0007085253341542695
8388.0  0.00856224165241987502 0.0015619198409511589
8416.0  0.00972658594894871414 0.0009282450294757591
8444.0  0.01352429654921901911 0.0015687871347202871
8472.0  0.02107266305637078146 0.0010529873628811011
8500.0  0.02340548524661256388 0.0013232975934893635
8529.0  0.03026360140543121746 0.0014997431970716511
8557.0  0.03271813122140140168 0.0012531017741117315
8586.0  0.02975026331805324595 0.0011225474978672301
