#@Telescope UH88 
#@Reference Saunders et al. (2018) 
#@Redshift 0.0  
#@Spectrum Train_SN77_8.dat 
#@SN-Name Train_SN77  
#@Phase 19.428 
#@Survey SNFactory 
#@SN-Type SNIa 
#@Units Flux 
# 
# WAVE : 
# SN_SPEC : 
# SN_ERR :                     
#end                           
3305.0 0.010180767146997598    0.00271193312126214543
3317.0 0.013344858839523289    0.00276312341077459200
3328.0 0.012572781409367817    0.00265202972318724899
3339.0 0.022286760317354198    0.00265197109852272246
3350.0 0.013239155157397806    0.00246004266862369370
3361.0 0.014730375517641489    0.00246222394715075359
3372.0 0.012103635906006046    0.00236570356457464510
3383.0 0.014373815607351726    0.00239546557893206792
3395.0 0.016722494421994635    0.00244545161103069128
3406.0 0.014301676435974488    0.00230784115369278347
3417.0 0.019677256828182232    0.00235331381129567354
3429.0 0.021630505465788062    0.00243544435284017650
3440.0 0.021520131298550845    0.00230601918823295816
3452.0 0.025255060553925856    0.00223609546068484792
3463.0 0.024948005190165802    0.00218987496157779836
3475.0 0.028733207368686991    0.00215597894428807722
3486.0 0.025220604853594071    0.00221102176055999744
3498.0 0.034630356779413472    0.00217770984857401087
3509.0 0.037427198061101272    0.00221079686893055870
3521.0 0.033252012309290868    0.00218515015107805357
3533.0 0.033645629558088287    0.00217578700172711432
3545.0 0.041731642263416781    0.00227645860437987284
3556.0 0.041770307871543136    0.00221218053941294682
3568.0 0.038125843720433997    0.00208076174560050840
3580.0 0.047302984472713194    0.00214277772274466165
3592.0 0.041813493386842690    0.00202109755637046784
3604.0 0.038185808891848347    0.00195253073810698792
3616.0 0.039710076425207595    0.00189114960549306580
3628.0 0.047301585992045703    0.00191687974821623400
3640.0 0.055496738597818382    0.00201931050508634023
3652.0 0.059567032918928578    0.00206494575938224708
3664.0 0.063856746766276687    0.00212237744706618350
3677.0 0.070534303855423794    0.00205834453744547976
3689.0 0.074691109270231162    0.00214127463582341462
3701.0 0.071062503060473250    0.00197573278522714460
3714.0 0.074041990812765440    0.00188680082908710377
3726.0 0.073025260611592438    0.00201826061049773268
3738.0 0.077248880501992162    0.00191217313582575047
3751.0 0.066063356072905324    0.00188279980436197882
3763.0 0.055856811977234480    0.00179755280613415553
3776.0 0.048644176502242994    0.00178817344848471128
3788.0 0.041076169936813865    0.00180790100921410213
3801.0 0.040170491426696722    0.00170897172088590988
3814.0 0.041564991614773041    0.00155360537423402420
3826.0 0.049361405411117235    0.00174041228619104937
3839.0 0.054271956219884010    0.00167028925194535036
3852.0 0.062135286652568768    0.00178708874190330468
3865.0 0.073911433677241969    0.00197235678013253516
3878.0 0.075393048396587614    0.00195745244998553379
3891.0 0.075866551128159834    0.00198129385385534913
3904.0 0.083334672013868058    0.00205708094474410172
3917.0 0.074469228466334803    0.00202735478428224406
3930.0 0.085874385453155400    0.00197053720395121363
3943.0 0.091841350746454581    0.00189362455062432153
3956.0 0.087348666355353835    0.00188160383505637336
3969.0 0.079666973913479461    0.00178172201121807911
3982.0 0.075821076405811066    0.00182974801470276978
3995.0 0.069756218178583004    0.00182637311178209471
4009.0 0.064008822191699746    0.00180369488965889777
4022.0 0.058349834092217875    0.00176532830529034773
4036.0 0.062569391190421098    0.00173877302378854176
4049.0 0.068178673272018819    0.00167352400749586072
4062.0 0.062886864855639282    0.00164614653986402851
4076.0 0.058312604023146961    0.00164004683602719022
4090.0 0.059014269432114720    0.00159548323167272416
4103.0 0.059181803314181602    0.00155511248991253674
4117.0 0.058734266991332093    0.00155229999282110141
4131.0 0.057257748229608531    0.00154815576406529699
4144.0 0.063681553177190930    0.00155994398931470573
4158.0 0.068481643669965619    0.00157623009111447672
4172.0 0.071926795905470908    0.00153466022036926968
4186.0 0.070188394471687385    0.00159762021369509906
4200.0 0.069461535216769760    0.00158574958027146024
4214.0 0.070131568866779376    0.00159274484918442210
4228.0 0.065164294977808956    0.00159575707203060105
4242.0 0.066374184317128243    0.00156180295948027317
4256.0 0.071853557001813173    0.00157440612745409847
4270.0 0.073882489965642048    0.00157918404188471897
4284.0 0.075170143391110736    0.00157766423330026094
4299.0 0.076429530136339727    0.00155255449394554770
4313.0 0.063508454053044727    0.00148492092759615183
4327.0 0.060227556961463730    0.00148204646249841900
4342.0 0.055461693734567476    0.00147566244975323095
4356.0 0.048567897476251842    0.00144354818595699048
4371.0 0.046361936967558200    0.00142302863644979088
4385.0 0.041550098871013588    0.00136105494016775679
4400.0 0.042021207271961250    0.00137898030001481543
4415.0 0.045191279251856037    0.00137064860815721656
4429.0 0.047450777817363531    0.00138882126558488930
4444.0 0.046974357959929811    0.00137563488918334364
4459.0 0.050808599948797981    0.00138778546567964621
4474.0 0.055438182322667173    0.00141942387392691191
4489.0 0.064228485246827088    0.00143732710412884050
4504.0 0.074774310234291388    0.00147443796827833652
4519.0 0.088133468959154179    0.00152775461737403957
4534.0 0.109143508417419544    0.00159968444416354609
4549.0 0.120427311896159059    0.00163234169471617417
4564.0 0.130754953010999320    0.00165434972134700649
4579.0 0.141555267911625704    0.00170828198976556581
4594.0 0.149804604100753608    0.00172204739397580184
4610.0 0.154000687551992199    0.00172540499627651467
4625.0 0.138098972778841367    0.00169309052432448461
4640.0 0.118247941033055637    0.00160733742237467920
4656.0 0.100513164989515305    0.00151950284757525374
4671.0 0.090833806448077897    0.00149337091477707629
4687.0 0.080951087121651819    0.00146023683076999984
4703.0 0.070906979907349191    0.00138233821732989897
4718.0 0.066044972173987818    0.00133737924886726889
4734.0 0.059824278595172156    0.00132810225611339314
4750.0 0.057292193190036145    0.00133466317069182508
4766.0 0.065587565172315829    0.00134986075483963593
4781.0 0.074106696904118516    0.00141698541654902742
4797.0 0.069707992558320650    0.00141904208258435225
4813.0 0.071703027037067421    0.00144292652760327962
4829.0 0.066101076564602193    0.00144859899075429257
4846.0 0.068535784387875817    0.00151800929559884430
4862.0 0.078459544824128799    0.00163475247629043738
4878.0 0.088908018753335830    0.00177409777056497823
4894.0 0.095478634858244288    0.00192189656892433167
4910.0 0.099388576670048856    0.00206914473370679300
4927.0 0.097309094475145505    0.00216072409764039722
4943.0 0.090990763856580614    0.00190323519109183276
4960.0 0.076806377379614252    0.00171020752035247253
4976.0 0.068478763577437499    0.00162050044584731391
4993.0 0.066480177191558271    0.00258311592245995605
5009.0 0.071685268046770556    0.00274104164197456817
5026.0 0.065756344499424010    0.00232607892670978235
5043.0 0.062437322637532350    0.00198648199935230882
5060.0 0.061848295855843172    0.00172756479651686723
5076.0 0.059240073230259982    0.00162073996159703328
5093.0 0.059569816038821215    0.00159901265900718359
5110.0 0.056511361732289406    0.00156151353501702227
5127.0 0.058701147192246818    0.00153674882452841158
5144.0 0.066281535746512465    0.00152156302022669648
5162.0 0.078554709426020511    0.00150008745179241619
5179.0 0.091077394967366554    0.00147002265321494879
5196.0 0.104877389536809154    0.00148131516175840851
5213.0 0.112326341974911467    0.00144654099830763909
5231.0 0.124823666321839513    0.00143616577508274700
5248.0 0.131096683828397120    0.00144035536069393407
5266.0 0.133947533136881874    0.00140896773808701589
5283.0 0.133300620296454342    0.00135947734989857300
5301.0 0.130760614199828207    0.00131316004536183827
5318.0 0.124700593899486928    0.00127667923605789151
5336.0 0.125284964314859776    0.00126806993016201353
5354.0 0.123654298886014744    0.00125064560765268261
5372.0 0.128446773736488828    0.00123139066567584166
5390.0 0.132753436634428790    0.00123565040145223498
5408.0 0.131931974799201462    0.00129505360361672822
5426.0 0.132492168533173194    0.00118128860546261750
5444.0 0.130348024372679561    0.00115926617637584508
5462.0 0.126544605132368093    0.00113729293590665581
5480.0 0.120405805249783934    0.00110162300727324552
5498.0 0.114565502788876145    0.00105887994035929584
5517.0 0.111278764878588052    0.00102762323104699563
5535.0 0.104423641609660639    0.00097838776054172253
5553.0 0.098914533547103528    0.00095840425297015507
5572.0 0.093650298394563278    0.00092737170251555579
5590.0 0.083806477328539089    0.00087858438485846429
5609.0 0.077869320009682358    0.00083635394872637857
5628.0 0.074610803082249252    0.00082789811461025746
5647.0 0.069237229399678607    0.00080036473366704598
5665.0 0.066750023384021362    0.00077875838534987880
5684.0 0.064964359109514730    0.00077104868120468693
5703.0 0.065894035652537278    0.00077869846313918367
5722.0 0.071370912498001468    0.00077492988311185518
5741.0 0.077988874171462191    0.00078572132924421107
5760.0 0.086322827148405834    0.00079850444966525675
5780.0 0.093930411036082323    0.00081168999339343185
5799.0 0.102106577271631915    0.00082485715860031476
5818.0 0.107984108619770397    0.00082376763179369732
5838.0 0.110624938951871213    0.00082434225212827642
5857.0 0.112548895578348865    0.00082437410907590424
5876.0 0.108640481285305318    0.00080021779532016290
5896.0 0.098440763608130810    0.00075506984697206977
5916.0 0.096570859346013962    0.00074449708852696538
5935.0 0.089764399891784183    0.00072497428291525316
5955.0 0.086552852912425093    0.00071619826059670115
5975.0 0.082429698073039709    0.00069923460654827002
5995.0 0.078577848321247368    0.00068560026800400871
6015.0 0.074432246394575907    0.00066511111155340868
6035.0 0.077256580938828853    0.00066748917678961166
6055.0 0.079203792326184450    0.00066850199332576176
6075.0 0.076422936218613999    0.00065240249321963186
6095.0 0.071873150323891299    0.00063516117603606569
6116.0 0.062489532613115115    0.00059129567011589911
6136.0 0.059669483892636412    0.00057440075170522127
6157.0 0.062073014270511824    0.00058103525454493551
6177.0 0.062994161814951669    0.00057716363157180126
6198.0 0.061759335739700640    0.00056194625968241491
6218.0 0.059474538714667333    0.00055116459298840375
6239.0 0.064237981719999671    0.00056167361901479575
6260.0 0.067670957996780745    0.00056940411621838976
6281.0 0.072860808834899510    0.00057799257321720411
6302.0 0.077311010351995182    0.00059035519861664145
6323.0 0.078082960387940659    0.00058598158640742323
6344.0 0.083735340390570914    0.00059596056491409964
6365.0 0.082673652591250965    0.00058185999157402656
6386.0 0.083563219887617599    0.00058118148635975613
6407.0 0.084373098446092351    0.00057396320156874827
6429.0 0.085432029684705910    0.00057299633150234260
6450.0 0.084461702458722518    0.00056837507592660580
6471.0 0.084444463727822286    0.00056177912161533921
6493.0 0.084030641875635678    0.00055272044339830715
6515.0 0.082686140007776548    0.00054680397662950925
6536.0 0.080431511267646943    0.00054161324783273462
6558.0 0.079385238200264316    0.00056145928498960444
6580.0 0.074655360538777554    0.00052983216625568125
6602.0 0.068679170886106172    0.00050862995688927737
6624.0 0.064903423076136363    0.00050768427379717439
6646.0 0.062031276975626513    0.00051021920480674081
6668.0 0.058138914920972735    0.00050455210720306730
6690.0 0.054692549673687432    0.00047713023980916805
6713.0 0.051687990392492215    0.00046063399864445885
6735.0 0.048789633614439616    0.00044482248404720351
6757.0 0.045886772302260730    0.00043230362143763408
6780.0 0.043747893756074976    0.00041980262429047347
6803.0 0.043008904615317957    0.00041234126803588877
6825.0 0.038869777842182353    0.00040018845796003258
6848.0 0.040548773251350784    0.00040459426479598796
6871.0 0.039630652561323275    0.00039877046189239944
6894.0 0.039094463389498471    0.00039500545905300831
6917.0 0.038706607813601891    0.00039322616176680394
6940.0 0.038808089784574139    0.00039078408385215962
6963.0 0.037545022694933712    0.00039043290974458692
6986.0 0.037695482813390899    0.00038586728249437807
7009.0 0.036551703350792435    0.00040645039057945581
7033.0 0.035497117247724225    0.00038993792116664023
7056.0 0.034933376868502487    0.00040117323502119462
7079.0 0.036633986926402878    0.00039580338138981585
7103.0 0.035927784727541885    0.00040002688201562205
7127.0 0.037172253315892766    0.00039227212615048225
7150.0 0.037221439197916116    0.00038475175808462547
7174.0 0.036903934510661741    0.00037966309109355867
7198.0 0.036987382822452099    0.00037310092173705443
7222.0 0.037027652911840007    0.00037188276960403943
7246.0 0.037372339442376980    0.00038444513963431932
7270.0 0.037359154343257019    0.00037195311029902003
7295.0 0.037896117441445103    0.00038519072423665604
7319.0 0.037056145109717838    0.00037922664673744878
7343.0 0.037278997708672212    0.00038488379358016277
7368.0 0.036555374400282649    0.00052335354997346808
7392.0 0.036064269730863178    0.00045039640477697972
7417.0 0.034842088817586409    0.00039881815614026251
7442.0 0.034536468973755702    0.00036337232163499386
7466.0 0.034300537568014794    0.00038610834362026958
7491.0 0.034146260271167350    0.00037080500986496088
7516.0 0.033085561535499228    0.00038524418208725074
7541.0 0.032935594474665798    0.00037606519880405609
7566.0 0.031964916737255003    0.00037970563735926024
7592.0 0.032765630408239571    0.00037233161913233893
7617.0 0.032978191572718071    0.00039835962808198723
7642.0 0.031824974747840455    0.00037564610817194546
7668.0 0.031270591408077780    0.00039474472381326636
7693.0 0.031362734428710848    0.00036133211025685596
7719.0 0.030529042474175615    0.00037438149823413837
7745.0 0.029897373541651191    0.00037309581594373949
7770.0 0.029567285585015996    0.00037020763575710446
7796.0 0.029536009801612109    0.00035157730783715930
7822.0 0.029610687957096527    0.00035198855930227400
7848.0 0.029034765703926966    0.00034856698968998429
7874.0 0.027780050776814894    0.00033952845198797089
7901.0 0.028699386524318953    0.00034380803500091110
7927.0 0.027511501145352925    0.00034216125401142074
7953.0 0.026530293969095335    0.00033491689682578810
7980.0 0.025820836346932888    0.00033675814763852721
8007.0 0.024917282164000600    0.00033370611394198298
8033.0 0.024341410895126352    0.00038731888705570259
8060.0 0.025428956923071018    0.00033815451864134966
8087.0 0.024166484251701717    0.00039406962499962544
8114.0 0.022972597248594687    0.00034333388032634776
8141.0 0.019828576482116608    0.00035816864199916256
8168.0 0.016853985390227425    0.00034797563681330509
8195.0 0.015423985652068884    0.00033458069907264294
8222.0 0.012379732704634765    0.00028852427390323063
8250.0 0.015063055990837257    0.00030003512730678429
8277.0 0.016244558793838033    0.00030069638216107750
8305.0 0.016629153145734318    0.00029826632895017775
8333.0 0.016469397190613962    0.00029697073558849498
8360.0 0.018624899652906778    0.00032988776313991320
8388.0 0.022233589609838823    0.00034470005481423624
8416.0 0.026547523263295285    0.00033702285262298309
8444.0 0.030392310027695008    0.00034126623181460344
8472.0 0.033021391513255560    0.00035807259476629668
8500.0 0.036096585554996216    0.00044237853193075655
8529.0 0.039339112577335890    0.00038134534826958147
8557.0 0.041350932967141020    0.00046918626445240286
8586.0 0.044949544497018122    0.00040947052474813979
