#@Telescope UH88 
#@Reference Saunders et al. (2018) 
#@Redshift 0.0  
#@Spectrum Train_SN24_0.dat 
#@SN-Name Train_SN24  
#@Phase -7.500 
#@Survey SNFactory 
#@SN-Type SNIa 
#@Units Flux 
# 
# WAVE : 
# SN_SPEC : 
# SN_ERR : 
#end 
3305.0 0.119876804034766776    0.0077162887906818741
3317.0 0.131613269871485111    0.0076392567901985590
3328.0 0.137202611311059097    0.0075003452275100337
3339.0 0.139574730523635449    0.0076003792605767546
3350.0 0.140682142123819270    0.0073223433603504598
3361.0 0.150473894827593380    0.0073576480646150794
3372.0 0.137847872472494748    0.0070499874155774750
3383.0 0.150752791710224238    0.0072672277289271151
3395.0 0.148372124813421491    0.0071976093730189237
3406.0 0.166561027113943771    0.0071577505445144874
3417.0 0.158288955039736140    0.0070485246073817807
3429.0 0.186220979840870188    0.0071664070782829943
3440.0 0.203443155107958379    0.0070403387467501289
3452.0 0.207677953005515475    0.0070784093328798972
3463.0 0.213661310611394678    0.0071671475078192116
3475.0 0.224607281607060477    0.0070598560835723806
3486.0 0.242312533018098103    0.0069849424645747936
3498.0 0.256723269475895410    0.0069048854315629273
3509.0 0.266251019235981323    0.0069092232821386136
3521.0 0.270849535827271504    0.0069997710478789119
3533.0 0.276990025081801317    0.0069535794132495506
3545.0 0.283915245437999397    0.0069202036609113272
3556.0 0.279780216858973252    0.0068011840628135756
3568.0 0.264852494146752548    0.0065677243853138126
3580.0 0.274768230916046741    0.0065444731009986759
3592.0 0.263318494782592338    0.0063431936648389448
3604.0 0.259298748965486547    0.0062225483828131237
3616.0 0.241993276920172695    0.0059743892579775431
3628.0 0.231013627572247721    0.0058564553949692058
3640.0 0.232291971056863056    0.0057773306001244647
3652.0 0.203563353261371066    0.0055009899351563451
3664.0 0.166002823037634056    0.0051986963043326832
3677.0 0.147069101759894516    0.0050321190329968048
3689.0 0.126585739636299210    0.0049523006650482281
3701.0 0.105285795073165114    0.0047743921189659887
3714.0 0.103997531861273307    0.0046582229233573490
3726.0 0.092204196706296856    0.0044411227278787760
3738.0 0.100596243141665667    0.0043889075695404600
3751.0 0.108335437409842528    0.0044859442245989431
3763.0 0.110494912960547739    0.0045054957012101594
3776.0 0.119467535508883782    0.0044799980084307793
3788.0 0.121705515716558174    0.0045037035194997587
3801.0 0.137721833675025718    0.0046930044173432908
3814.0 0.164696220238208624    0.0050522788737272376
3826.0 0.179522444369731110    0.0052066935809897234
3839.0 0.207625961697113809    0.0050551119922570015
3852.0 0.245434033968160936    0.0050353236756589329
3865.0 0.259350849836407049    0.0051137396716315611
3878.0 0.280201786198889247    0.0052143585811388936
3891.0 0.305634338284692775    0.0054117933885961247
3904.0 0.322013700933557412    0.0055919366500064424
3917.0 0.343669227195867455    0.0058258798605243297
3930.0 0.349199111782161731    0.0057632309461758168
3943.0 0.326273609690678534    0.0053764044815268874
3956.0 0.317180734856116142    0.0052497487624706997
3969.0 0.280429193242268060    0.0049136001471351233
3982.0 0.273691262923522194    0.0048709693266163071
3995.0 0.265225964249137858    0.0047771740119361408
4009.0 0.281782289302687672    0.0048085451022313649
4022.0 0.290783487441350297    0.0048770067766367537
4036.0 0.298989133988779798    0.0048732718393604156
4049.0 0.318224958519872092    0.0048824306875682793
4062.0 0.344327336402327600    0.0050558633712976062
4076.0 0.326078271224259253    0.0049406678751764887
4090.0 0.318359966334932742    0.0048422473999953919
4103.0 0.315220735165616717    0.0047491397862079315
4117.0 0.301555886082200852    0.0046629599489902513
4131.0 0.285052727859345822    0.0045963694462228949
4144.0 0.263591424158594212    0.0045258354658375107
4158.0 0.262953795268310420    0.0045583998912362795
4172.0 0.252938354888515016    0.0044837276207640433
4186.0 0.247496333562953225    0.0044477828665710692
4200.0 0.226233360303313563    0.0042723786653164914
4214.0 0.221909789191106932    0.0042171636120240221
4228.0 0.209782702337797750    0.0041363339947299953
4242.0 0.202726439247257278    0.0040817940178121213
4256.0 0.190105276561488151    0.0039762093602835665
4270.0 0.181859800622775042    0.0038615299744520120
4284.0 0.160891869391960068    0.0036659183708678566
4299.0 0.151215237402981345    0.0035774157130452383
4313.0 0.157886804303555756    0.0036055782209614656
4327.0 0.160854848904270792    0.0036246705277170428
4342.0 0.172466535183395525    0.0036981640165646809
4356.0 0.179460210109002372    0.0037398933206019966
4371.0 0.184955719809152375    0.0036851308327422987
4385.0 0.187049151049667461    0.0036941909370552780
4400.0 0.173983227270568919    0.0036227596938424012
4415.0 0.168963766179129032    0.0035751566774259690
4429.0 0.163269126667643566    0.0035360641800708040
4444.0 0.175566446481232596    0.0036093954400182645
4459.0 0.189623104284408206    0.0036348196454227570
4474.0 0.199798649445076276    0.0037320904323235788
4489.0 0.199290007539333236    0.0036997651501507320
4504.0 0.202328407217172213    0.0037171027895898058
4519.0 0.207960406171218637    0.0037297749107390748
4534.0 0.196612148614222937    0.0036515817735218994
4549.0 0.195049832868912393    0.0036480185305322915
4564.0 0.197112472596224525    0.0036271947824470557
4579.0 0.189550665952425756    0.0036269478855026982
4594.0 0.193690000375085852    0.0036374002323350759
4610.0 0.193651644936753714    0.0036109309590851004
4625.0 0.179422366508564579    0.0035554874309844898
4640.0 0.163127198311871280    0.0034784893516809886
4656.0 0.154699141800326068    0.0034252670716988505
4671.0 0.150484574766465151    0.0034403604516247562
4687.0 0.160100094557938416    0.0035544625399368413
4703.0 0.157863542987890154    0.0035604906672175602
4718.0 0.151750102686224658    0.0035939411624990331
4734.0 0.141881363523962162    0.0036756853601314283
4750.0 0.136839573352049437    0.0038779180277303503
4766.0 0.136895872840533367    0.0041786902151549525
4781.0 0.143312159026293184    0.0045433906129733678
4797.0 0.136593517872870523    0.0048184923268352062
4813.0 0.123365276946382177    0.0049742102493804336
4829.0 0.100035896633879087    0.0048432411159079558
4846.0 0.104284515693531310    0.0043826130189390409
4862.0 0.107199866313157519    0.0041897077489390921
4878.0 0.109483101402050004    0.0040949244357039059
4894.0 0.104449699819988334    0.0068430548472658706
4910.0 0.106038262684569562    0.0068593777308428765
4927.0 0.116898976196792209    0.0058102202884456776
4943.0 0.115845626694348960    0.0047343876244495854
4960.0 0.116239457850058667    0.0042277113379457030
4976.0 0.121220847767718062    0.0042105260906583801
4993.0 0.122163120530864436    0.0042050305641263813
5009.0 0.130012918585979576    0.0041290838979886040
5026.0 0.129229775221573612    0.0039554163188862176
5043.0 0.134661100361201602    0.0037816594498750206
5060.0 0.134011476050170775    0.0035756617914670095
5076.0 0.137174193780679604    0.0033952429707283060
5093.0 0.147527702175749315    0.0033155004726997152
5110.0 0.144522158993826227    0.0031564061711814185
5127.0 0.139722421034178035    0.0030190800640702096
5144.0 0.135032497581556804    0.0029043348842381369
5162.0 0.138713491971212660    0.0028353913675425385
5179.0 0.139870980526907190    0.0027450605239582242
5196.0 0.135978516718262499    0.0026486477227196902
5213.0 0.117416385951251215    0.0024670273901796816
5231.0 0.110215928353654999    0.0023651275877214330
5248.0 0.098674836163910540    0.0022830405026432665
5266.0 0.095566546780484332    0.0022133840809117388
5283.0 0.091612859530904173    0.0021820731630508936
5301.0 0.090182616306274582    0.0026982708249785135
5318.0 0.093627443649369382    0.0020813185479974269
5336.0 0.102031690392454702    0.0021138958163733038
5354.0 0.104878636953923285    0.0020978271817058158
5372.0 0.105370713278680833    0.0020536720130416072
5390.0 0.096463546049166682    0.0019492466406878493
5408.0 0.089528279912033840    0.0018671067424720234
5426.0 0.083620171278848923    0.0017944416872184917
5444.0 0.080189917286692322    0.0017364990508820673
5462.0 0.083176812705986744    0.0017371534115653792
5480.0 0.093194566229730449    0.0017629499361427417
5498.0 0.104811373031041599    0.0017819458774571109
5517.0 0.110951004970403569    0.0017845895638530309
5535.0 0.105895992641365302    0.0017248522906711901
5553.0 0.104608792569074724    0.0017115383491921720
5572.0 0.106149699161197569    0.0017334014242279202
5590.0 0.111693940659228941    0.0019285718835453721
5609.0 0.106196180470111146    0.0016964577851057117
5628.0 0.113484297638980464    0.0016974805685485502
5647.0 0.113852095968542663    0.0016725572584656953
5665.0 0.113278282011588780    0.0016457381494350421
5684.0 0.108510313692022062    0.0016036575125670479
5703.0 0.104473529870472023    0.0015578148273102945
5722.0 0.096871830794137234    0.0014971498771314666
5741.0 0.097628979392426526    0.0014851772515033165
5760.0 0.096939051770954687    0.0014503536501633786
5780.0 0.095624095197387765    0.0014252210515947996
5799.0 0.099053627516802190    0.0014403974330840074
5818.0 0.095151820562570613    0.0013867079354469732
5838.0 0.098189431052315604    0.0014013006429697810
5857.0 0.096378193806292894    0.0013839991197054956
5876.0 0.100451904785237134    0.0013765740230854211
5896.0 0.099394216192594323    0.0013546142004532079
5916.0 0.101192128807141846    0.0013628935997028789
5935.0 0.098968459140743537    0.0013517339514599166
5955.0 0.098943403973624486    0.0013437176336225096
5975.0 0.093652802105165231    0.0013944678387957669
5995.0 0.086311046974831732    0.0013183473439667746
6015.0 0.081574587010694866    0.0012135122076733439
6035.0 0.070970641437971160    0.0011750232954801101
6055.0 0.057660764631941808    0.0010889529034146795
6075.0 0.047192302021473162    0.0009831254223750762
6095.0 0.037323063496740215    0.0009047654881689759
6116.0 0.037844682025423237    0.0008892639392740697
6136.0 0.038234569722593155    0.0009043924178721522
6157.0 0.048796093788490195    0.0009581792466314417
6177.0 0.054735808849316420    0.0010028072996237306
6198.0 0.066487004136330297    0.0010336746200700381
6218.0 0.074225651060853728    0.0010694840887059685
6239.0 0.080477697237646612    0.0010919470279600722
6260.0 0.086332561298096744    0.0010930389107112433
6281.0 0.091008756209926212    0.0011057790375050354
6302.0 0.093218459265545381    0.0011005415888510456
6323.0 0.091517951595511238    0.0010839879884649583
6344.0 0.089397819728143521    0.0010690461921718515
6365.0 0.091584998572546372    0.0010589886825299896
6386.0 0.089034757215525923    0.0010470385904009733
6407.0 0.085610867431975421    0.0010231116097601503
6429.0 0.084332174081250766    0.0010085322841426071
6450.0 0.085534111269463642    0.0010108263969454050
6471.0 0.079316513661080251    0.0009795227960881718
6493.0 0.079587371581691865    0.0010138221098293433
6515.0 0.078137492249988519    0.0010198611171975730
6536.0 0.076077745096600563    0.0010402255049207106
6558.0 0.075919575007928258    0.0010119709359993020
6580.0 0.074259321151927904    0.0009760081939015929
6602.0 0.067949538546631660    0.0009386666560234872
6624.0 0.070303350177775475    0.0009355920121383136
6646.0 0.070434803257035980    0.0009180571344697398
6668.0 0.066015508028313935    0.0008870028837602428
6690.0 0.065864913357739766    0.0008824249307580601
6713.0 0.063592770646236640    0.0008570478185966968
6735.0 0.059699596184535693    0.0008338651300412451
6757.0 0.060037527516995252    0.0008304900654059564
6780.0 0.060213508419257933    0.0008397439177162817
6803.0 0.060963116941602224    0.0008369529972046448
6825.0 0.057171297695781727    0.0008232658144138360
6848.0 0.055453386844617820    0.0008096743574702758
6871.0 0.053203876795022420    0.0008744871563516115
6894.0 0.054467036440601059    0.0008484066319745260
6917.0 0.053878848771435034    0.0009034289174154116
6940.0 0.054413148209131623    0.0008472870813338190
6963.0 0.052462699267183714    0.0008554699899250449
6986.0 0.050645329195971873    0.0008213229192624653
7009.0 0.051531440999856001    0.0008166266820214239
7033.0 0.051206943288480140    0.0008070076236262901
7056.0 0.051707335000740796    0.0007809302662531563
7079.0 0.049861569135147950    0.0007641317041483140
7103.0 0.050484575711052998    0.0008098348503697474
7127.0 0.050274164300116914    0.0007651454469156636
7150.0 0.051059145790373413    0.0008149885914804859
7174.0 0.049467836446053084    0.0007596211841790988
7198.0 0.048566660432583265    0.0007840724863003597
7222.0 0.044480472469547311    0.0011497250672321319
7246.0 0.042736820295498315    0.0009682055880205257
7270.0 0.044425573922026333    0.0008331288578372962
7295.0 0.042834712387243096    0.0007425454672465012
7319.0 0.043142233559788412    0.0008222370624572843
7343.0 0.040288239315842307    0.0007670516259184248
7368.0 0.041315399975339284    0.0008318582667853754
7392.0 0.038887560851476620    0.0007810055339750498
7417.0 0.038824872346222838    0.0007954002089746543
7442.0 0.036530145540329073    0.0007622697148608615
7466.0 0.034635657300062482    0.0008389047810784820
7491.0 0.035085972238246312    0.0007766338358499551
7516.0 0.032278622457554293    0.0008194694726052466
7541.0 0.034125331177352142    0.0007411985885862501
7566.0 0.035816985842650431    0.0007940769434443479
7592.0 0.035606128045106017    0.0008018051095838856
7617.0 0.038055661945029420    0.0007921161486742774
7642.0 0.037176720985581009    0.0007330742417466331
7668.0 0.037666971056172643    0.0007377265380292711
7693.0 0.038065579429174143    0.0007269079564639770
7719.0 0.039846362105580832    0.0007208323891307595
7745.0 0.038937257025152050    0.0007256254612068942
7770.0 0.038932972119085300    0.0007264629643482852
7796.0 0.038794182781106003    0.0007224083800788616
7822.0 0.037414546095983374    0.0007254049392392149
7848.0 0.034925984427504941    0.0007111568617136984
7874.0 0.033508918290491241    0.0008931205411768264
7901.0 0.031902382018306086    0.0007144770727081502
7927.0 0.027785927653928160    0.0008820230432273503
7953.0 0.026240354546710656    0.0007211130447513760
7980.0 0.025951675335872941    0.0008036644078767056
8007.0 0.021300110288669509    0.0007959049192721523
8033.0 0.023166357065131434    0.0007679989567866959
8060.0 0.023715962667504118    0.0006670987881571890
8087.0 0.024280554462759032    0.0006855376536300885
8114.0 0.023542704511175745    0.0006611122688392693
8141.0 0.021086083081832328    0.0006051735517266328
8168.0 0.018773832999920095    0.0006167889233755944
8195.0 0.020354096609477918    0.0007650550972526222
8222.0 0.020435368617803002    0.0007814144383325929
8250.0 0.021596095201908905    0.0006752612865796967
8277.0 0.021326912898561121    0.0006219066744750501
8305.0 0.020402922938883423    0.0006471366283982061
8333.0 0.023086566138199757    0.0009285443236671953
8360.0 0.024862801393875363    0.0006792427400223820
8388.0 0.026830316996312165    0.0009683274865345463
8416.0 0.032027095264108858    0.0007744467658106419
8444.0 0.035389967960467249    0.0009052709117325534
8472.0 0.032425983514065435    0.0009177507797994368
8500.0 0.029883925431624155    0.0008742544429166609
8529.0 0.031402360009125906    0.0007799552109043996
8557.0 0.035170082744444921    0.0008239925814473596
8586.0 0.031036190789136307    0.0007706675595248887
