#@Telescope UH88 
#@Reference Saunders et al. (2018) 
#@Redshift 0.0  
#@Spectrum Train_SN57_10.dat 
#@SN-Name Train_SN57  
#@Phase 43.097 
#@Survey SNFactory 
#@SN-Type SNIa 
#@Units Flux 
# 
# WAVE : 
# SN_SPEC : 
# SN_ERR : 
#end 
4846.0  0.0246691803167428843  0.0123457733727698662
4862.0  0.0304008114120181278  0.0110708963206782498
4878.0  0.0118143158617461403  0.0106780953795285131
4894.0  0.0313271081907730217  0.0106834105015797855
4910.0  0.0145390123278127132  0.0103525283894974514
4927.0  0.0355859947716283820  0.0101521285044588131
4943.0  0.0291345811522016399  0.0093953145596430473
4960.0  0.0262850331735439077  0.0089257140176908483
4976.0  0.0119359784330337493  0.0083600354599447004
4993.0  0.0064058421181244808  0.0078780187269869469
5009.0  0.0191088130484065970  0.0076503047572339502
5026.0  0.0119390788187303167  0.0073176505506424485
5043.0  0.0090224416218146024  0.0070443529677780862
5060.0 -0.0049015324378465777  0.0066899604590560232
5076.0  0.0105301166608651499  0.0065403830217593004
5093.0  0.0015917992686383582  0.0063579002415095932
5110.0  0.0020902878023594529  0.0061898015340175793
5127.0  0.0080046373784413323  0.0060457750151469763
5144.0  0.0092470739675416854  0.0059441022683196058
5162.0  0.0205936525452903342  0.0058607420462943420
5179.0  0.0016887374255949682  0.0056071377275768424
5196.0  0.0147062411284407477  0.0056336907945525533
5213.0  0.0179711372669853174  0.0054770700197663289
5231.0  0.0176651102039121731  0.0062403674165589897
5248.0  0.0303591232816717398  0.0052796740040643641
5266.0  0.0201939260095984237  0.0051156733004234312
5283.0  0.0234548948884688371  0.0049610045409590048
5301.0  0.0258496997490230800  0.0048427733588685901
5318.0  0.0197920496739506929  0.0048068030870578645
5336.0  0.0293751377476705947  0.0047619391389874107
5354.0  0.0302710772965206765  0.0046634648002230840
5372.0  0.0331716401687238358  0.0045819440957439034
5390.0  0.0230462308541126877  0.0044504698230260096
5408.0  0.0271135442369806155  0.0043776095365991030
5426.0  0.0215541090202936193  0.0042712524467194745
5444.0  0.0268688041667289081  0.0042761563220010549
5462.0  0.0290126718834024765  0.0042713542404553178
5480.0  0.0237275563696173822  0.0041796791622629873
5498.0  0.0277484799884328628  0.0041552725982815205
5517.0  0.0300573822674709140  0.0045397335061444959
5535.0  0.0336953182256355607  0.0043564084845032439
5553.0  0.0217138637850210099  0.0039627841894278410
5572.0  0.0314042576672898949  0.0039513963779510084
5590.0  0.0278762971426085374  0.0038500037645229587
5609.0  0.0245617242342636155  0.0037226872050415360
5628.0  0.0174027475525319990  0.0036605305515468090
5647.0  0.0202963140495220871  0.0035556126155593141
5665.0  0.0185294598609947146  0.0034986408952960473
5684.0  0.0269004381887043287  0.0034510843745827035
5703.0  0.0166631740395504352  0.0033577064843134229
5722.0  0.0202311815692784724  0.0033416626560053824
5741.0  0.0227444136062673226  0.0032841370950315984
5760.0  0.0228669100604456249  0.0032451942676088234
5780.0  0.0292028950270075485  0.0032011950580674996
5799.0  0.0243275297328776549  0.0031801054251855013
5818.0  0.0268528510933919266  0.0031464173233929568
5838.0  0.0251866928145953774  0.0031164460111768972
5857.0  0.0271635575248808173  0.0031027661056126365
5876.0  0.0247423064381404254  0.0030387316680178284
5896.0  0.0251915849655190947  0.0030744709436452554
5916.0  0.0230850714707620495  0.0030840487243803771
5935.0  0.0266812076018300114  0.0029214754525580971
5955.0  0.0184738933787317386  0.0028930435999137763
5975.0  0.0208978363114919255  0.0028959997343136804
5995.0  0.0207928054335833855  0.0028003724874079870
6015.0  0.0189279844642004716  0.0027409000807015133
6035.0  0.0160842275977980675  0.0027043476938461717
6055.0  0.0205164270177723915  0.0027080558375213782
6075.0  0.0172451016910693256  0.0026508271032589792
6095.0  0.0148602124476220534  0.0026134011187471384
6116.0  0.0162531435361456811  0.0025443963068713144
6136.0  0.0158415020101377313  0.0025340624460474703
6157.0  0.0162349821308030579  0.0024345875574481686
6177.0  0.0140681435563591861  0.0024610704239419016
6198.0  0.0248461211608611149  0.0024492614213535730
6218.0  0.0182581650319235504  0.0023997758560574695
6239.0  0.0172109312003464257  0.0023785823613212426
6260.0  0.0169169407934480140  0.0023416989913094808
6281.0  0.0172693425688355100  0.0023292827273884925
6302.0  0.0172067324617310065  0.0023008146266718628
6323.0  0.0174324821581894017  0.0022795668170351694
6344.0  0.0172326564380601566  0.0022499728505127482
6365.0  0.0191990092878593366  0.0022219497708761545
6386.0  0.0198827733136949410  0.0022180826374897660
6407.0  0.0183172740703955415  0.0023298502398337818
6429.0  0.0195156572873706920  0.0022950466793496003
6450.0  0.0244814888110195181  0.0024087870632671787
6471.0  0.0266248717383845944  0.0022906002981698107
6493.0  0.0284018100156352461  0.0022123552191642450
6515.0  0.0236762466951013321  0.0021854792166733166
6536.0  0.0293025638117944166  0.0021555796333229951
6558.0  0.0263332501956390561  0.0021184625327669766
6580.0  0.0215461075617410062  0.0020984628551638219
6602.0  0.0224426358783186945  0.0020848662842255731
6624.0  0.0174854233575216719  0.0020395623828686218
6646.0  0.0178898941745894852  0.0020270547497145508
6668.0  0.0129861983970479804  0.0019834716271370052
6690.0  0.0201835241124203625  0.0019851828700319304
6713.0  0.0154667140103110952  0.0019554438594812482
6735.0  0.0106923676145693047  0.0019402345597972247
6757.0  0.0092245808401155930  0.0019090426270845968
6780.0  0.0091094709736565319  0.0020906897539563272
6803.0  0.0089247003752007739  0.0021063877793270651
6825.0  0.0116086088696635385  0.0022083863029720542
6848.0  0.0097896825283833450  0.0020193836224661624
6871.0  0.0111606490112357917  0.0020843900204248153
6894.0  0.0124373821303253324  0.0020596222164243646
6917.0  0.0138199027550561446  0.0020240878621766859
6940.0  0.0084009421614046603  0.0019601393105520490
6963.0  0.0104275311344667679  0.0018719851468888421
6986.0  0.0058060766918040709  0.0018399987792315463
7009.0  0.0118885432974973667  0.0019594004116392978
7033.0  0.0100519828652858977  0.0018306720438429984
7056.0  0.0075206822780728043  0.0019330074326280697
7079.0  0.0091095138051576017  0.0018224251217103219
7103.0  0.0102929984634299292  0.0019009381368826578
7127.0  0.0082089987876517740  0.0027350508023443183
7150.0  0.0119554875898982040  0.0024000075296704893
7174.0  0.0091001058599838973  0.0020623997472161257
7198.0  0.0120751191473947202  0.0018315211349932796
7222.0  0.0073533610072160620  0.0019468868951717227
7246.0  0.0145510004466061615  0.0020181078155736931
7270.0  0.0203061000925288601  0.0021347804030678662
7295.0  0.0132615942163687058  0.0019376163284551102
7319.0  0.0134114619518777272  0.0020471796477071315
7343.0  0.0116787980016568142  0.0020384734465981199
7368.0  0.0144075258006373351  0.0022122294098786206
7392.0  0.0124631575377770303  0.0020541034299152898
7417.0  0.0117237761051439959  0.0021647755610438124
7442.0  0.0157985891891744418  0.0019240756883979974
7466.0  0.0145028209814884266  0.0020299959993971689
7491.0  0.0185943299596192033  0.0020953155629583270
7516.0  0.0166921029418610756  0.0019867396159575844
7541.0  0.0182594095318362182  0.0018237943179421768
7566.0  0.0114117700149095423  0.0018215681208132372
7592.0  0.0157624164279031934  0.0017945973617971179
7617.0  0.0142844189464063995  0.0017254186206322965
7642.0  0.0158039515810247146  0.0017880496267745915
7668.0  0.0139205577411466268  0.0017410243045266772
7693.0  0.0167727440600072900  0.0017206627131044182
7719.0  0.0174885641481059180  0.0017278310395147402
7745.0  0.0189559620079190125  0.0017203410100795236
7770.0  0.0197934822563535749  0.0022876596106231506
7796.0  0.0174467030115431215  0.0018679953719913831
7822.0  0.0076595264706104437  0.0023156815282457219
7848.0  0.0142026586223181171  0.0019098879069517627
7874.0  0.0123694224568814421  0.0021116912928476469
7901.0  0.0129417230334586981  0.0021698898815596577
7927.0  0.0101610221710590112  0.0020207706262379129
7953.0  0.0123937031953979798  0.0017931652407341130
7980.0  0.0071829114293036978  0.0018296181432331331
8007.0  0.0095027576059815693  0.0017042953935777179
8033.0  0.0096649312862078472  0.0016380056550842875
8060.0  0.0107796013269422526  0.0016896725900136876
8087.0  0.0091730906394392117  0.0020209956943855736
8114.0  0.0078107393412861544  0.0020327989805811767
8141.0  0.0056444641598183973  0.0018005111838672507
8168.0  0.0034567445041058628  0.0015969424398376093
8195.0  0.0009110561990026813  0.0015789454599568287
8222.0 -0.0022958117791844050  0.0025163919060189562
8250.0  0.0032899670507627009  0.0017365181026052963
8277.0  0.0019966295356197063  0.0025670430272065232
8305.0  0.0046189637633170348  0.0018865081852329024
8333.0  0.0106820660105550660  0.0021915395734142841
8360.0  0.0083713275706666698  0.0023323606117833522
8388.0  0.0022212692283682701  0.0021007843318694456
8416.0  0.0041848871003763999  0.0017996792989027142
8444.0  0.0144419170363319898  0.0019648788122205055
8472.0  0.0081033636995883167  0.0017607999655088759
8500.0  0.0152412969435346182  0.0016938407298479159
8529.0  0.0123041837016473095  0.0017540906767462281
8557.0  0.0120062648188681322  0.0016466380018582564
8586.0  0.0152079264211490237  0.0017504288079226782
