#@Telescope UH88 
#@Reference Saunders et al. (2018) 
#@Redshift 0.0  
#@Spectrum Train_SN52_6.dat 
#@SN-Name Train_SN52  
#@Phase 10.284 
#@Survey SNFactory 
#@SN-Type SNIa 
#@Units Flux 
# 
# WAVE : 
# SN_SPEC : 
# SN_ERR : 
#end 
3305.0 0.0205811905136563666    0.0179616578040050108
3317.0 0.0465427602951458963    0.0176611639620249360
3328.0 0.0353531622933309156    0.0164276222304703366
3339.0 0.0248194512682926305    0.0168593477511803612
3350.0 0.0468906760608888695    0.0161164844325550199
3361.0 0.0440412860187745642    0.0163071008798750770
3372.0 0.0505526414852631931    0.0162347891534334390
3383.0 0.0559135705079657902    0.0162908665679959951
3395.0 0.0516738297459138768    0.0162980276462208612
3406.0 0.0597778762355317753    0.0154429972085325298
3417.0 0.0668057440869602170    0.0151556516303640674
3429.0 0.0603863239380591707    0.0149287590027792280
3440.0 0.0645872613739137125    0.0144387185958490486
3452.0 0.0735539817026840959    0.0146014050332200808
3463.0 0.0573032121580984363    0.0145080255557112694
3475.0 0.0984658753296508010    0.0142883105485025544
3486.0 0.0698661754800575935    0.0136793738435708502
3498.0 0.1118114054205333746    0.0139321124118920951
3509.0 0.0993395510348053928    0.0142311095317061483
3521.0 0.0911293224635084942    0.0137243048964952180
3533.0 0.1066945712326587692    0.0137940967188703821
3545.0 0.1138095814346607587    0.0129435313361041578
3556.0 0.1453559580433012310    0.0123499595578494600
3568.0 0.1569391076603874058    0.0125401780965430885
3580.0 0.1494533930703065838    0.0122611592373250387
3592.0 0.1243916864722937471    0.0123059317847020403
3604.0 0.1259124832645240610    0.0122666086018937952
3616.0 0.1160095640389673249    0.0123929194492181632
3628.0 0.1527438314436800615    0.0125826292792353290
3640.0 0.1622142734701621514    0.0120835777322507287
3652.0 0.1717828630617824481    0.0111009931035760019
3664.0 0.1716785123658953194    0.0120986995721991189
3677.0 0.1793978150927292292    0.0120585005695046446
3689.0 0.1791518438431468629    0.0118480555032395730
3701.0 0.1398093441233012602    0.0125597767913629768
3714.0 0.0847775063429459241    0.0125003916646168577
3726.0 0.1086282768198125054    0.0126954548355133583
3738.0 0.1117083311928041556    0.0116117739408512204
3751.0 0.1164851196803160516    0.0113871663220935764
3763.0 0.0835329979144301682    0.0109162081980192262
3776.0 0.0925869233379380124    0.0105378130084771877
3788.0 0.0862628845339204614    0.0106686944141967232
3801.0 0.0803793367561442124    0.0109381012294953433
3814.0 0.0965849245923741523    0.0111783392442871415
3826.0 0.1202603217348379994    0.0113643530387265435
3839.0 0.1239081789425831720    0.0110214813443456818
3852.0 0.1442805784566646987    0.0106732672816597339
3865.0 0.1820359367102309389    0.0109984313998487421
3878.0 0.2507972071850479434    0.0111501415382107630
3891.0 0.2462769139795773776    0.0110967024093952590
3904.0 0.2839820487742887312    0.0111820474761317127
3917.0 0.2870596201260917635    0.0110558418121622093
3930.0 0.3114011321734915239    0.0110094308800754558
3943.0 0.3119923763381988735    0.0109451074024257185
3956.0 0.2650497666635952543    0.0105864974306403674
3969.0 0.2642638521844147270    0.0103751484250397524
3982.0 0.1988048456815533771    0.0098731259974116619
3995.0 0.1845360271405032671    0.0092735195305011960
4009.0 0.1899267151087935535    0.0097254813738877118
4022.0 0.1986389146163002051    0.0097771144270998676
4036.0 0.1865185570674013638    0.0096148951018177817
4049.0 0.2293014112140769334    0.0098703831040388781
4062.0 0.2260332492990500819    0.0098314413979112229
4076.0 0.2447909037599551585    0.0098808884092320051
4090.0 0.2208907360803852304    0.0097306566133189311
4103.0 0.2169951436420339552    0.0096603579843127941
4117.0 0.2024030326106308064    0.0095125929882918948
4131.0 0.2091034317224068351    0.0095615578649618695
4144.0 0.2497442553889262784    0.0097112322673852166
4158.0 0.2496453783528312931    0.0098916624934157621
4172.0 0.2491745249578006527    0.0099128649754134310
4186.0 0.2459180960818560246    0.0098360005773818360
4200.0 0.2435350431076375166    0.0097067915777731412
4214.0 0.2567277280326285549    0.0097425113181402907
4228.0 0.2224315942563383219    0.0095271520804198848
4242.0 0.2264256349271114577    0.0095400844052065340
4256.0 0.2125857348230250354    0.0093247117426110381
4270.0 0.2003330834460955445    0.0090185280300459393
4284.0 0.1789548045445146229    0.0088651811406821410
4299.0 0.1664667782415741315    0.0086846945694258482
4313.0 0.1834270149059877564    0.0085588272863090283
4327.0 0.1578316509896597608    0.0084535978461314411
4342.0 0.1553907890440773543    0.0084725661027889084
4356.0 0.1473276434335533402    0.0084167431319918835
4371.0 0.1252257725608605654    0.0080639155346236471
4385.0 0.0974073044379310526    0.0080048687203389413
4400.0 0.1065250880994407373    0.0080117806022837693
4415.0 0.1166752121543546405    0.0079458537980948395
4429.0 0.1362155053822555195    0.0080490244346130765
4444.0 0.1684092257936292969    0.0082595037296038353
4459.0 0.1749348656313831907    0.0082892195574256304
4474.0 0.1857791674380071534    0.0083522989737247286
4489.0 0.2238551245616904883    0.0085237886607858557
4504.0 0.1865241489176603373    0.0082016031283359409
4519.0 0.2246825625018393502    0.0083562824605531300
4534.0 0.2323001169967938984    0.0085277638263778158
4549.0 0.2355116439544920337    0.0086717165676637956
4564.0 0.2575915873732974593    0.0088028377224575217
4579.0 0.2477766129533077177    0.0089303887426168248
4594.0 0.2587542868809047381    0.0091991017169925082
4610.0 0.2649676281241890030    0.0095759245831903549
4625.0 0.2277172978427762229    0.0098737681767067827
4640.0 0.2184019761688083816    0.0103518718763504526
4656.0 0.1818542340241030009    0.0107673877244364655
4671.0 0.1725027385010068914    0.0115262883376862791
4687.0 0.1798845246444809032    0.0123986717085470058
4703.0 0.1714924062263576965    0.0126614892539843801
4718.0 0.1430950873040798266    0.0121903590731012972
4734.0 0.1462976503782770221    0.0111030952480447830
4750.0 0.1134825840409782460    0.0097769418661928665
4766.0 0.1082574937903284379    0.0098235640439357230
4781.0 0.1228864215431653972    0.0128786440355801845
4797.0 0.1209129724108264220    0.0142137622530860101
4813.0 0.1220675897339572880    0.0113707063941674742
4829.0 0.1533626801842220555    0.0101921941792058185
4846.0 0.1095575802023274758    0.0093096524479087724
4862.0 0.1133979035699655968    0.0091184638775933888
4878.0 0.1267819197028337841    0.0090418931524813353
4894.0 0.1403763684708394799    0.0087039010381413581
4910.0 0.1307011937836634330    0.0083468611109399661
4927.0 0.1466068795622387788    0.0081105235937989940
4943.0 0.1349070652476934418    0.0075303227404913556
4960.0 0.1264050119579883669    0.0069593774428679906
4976.0 0.1198167610296484303    0.0066256009862456647
4993.0 0.1129036460416380783    0.0063732121160067776
5009.0 0.1074767080416677290    0.0060899539810941533
5026.0 0.1114848068788035496    0.0058531566984753669
5043.0 0.1102194560323033201    0.0056932614831706205
5060.0 0.1326422932715357605    0.0056527040221147021
5076.0 0.1597158694757228603    0.0057165054421705148
5093.0 0.1383921274336310792    0.0054450723276456741
5110.0 0.1645566504759915782    0.0054816521368235525
5127.0 0.1744044558304045089    0.0054349835288441161
5144.0 0.1735322397666202998    0.0053544501140285238
5162.0 0.1767598463260930952    0.0052872664292662628
5179.0 0.1844509425573833405    0.0065824541162123277
5196.0 0.2178830111073875864    0.0052925390472256979
5213.0 0.1967884070973630328    0.0050311556198362022
5231.0 0.1986636934050338144    0.0048978270588646089
5248.0 0.1772583328091782429    0.0047488207842240251
5266.0 0.1684618816643265182    0.0046189931141087459
5283.0 0.1561135604408172839    0.0044005258741169773
5301.0 0.1398888916269300786    0.0042201690911994969
5318.0 0.1503695207050048666    0.0042377184239021535
5336.0 0.1493295314344701419    0.0041917819185077225
5354.0 0.1381630189814026244    0.0040681235539506994
5372.0 0.1425351123084230287    0.0039734317690895710
5390.0 0.1350656470820588428    0.0038740979427782942
5408.0 0.1318039195839127709    0.0038027858025130390
5426.0 0.1323042028058257213    0.0037645553905943014
5444.0 0.1269527775621669963    0.0037582626890139610
5462.0 0.1213590129435088288    0.0039858209723739177
5480.0 0.0987029858629637213    0.0038798389372950407
5498.0 0.1212180886473558650    0.0035803831588581804
5517.0 0.1261659194011476859    0.0035043955443731793
5535.0 0.1254045713150027386    0.0034345646938322046
5553.0 0.1263714850396873424    0.0033911755840461658
5572.0 0.1229687066993836592    0.0033371223908084933
5590.0 0.1199852371381773669    0.0032174253430564707
5609.0 0.1177043165032352623    0.0031396705631824653
5628.0 0.1172710643034564765    0.0031073510197952400
5647.0 0.1089343418564292093    0.0030073052168336427
5665.0 0.1028464132571163397    0.0029316177570136155
5684.0 0.1096629988717821025    0.0029137236664954561
5703.0 0.0952991126626309137    0.0028202980442385514
5722.0 0.0998334656767971423    0.0027818332535550850
5741.0 0.0956045784491446615    0.0027652344146501108
5760.0 0.1088524545848687242    0.0027589423390015889
5780.0 0.1084367298334386054    0.0027746206836879962
5799.0 0.1202589137371745526    0.0028386313496009310
5818.0 0.1332996253633335071    0.0028268516934240521
5838.0 0.1351253719233469208    0.0029375572254778373
5857.0 0.1375380562890078096    0.0032188111375116507
5876.0 0.1392437812668449459    0.0027381060594685864
5896.0 0.1331968908175336919    0.0026724376173434959
5916.0 0.1323589462767328639    0.0027488097546931080
5935.0 0.1292624135193846668    0.0025773737427138756
5955.0 0.1275795742999228100    0.0025644916493250021
5975.0 0.1143428109248258440    0.0024803625334606024
5995.0 0.1135493300047193399    0.0024702921939359166
6015.0 0.1088076490841970584    0.0024440554504407959
6035.0 0.1103740037459925716    0.0024580178557240505
6055.0 0.0948566910350931020    0.0023107123446638564
6075.0 0.0703160806126737897    0.0021909792723223548
6095.0 0.0434725855540898654    0.0019707196937955736
6116.0 0.0333828348292508001    0.0018692541785043314
6136.0 0.0322264117749075929    0.0018046448729792212
6157.0 0.0410192533461082656    0.0018514869147452831
6177.0 0.0435841906198130222    0.0018375447548660555
6198.0 0.0653703474159739867    0.0019201760817705463
6218.0 0.0817966452443879416    0.0019789266706171562
6239.0 0.0867001628155564946    0.0020110576152406567
6260.0 0.0897313831168259080    0.0019807569919854670
6281.0 0.0936909576474509731    0.0019926240703240488
6302.0 0.0918623072796118795    0.0019663267355758676
6323.0 0.0962826429635568887    0.0019627654143676366
6344.0 0.0940173474584529018    0.0021242735928561881
6365.0 0.0884490899100477124    0.0020230460847279049
6386.0 0.0844139739232795394    0.0021453876666330581
6407.0 0.0862992375403318634    0.0020235728684023738
6429.0 0.0876416111216264532    0.0020008415067335728
6450.0 0.0906924546997140701    0.0020024220009097816
6471.0 0.0841831960117585543    0.0018904901890835276
6493.0 0.0799784080617629289    0.0017856722583197908
6515.0 0.0831417552408408034    0.0017877848061129506
6536.0 0.0773097868949558231    0.0017587184188477449
6558.0 0.0777287137278342005    0.0017803032852455681
6580.0 0.0724309662166676277    0.0017466005966114526
6602.0 0.0676954643240623016    0.0016825033004765867
6624.0 0.0664474799189242460    0.0016793562726358563
6646.0 0.0604922408019125252    0.0016505128247013754
6668.0 0.0554897006062663872    0.0016174029178889213
6690.0 0.0541874822454360069    0.0015724308661488860
6713.0 0.0490734578931540377    0.0016800437596849952
6735.0 0.0506917534435090203    0.0018560488334976658
6757.0 0.0434271398043381621    0.0018907436759023650
6780.0 0.0509463454840876975    0.0016948377692693232
6803.0 0.0511824755518870411    0.0017977073982485077
6825.0 0.0572023468390950168    0.0017885759553969329
6848.0 0.0445148468642796655    0.0016872875837322188
6871.0 0.0472251088516946957    0.0016360273991131004
6894.0 0.0449126134432472415    0.0015150117040973112
6917.0 0.0444897306660536201    0.0015140107662729668
6940.0 0.0436596331760961409    0.0016216056695919885
6963.0 0.0419378231987504804    0.0014740585753431497
6986.0 0.0425507984976260592    0.0016294287293093671
7009.0 0.0397700451046799769    0.0014634190854088921
7033.0 0.0362283966455753670    0.0015420531384748074
7056.0 0.0441222606396755312    0.0022632142684884623
7079.0 0.0388700280708883517    0.0019736063545663361
7103.0 0.0364114807445447275    0.0016827218969115143
7127.0 0.0329226213194791784    0.0014392119775366858
7150.0 0.0341408220544296495    0.0015430293155517779
7174.0 0.0370360598781986489    0.0017623813513692038
7198.0 0.0341082126694268947    0.0017912626091489716
7222.0 0.0383416677613496806    0.0015478037716946708
7246.0 0.0392642231570242625    0.0017135475999410588
7270.0 0.0345287099098979602    0.0016969694362221283
7295.0 0.0334577390577486741    0.0019160233329646712
7319.0 0.0303828944205169794    0.0017648067654653821
7343.0 0.0284231738614580121    0.0018199745500805356
7368.0 0.0280279955308430639    0.0015778291421118173
7392.0 0.0256888343117792142    0.0016629825021656514
7417.0 0.0191000484175233715    0.0017402956393374788
7442.0 0.0221947180896589595    0.0015699022736721522
7466.0 0.0183421353137365496    0.0013858720113438757
7491.0 0.0196775317032651179    0.0014074761435444853
7516.0 0.0180042091021859092    0.0013272837723089070
7541.0 0.0230953132696609803    0.0012638303159067585
7566.0 0.0191665531443456563    0.0012906828355897851
7592.0 0.0212904264925224580    0.0012588338306088976
7617.0 0.0199870601405405177    0.0012334335532796356
7642.0 0.0196040014718149198    0.0012475675770726464
7668.0 0.0163556472073402535    0.0012276239738650057
7693.0 0.0164718045385645363    0.0018923751931799271
7719.0 0.0188958461469359851    0.0015052602576310433
7745.0 0.0227867346114819860    0.0020023355162142216
7770.0 0.0218284312867800014    0.0015142111313941381
7796.0 0.0259627737822820150    0.0017900423198261282
7822.0 0.0254306970352150170    0.0019457982435654995
7848.0 0.0202456022271658466    0.0016424389032864359
7874.0 0.0261556725319087267    0.0014914472838091232
7901.0 0.0254095338807617879    0.0015203139173132498
7927.0 0.0261671141297374066    0.0013568474787064506
7953.0 0.0275843954984131175    0.0012633447944884291
7980.0 0.0222965339062594914    0.0012766307998213486
8007.0 0.0227420297994872650    0.0016030042447081414
8033.0 0.0189695035648722796    0.0016746304327892414
8060.0 0.0211645032598055637    0.0014551375702473843
8087.0 0.0176489131295221001    0.0012001172183043556
8114.0 0.0175571899439743405    0.0011655541730785466
8141.0 0.0164487673134674633    0.0022524151722829841
8168.0 0.0105710094670731069    0.0013863873127924543
8195.0 0.0040723038712086835    0.0022359603685953304
8222.0 0.0101277290319693250    0.0014804304820431808
8250.0 0.0117230950386554497    0.0018559515747729074
8277.0 0.0186342741813107469    0.0021021641824034939
8305.0 0.0115553186550778411    0.0017322254586596803
8333.0 0.0103875527773391232    0.0015412423310597521
8360.0 0.0133173513894884101    0.0016502360534300135
8388.0 0.0132929591370032820    0.0013402438028774428
8416.0 0.0187929418428744235    0.0013564887675324129
8444.0 0.0246266610223886510    0.0013940495297023981
8472.0 0.0286375092971366853    0.0013039163090465928
8500.0 0.0303447585023471980    0.0014283089777085485
8529.0 0.0293779974344423184    0.0013476136184187068
8557.0 0.0297506001079215453    0.0014526686756898418
8586.0 0.0329789249648117580    0.0014395510344009630
