#@Telescope UH88 
#@Reference Saunders et al. (2018) 
#@Redshift 0.0  
#@Spectrum Train_SN1_2.dat 
#@SN-Name Train_SN1  
#@Phase 0.939 
#@Survey SNFactory 
#@SN-Type SNIa 
#@Units Flux 
# 
# WAVE : 
# SN_SPEC : 
# SN_ERR : 
#end 
3305.0 0.154610487233091010    0.00286932558237356240
3317.0 0.162524317577734667    0.00285593431496922222
3328.0 0.178371759194742407    0.00286957832303809217
3339.0 0.177364049420984632    0.00277952734564748932
3350.0 0.187589231664455847    0.00276407182176491946
3361.0 0.186051050807357482    0.00265250779626334489
3372.0 0.188564564850251165    0.00261816570353896796
3383.0 0.191067994653292800    0.00262274103825273653
3395.0 0.190149848295112084    0.00258345635817742742
3406.0 0.196970750678610335    0.00253628671706656065
3417.0 0.202387255254976250    0.00256998130763833824
3429.0 0.203103917929549682    0.00257812731865038249
3440.0 0.215430929113795550    0.00253294827900343942
3452.0 0.224038961784345902    0.00254244303718072521
3463.0 0.234367999779052621    0.00258899895116105911
3475.0 0.246424482174969511    0.00258862126331397364
3486.0 0.258896392774506434    0.00256063209842753974
3498.0 0.269175194114774141    0.00257274672478302125
3509.0 0.281489778960366144    0.00264426698080977253
3521.0 0.288730536128728510    0.00266398021061641259
3533.0 0.297569673508143506    0.00262706943164286782
3545.0 0.303388849290839369    0.00260125591330068401
3556.0 0.294936236449212963    0.00253928140726306225
3568.0 0.281001900047506026    0.00246408971888481499
3580.0 0.267369381255845251    0.00239470208100670510
3592.0 0.255651962270792343    0.00228982758409887856
3604.0 0.234757618783310501    0.00217894121070293621
3616.0 0.216965040198526471    0.00210478317369621696
3628.0 0.199324367557167342    0.00202496110434233342
3640.0 0.180225887520233025    0.00192980402766588068
3652.0 0.155335874952643005    0.00181195241300468311
3664.0 0.139619669984596156    0.00175551241705166521
3677.0 0.132727776956258564    0.00173243947703052154
3689.0 0.132670788617987506    0.00175930020157915624
3701.0 0.134555290483986512    0.00172584947764705060
3714.0 0.155687325821086853    0.00175395827595252398
3726.0 0.174302952299846631    0.00178208944065232468
3738.0 0.180730794226170499    0.00173663878439805214
3751.0 0.197090729418062466    0.00179993068029794768
3763.0 0.195640225442288068    0.00179398438418644024
3776.0 0.206242948709562973    0.00178234959288818204
3788.0 0.219424948040693818    0.00184095824185820443
3801.0 0.229563978501174326    0.00191140619276456650
3814.0 0.253604333077631638    0.00196884625724983884
3826.0 0.282432300063757968    0.00202238209996738038
3839.0 0.305172033601110171    0.00199382423652285810
3852.0 0.332097855531695629    0.00204879885635248296
3865.0 0.367742023200633927    0.00218737140076510125
3878.0 0.389898795382803753    0.00218714902908899184
3891.0 0.411021370633960270    0.00230346886176325052
3904.0 0.418760321924961987    0.00233883614244565202
3917.0 0.408625464274772920    0.00239578951237799090
3930.0 0.399560484744673872    0.00236299752970103340
3943.0 0.386380569983470257    0.00217122481065440930
3956.0 0.365166196180173708    0.00205865148039692091
3969.0 0.362501380462272316    0.00200483252047347011
3982.0 0.363410718768847896    0.00202380483067306736
3995.0 0.379189470365477455    0.00207858954070856651
4009.0 0.403029649964313341    0.00214142936102161563
4022.0 0.422740989104610609    0.00226799130113383056
4036.0 0.441410531921447302    0.00224692408425682805
4049.0 0.440929054928667519    0.00214853960025740767
4062.0 0.439689383705511583    0.00212646055332501097
4076.0 0.431484458065849841    0.00210563681931940022
4090.0 0.422194592293492488    0.00205029508214763781
4103.0 0.409727924067751270    0.00198940577597197512
4117.0 0.395757404443844329    0.00195537051771692153
4131.0 0.377186921696195776    0.00191024184776270229
4144.0 0.365510089486034251    0.00189677143863791289
4158.0 0.360599581617938647    0.00189251207565823451
4172.0 0.355696203783944398    0.00188004426090353162
4186.0 0.333526244134965233    0.00181134705934600949
4200.0 0.315454043111946691    0.00173922769687556321
4214.0 0.290571591780337035    0.00167380392675938036
4228.0 0.269905628893107929    0.00164046816100127109
4242.0 0.257165957455610272    0.00161332167737367974
4256.0 0.241074469568430400    0.00157613174490159845
4270.0 0.228505468876903456    0.00152845607549015870
4284.0 0.215162823491334421    0.00146119053781120184
4299.0 0.207400940446541088    0.00142725784890644332
4313.0 0.208278172284841995    0.00142423654584479488
4327.0 0.212071118843030648    0.00143647071463037291
4342.0 0.218811434640760749    0.00147308458565496587
4356.0 0.226399288368160923    0.00147744478784703117
4371.0 0.236213373238143676    0.00147957780183320653
4385.0 0.251827236644542152    0.00151933937847937976
4400.0 0.267485251107380251    0.00156704105909058586
4415.0 0.276069584065942231    0.00156159396532722420
4429.0 0.283955798355425948    0.00157144053606631624
4444.0 0.293384446209561001    0.00159527686643764675
4459.0 0.301345073244548622    0.00159796661488982561
4474.0 0.315701480341861185    0.00163098650563309427
4489.0 0.330375615128256639    0.00164927825012257815
4504.0 0.325139743388904168    0.00163890335649021293
4519.0 0.319923185482280048    0.00162573067053873514
4534.0 0.314624110898206355    0.00160183358906713772
4549.0 0.306668023714556259    0.00158153034455273058
4564.0 0.306593135224518532    0.00156657027063876637
4579.0 0.302452442393318366    0.00156648458029424423
4594.0 0.290451660491442554    0.00153027920196217339
4610.0 0.276284120921900023    0.00149576521564417767
4625.0 0.263569016854627192    0.00147646496203124224
4640.0 0.260484227082771413    0.00145903948488702731
4656.0 0.254046039866162032    0.00142513909379302648
4671.0 0.238270182582873302    0.00140404246128377169
4687.0 0.227203996439370726    0.00139255851806937224
4703.0 0.215071471409461146    0.00135236298459971986
4718.0 0.207190887023314896    0.00131419983386150724
4734.0 0.208355852088121463    0.00130789400044064447
4750.0 0.207548629282343799    0.00129697587670208518
4766.0 0.199087093753567118    0.00129166986805172085
4781.0 0.193725454165686733    0.00129188419023939963
4797.0 0.181206964036492058    0.00126852896086764749
4813.0 0.168987144042081178    0.00124514971311396314
4829.0 0.169216598885394975    0.00126454722052742182
4846.0 0.178398289576872537    0.00131817954067994748
4862.0 0.190007954566727866    0.00138956326551224166
4878.0 0.191000089510937054    0.00144896431012525974
4894.0 0.185192504766454186    0.00150516853309233317
4910.0 0.173345176338601303    0.00156153083000305304
4927.0 0.163689331637749624    0.00164669044116086296
4943.0 0.156316873897766523    0.00168404615954905173
4960.0 0.157775584854124185    0.00167997400623972758
4976.0 0.157757990440408641    0.00161698253913031059
4993.0 0.159061383006637386    0.00143085652919861428
5009.0 0.168646246051481402    0.00144241979493121256
5026.0 0.169641089674924139    0.00151643101395267793
5043.0 0.188141304906268958    0.00241735545798308499
5060.0 0.200297688138665692    0.00212567831722221398
5076.0 0.213946990556996924    0.00188155399074687625
5093.0 0.228304989865916380    0.00178051569810354121
5110.0 0.227095655006834762    0.00173387185534119512
5127.0 0.233929669096105575    0.00173517059043872771
5144.0 0.234011001286072884    0.00170353068000149020
5162.0 0.233697320944934339    0.00164923990954378690
5179.0 0.222960248785491255    0.00154054005876703374
5196.0 0.205528320484053895    0.00143438216604027408
5213.0 0.183221492224160648    0.00130458392096390952
5231.0 0.168330773828825719    0.00121118988977766289
5248.0 0.160331275451085414    0.00116636095891824859
5266.0 0.159756996175900917    0.00112908000433697650
5283.0 0.156987141088941573    0.00107737805607719382
5301.0 0.157089370868571110    0.00104780261728306691
5318.0 0.155867285512487713    0.00102634593999864784
5336.0 0.160085831486531882    0.00102664683265549553
5354.0 0.160940257923097407    0.00100954929675317823
5372.0 0.159917125077637973    0.00098507858921516572
5390.0 0.153824446984688168    0.00094828729712791821
5408.0 0.144832175314902500    0.00090844410009168592
5426.0 0.145289589899249560    0.00089800901160527909
5444.0 0.151880435003955233    0.00093210794764797230
5462.0 0.159861370420865234    0.00092079448180707715
5480.0 0.172014024672527632    0.00092507626531149125
5498.0 0.182008679639444532    0.00092151705219721623
5517.0 0.192694623280074306    0.00091842334710612425
5535.0 0.199128842163396991    0.00091422519242413268
5553.0 0.206072914805901342    0.00091678439094870225
5572.0 0.210386013902186780    0.00091569007830608073
5590.0 0.212069504422710969    0.00090002241204908116
5609.0 0.213937067302051309    0.00088311016653575545
5628.0 0.207958506893840239    0.00086782327551945912
5647.0 0.202004577531961327    0.00084233632587748652
5665.0 0.195476296941250210    0.00082036255652846355
5684.0 0.187900591443953380    0.00079941527592017347
5703.0 0.186182193022845721    0.00078819662448059778
5722.0 0.180946986357785694    0.00077031393230025751
5741.0 0.182746835214024045    0.00076885393654278181
5760.0 0.179918214362663531    0.00075963871086292590
5780.0 0.183044987711836915    0.00075199165724193539
5799.0 0.186334631736787465    0.00075119957485974187
5818.0 0.185805079754801927    0.00073560475157012303
5838.0 0.185702223808335065    0.00073055252870785005
5857.0 0.183939460229495200    0.00072336323377951558
5876.0 0.179706050481416468    0.00070270066988685866
5896.0 0.177459847252035868    0.00068704398021971207
5916.0 0.178820088907834851    0.00068233603136215470
5935.0 0.176221312843830274    0.00067447263278705340
5955.0 0.172174815905922679    0.00066570300777154178
5975.0 0.164029099049295135    0.00064905706657748254
5995.0 0.153814521686016586    0.00062451943925828830
6015.0 0.135384156163110836    0.00058608304064203742
6035.0 0.114607904882017830    0.00054335751233269077
6055.0 0.094898928140096359    0.00049939311703939369
6075.0 0.076380376801246361    0.00045063184222600698
6095.0 0.070812493415099792    0.00043097201044751938
6116.0 0.075211911436555742    0.00043210220139043240
6136.0 0.084024073299655569    0.00044868820951748912
6157.0 0.097882627603787298    0.00049922192796706376
6177.0 0.111149435883227649    0.00049470412397880866
6198.0 0.123061767027609056    0.00050620427439435262
6218.0 0.131580468956822516    0.00052439904010115335
6239.0 0.137222309104340107    0.00052445526219729464
6260.0 0.142590277620770561    0.00052616282763094581
6281.0 0.143829965126711479    0.00052789633685368842
6302.0 0.143561026866537711    0.00052419406704138315
6323.0 0.141146930604944126    0.00051816442856478912
6344.0 0.140346382010085202    0.00051257142220785860
6365.0 0.135159086732591444    0.00049741265374888828
6386.0 0.133062157654688651    0.00049250334744505052
6407.0 0.129885403805456490    0.00048039273664643103
6429.0 0.127782688127775268    0.00047392189988489162
6450.0 0.121672164536124588    0.00046268314419047074
6471.0 0.118324076162064168    0.00045069949809346024
6493.0 0.114037363871336492    0.00043776383114683769
6515.0 0.110108690382737309    0.00042900697174346554
6536.0 0.106943563178406503    0.00042369288145440316
6558.0 0.105254934172946762    0.00042123231983315584
6580.0 0.101688427074979340    0.00041372689581766159
6602.0 0.099781017788346804    0.00040662787913269677
6624.0 0.096891167197815070    0.00039851037167515596
6646.0 0.093979179351468864    0.00039107927574871224
6668.0 0.091327922567815370    0.00038777169053397730
6690.0 0.087872835322238968    0.00037470417323104958
6713.0 0.085515926752681340    0.00039345286559781551
6735.0 0.083280014863346546    0.00037658344436561120
6757.0 0.081326267176500835    0.00036387429813985870
6780.0 0.079354332073373404    0.00035395336965898024
6803.0 0.078011675494622942    0.00034635825623851007
6825.0 0.075819673258560524    0.00033904763531655954
6848.0 0.073042386738792597    0.00033265946959461793
6871.0 0.070732809042150027    0.00032499786389293239
6894.0 0.069518928513646744    0.00032376685237599955
6917.0 0.067376361169087046    0.00031786311154788555
6940.0 0.066264946270178898    0.00031345258834688297
6963.0 0.064394059492422925    0.00030948934221516124
6986.0 0.063168046513998627    0.00030450063192930953
7009.0 0.062006824672388591    0.00030652552635273140
7033.0 0.061316877946598652    0.00030621346628610110
7056.0 0.059435200547036236    0.00029568904378323585
7079.0 0.059215706132443188    0.00031071666673270046
7103.0 0.057719528521928964    0.00030419982547576755
7127.0 0.058097732770300989    0.00029992644726566830
7150.0 0.056782597140002500    0.00029455678252075242
7174.0 0.055425499957469586    0.00029017907001957803
7198.0 0.054431461079148112    0.00028628987081530979
7222.0 0.053838886624709273    0.00028045325483593101
7246.0 0.052653707274360091    0.00027543636716594695
7270.0 0.050646919977804336    0.00027206113392248230
7295.0 0.048368104692714700    0.00026824326348367253
7319.0 0.046454639319950641    0.00026560874737016898
7343.0 0.044506581790617047    0.00026097463640697451
7368.0 0.042169888427065969    0.00025190901980221778
7392.0 0.040780535408081679    0.00024993447927711745
7417.0 0.039695030405953111    0.00028797514089438383
7442.0 0.038923264306991535    0.00034415609905444084
7466.0 0.038634225464514289    0.00029946843633473332
7491.0 0.038472176534246560    0.00025525076978463246
7516.0 0.038743797883057957    0.00024430103979023045
7541.0 0.038502410763228974    0.00025235511835196945
7566.0 0.038317648212698417    0.00025203680138598169
7592.0 0.038323470214329441    0.00024853421367645496
7617.0 0.037897828599481514    0.00024860957139027814
7642.0 0.037351666049826364    0.00025117159938334657
7668.0 0.038190134346691294    0.00025580242165077616
7693.0 0.038290612797304939    0.00025211543694074457
7719.0 0.038514713754811775    0.00024893267649759822
7745.0 0.039106955368548267    0.00025747483544722344
7770.0 0.040059059361242245    0.00025186857519035203
7796.0 0.040186907172704921    0.00025695253211279032
7822.0 0.040878402546807968    0.00025642694673033961
7848.0 0.041147754876798580    0.00025722618800883088
7874.0 0.040217053346755675    0.00025144804769522015
7901.0 0.040244328929166288    0.00024779498779912572
7927.0 0.038728940018209056    0.00024446872418026173
7953.0 0.037285921949076532    0.00024368588193859471
7980.0 0.036454542412752658    0.00024490679386520033
8007.0 0.036162005273575361    0.00024243110719948744
8033.0 0.034423220023038985    0.00023714054394537534
8060.0 0.032488230178301297    0.00023101662487396476
8087.0 0.030810427558047162    0.00023751531697781245
8114.0 0.028395855052937402    0.00023460281910109450
8141.0 0.026618943191577003    0.00022434948066675587
8168.0 0.023873984746900171    0.00022281378566660996
8195.0 0.024114950933160701    0.00022030085522871384
8222.0 0.025153388650419401    0.00022317672052975896
8250.0 0.025666229147056966    0.00022380122071619335
8277.0 0.026171670870702140    0.00022484761755002449
8305.0 0.028771151040078779    0.00022891145832158358
8333.0 0.034101793368976598    0.00023340775689278536
8360.0 0.038541212599504104    0.00024611028540348574
8388.0 0.042865898930319120    0.00025390016354899471
8416.0 0.044856867796612715    0.00026312581620397091
8444.0 0.048409694463363108    0.00028005208924221185
8472.0 0.048194032548202100    0.00027892609130245060
8500.0 0.048048799872432442    0.00026765218283889756
8529.0 0.048641411793149632    0.00026869950841042770
8557.0 0.048452639897290394    0.00028826451670944204
8586.0 0.047722245987616388    0.00028318053300522715
