#@Telescope UH88 
#@Reference Saunders et al. (2018) 
#@Redshift 0.0  
#@Spectrum Train_SN23_6.dat 
#@SN-Name Train_SN23  
#@Phase -0.730 
#@Survey SNFactory 
#@SN-Type SNIa 
#@Units Flux 
# 
# WAVE : 
# SN_SPEC : 
# SN_ERR : 
#end 
3305.0 0.126018282366065187    0.00247517475494849664
3317.0 0.132023211034624138    0.00244978590296966205
3328.0 0.140057108652129586    0.00242029705864574155
3339.0 0.148714794289520308    0.00242470394073960585
3350.0 0.161854806829605208    0.00244398670175732064
3361.0 0.169311565519820878    0.00244111803659364385
3372.0 0.159487514174173700    0.00235599029669592832
3383.0 0.149568538366925630    0.00232577430948697735
3395.0 0.155444530017664284    0.00231548893912396142
3406.0 0.166141734553259673    0.00225334391916709367
3417.0 0.172991108712343633    0.00228949295732314194
3429.0 0.176377520085176542    0.00230512992769239984
3440.0 0.178141530472221477    0.00229812399653508102
3452.0 0.178074673337273920    0.00230932983962280113
3463.0 0.190377598050536334    0.00234113598198000365
3475.0 0.196854512275059512    0.00228111887182542734
3486.0 0.193635410201903918    0.00217658417927382849
3498.0 0.197449405316116655    0.00216515889468692387
3509.0 0.214276697989553094    0.00226762050992047231
3521.0 0.229705630277378614    0.00237667671953720530
3533.0 0.235479120430796024    0.00234285321929783097
3545.0 0.242983235639003758    0.00228494845341550368
3556.0 0.247197935066786390    0.00223834657370549110
3568.0 0.259993251479933574    0.00223328610135735883
3580.0 0.274717900654078473    0.00225863581399418471
3592.0 0.281280858933302846    0.00227250275441857148
3604.0 0.280667999099053989    0.00225873245561352201
3616.0 0.270960148193872596    0.00221201561494070460
3628.0 0.273625439114175362    0.00220304280451376908
3640.0 0.273820391268321084    0.00216453722357341652
3652.0 0.268682540325857477    0.00212714367198917498
3664.0 0.260088352465483841    0.00209303674742422358
3677.0 0.228548102978112400    0.00197425914845967502
3689.0 0.196874818093115717    0.00185490631205667751
3701.0 0.165057109733975804    0.00170105754119132023
3714.0 0.123326394196630718    0.00150832080767462342
3726.0 0.111006425539104892    0.00143410211230845315
3738.0 0.110331131757285483    0.00142842716294022914
3751.0 0.115397094025218333    0.00148758461971981054
3763.0 0.127197410597991084    0.00150937720979832553
3776.0 0.129718183501330603    0.00147368625911924634
3788.0 0.118636095514826734    0.00142278619029901081
3801.0 0.120492108515444202    0.00143537910008008536
3814.0 0.130533901984050987    0.00145058915141357326
3826.0 0.144033966634944832    0.00150563364775591567
3839.0 0.172877038977023917    0.00161006925684954619
3852.0 0.206916004950694093    0.00172624097649131574
3865.0 0.247643709472870566    0.00195420056767557854
3878.0 0.292323489827883698    0.00201454212657209246
3891.0 0.316048417694183459    0.00198356790136939741
3904.0 0.335283231828838679    0.00198437431332121588
3917.0 0.339678970063700458    0.00196936837222566521
3930.0 0.349630746172758688    0.00198040794267436218
3943.0 0.363021266323260539    0.00201549541060560980
3956.0 0.365537251025541687    0.00205834308993443947
3969.0 0.336349504528391352    0.00199914289837946737
3982.0 0.299339277320465336    0.00188865212511984027
3995.0 0.280811002213806282    0.00178407625226280299
4009.0 0.275762238923005609    0.00172796234039736718
4022.0 0.276157485611080777    0.00173143375003623505
4036.0 0.289166025329880283    0.00174179100546353253
4049.0 0.300820333141916918    0.00174352489080939086
4062.0 0.317675176499370049    0.00179183640389028861
4076.0 0.331224609711717577    0.00183430348464169572
4090.0 0.338466511708024276    0.00182744376801650889
4103.0 0.340010290943226323    0.00179729622277089471
4117.0 0.340877914578549435    0.00178204646788316062
4131.0 0.323090723254396028    0.00174778255658002168
4144.0 0.307943177649834032    0.00172002347596952442
4158.0 0.300077753526637292    0.00170663234553102396
4172.0 0.289927442154450044    0.00168067629960514330
4186.0 0.282359031768633972    0.00165451434200357384
4200.0 0.273407225798886599    0.00161717695449615736
4214.0 0.257719566590752958    0.00157838328775281272
4228.0 0.238984199039150080    0.00152968994957524730
4242.0 0.225354906512051090    0.00149713154485373598
4256.0 0.214712893905594504    0.00146001885357777941
4270.0 0.201850757238107831    0.00140538685089746989
4284.0 0.185633373354961773    0.00133611590927036768
4299.0 0.171609932498409334    0.00127551092524775286
4313.0 0.160551294243572562    0.00123763106788504144
4327.0 0.159368382070646492    0.00123901070859688692
4342.0 0.177902825033237455    0.00131365179965717478
4356.0 0.195328570176538679    0.00135131816619742302
4371.0 0.202352099064708107    0.00134532144847011024
4385.0 0.207701845955576309    0.00136730338166490264
4400.0 0.210926333251893139    0.00138666009499292093
4415.0 0.204515053969200777    0.00135331484647222564
4429.0 0.194625739549495497    0.00131949047891363638
4444.0 0.195762911921297994    0.00131819212634225408
4459.0 0.205121687806046393    0.00132999233491728737
4474.0 0.226062850181268538    0.00139104810445564984
4489.0 0.238402574944950013    0.00141286559332486853
4504.0 0.245025734064140910    0.00142875050577022876
4519.0 0.249717604044731312    0.00144257946541619954
4534.0 0.251198140469756137    0.00143559376467133838
4549.0 0.244478291910254414    0.00141845420666916072
4564.0 0.243046891884017097    0.00140400222944412180
4579.0 0.237120673808637716    0.00139669733291191214
4594.0 0.234979032308232194    0.00138265129601832068
4610.0 0.232905068499671075    0.00136791102165425183
4625.0 0.228263961986776620    0.00136961638189739689
4640.0 0.217201372169218032    0.00133754911424194072
4656.0 0.193434312364435257    0.00125733883931587157
4671.0 0.178745670982585814    0.00122841693996936230
4687.0 0.178640406668064355    0.00124348924235796938
4703.0 0.181317822004945367    0.00124104064262992768
4718.0 0.185582489989560118    0.00124468572713088083
4734.0 0.181263750418673847    0.00123134801676861834
4750.0 0.167766000816009508    0.00120860945971401298
4766.0 0.155990207785052598    0.00119004830550331077
4781.0 0.158458490586679435    0.00123287578453591369
4797.0 0.166822302618597651    0.00130302072548307553
4813.0 0.169002556305277524    0.00136599579152616043
4829.0 0.155389242304655728    0.00138874716457507716
4846.0 0.130487791902838740    0.00137765066615900666
4862.0 0.114880176214564172    0.00139708313251893498
4878.0 0.109464965174315823    0.00143857313582539874
4894.0 0.118379982159815211    0.00150850948477000289
4910.0 0.130724856833643849    0.00155832754183412941
4927.0 0.136596687318604082    0.00156812038281656089
4943.0 0.137431337418483540    0.00146424995618844498
4960.0 0.140885117330174142    0.00135349867950596480
4976.0 0.136798581344628717    0.00134611388208031322
4993.0 0.131251336307895317    0.00162950551218109078
5009.0 0.137331675112836865    0.00179728544402424058
5026.0 0.144347264115491231    0.00157831011165449628
5043.0 0.148865338269721620    0.00152686224922754933
5060.0 0.153851021008325012    0.00153015885744655256
5076.0 0.159235151231328503    0.00153859699704147861
5093.0 0.167637684077728583    0.00151614262362755091
5110.0 0.177270131085692256    0.00148323774207115050
5127.0 0.174280472070536846    0.00140919897405738896
5144.0 0.169099883181090621    0.00133067947086066250
5162.0 0.163169108788392719    0.00125490244638204939
5179.0 0.161008497997325362    0.00119350060809931321
5196.0 0.165117021636253192    0.00118076805529089860
5213.0 0.168945009814184949    0.00115148647490790701
5231.0 0.164325082299725256    0.00110018392107972445
5248.0 0.144216325117379696    0.00102409899362096110
5266.0 0.121343985332521082    0.00093443937294032805
5283.0 0.110412708294777187    0.00086779604915305998
5301.0 0.107997578958183613    0.00084198500936488794
5318.0 0.109913082407154195    0.00083933694207948602
5336.0 0.111566251269974853    0.00083843818377345874
5354.0 0.120570942867105013    0.00085443977011812869
5372.0 0.127367875046161316    0.00085610566254755742
5390.0 0.126451753399192457    0.00083505152075956520
5408.0 0.125334069482389954    0.00091061490300635374
5426.0 0.117795625463079368    0.00078526566865806311
5444.0 0.108802661936818826    0.00074933075792680539
5462.0 0.094156794358245852    0.00069946644624976960
5480.0 0.093778044210520300    0.00068706342713601700
5498.0 0.103179444436340806    0.00069479092365388453
5517.0 0.115374206332833268    0.00070861614796289087
5535.0 0.130162768109653576    0.00072792576621128499
5553.0 0.137393502977433218    0.00073658880580690237
5572.0 0.137548570373646178    0.00073273304033784510
5590.0 0.135905319174184025    0.00071676928050449899
5609.0 0.140087139803839439    0.00071171317972015618
5628.0 0.140585826575008926    0.00071177669103015347
5647.0 0.139734884609500648    0.00070057109373667422
5665.0 0.137657980875873914    0.00069000302182606484
5684.0 0.137493996764381593    0.00068681213397128152
5703.0 0.133310584027181184    0.00067832184771788099
5722.0 0.126761787998114051    0.00066542224516214854
5741.0 0.119696975860025548    0.00062830919484235424
5760.0 0.111604905239110444    0.00060131895412828950
5780.0 0.107390721978122355    0.00058470141016058949
5799.0 0.109965955797935569    0.00058587163204692236
5818.0 0.114229469720817586    0.00058172825297782890
5838.0 0.121286665340902891    0.00059109598275778447
5857.0 0.120754026507374476    0.00058671383519917305
5876.0 0.121659141265354029    0.00057656007104980151
5896.0 0.120853733755518791    0.00056555409153957888
5916.0 0.126667585587897036    0.00057302902705043369
5935.0 0.125051462317754658    0.00056926015326162717
5955.0 0.124846292942517853    0.00056962435180209084
5975.0 0.121917724263673782    0.00056106648101526639
5995.0 0.119060392428720838    0.00054856521327510807
6015.0 0.113756363359605678    0.00053107270864106439
6035.0 0.105235021584305991    0.00051227278600659816
6055.0 0.093209468110418053    0.00048681866037210029
6075.0 0.074039048897752188    0.00043485369454551839
6095.0 0.055314125868952776    0.00038466814431800276
6116.0 0.040441401566862600    0.00034719953573736725
6136.0 0.036569719752120249    0.00031699915180580024
6157.0 0.040269776534131031    0.00032568888397574149
6177.0 0.048077479117564603    0.00034773461546490082
6198.0 0.058793820350556122    0.00036897507689094658
6218.0 0.072871527412909559    0.00039767355842575916
6239.0 0.087032073410388641    0.00042683708322365627
6260.0 0.097189256975722088    0.00044427999067085325
6281.0 0.104061998763124358    0.00045807860874284709
6302.0 0.108612906243485186    0.00046404472248513866
6323.0 0.109755774006450826    0.00045899706225231284
6344.0 0.110026469280993244    0.00045966044554420323
6365.0 0.107984048094976845    0.00044958186891902322
6386.0 0.105852165959739286    0.00044152790122870065
6407.0 0.102887733164925929    0.00042897551540838096
6429.0 0.098740550224154400    0.00041782140367160165
6450.0 0.095691959194424914    0.00041202944550570536
6471.0 0.094501351444410187    0.00040478379001354062
6493.0 0.090983067095809181    0.00039289740264378568
6515.0 0.089254171352510916    0.00038918454137202148
6536.0 0.086215015242904980    0.00038298291578276925
6558.0 0.083038706458152506    0.00037822069565317175
6580.0 0.081410088336752368    0.00037347380721312971
6602.0 0.079840783479266791    0.00036757059316238310
6624.0 0.075948700859760868    0.00037240516548692188
6646.0 0.074722045971119408    0.00036304418766198559
6668.0 0.072471592231371479    0.00038415706936768281
6690.0 0.070718716113420080    0.00036103746412852704
6713.0 0.069000416325269029    0.00034519818956916176
6735.0 0.066247771195142580    0.00033371324036524097
6757.0 0.062882634855849093    0.00032210940503730632
6780.0 0.061250010430612921    0.00031635334405446158
6803.0 0.059101526130566802    0.00030778077605901112
6825.0 0.058341013251957737    0.00030307041888034096
6848.0 0.057205842360053813    0.00030290982723935386
6871.0 0.056840322668540680    0.00029931368300525169
6894.0 0.055246592176494996    0.00029421976610556529
6917.0 0.054196015951759414    0.00029237939298276303
6940.0 0.053625210528147151    0.00028984993280031644
6963.0 0.054074288875721445    0.00029455417568697130
6986.0 0.054068940311784650    0.00029036052850343896
7009.0 0.052417935465220826    0.00029752126797799274
7033.0 0.051765494627869460    0.00031348767655155153
7056.0 0.050599749341909014    0.00031088762668865749
7079.0 0.050600442132896307    0.00029330793134410289
7103.0 0.050363412624102585    0.00030348160973828946
7127.0 0.050758004850555587    0.00030133851921713034
7150.0 0.051195020287098721    0.00029448504091651701
7174.0 0.049149439739541695    0.00028556424933892974
7198.0 0.049250829676170907    0.00027419618151540453
7222.0 0.047973602082189072    0.00027222403217146954
7246.0 0.047165815937191928    0.00027786164995524318
7270.0 0.046112511376286122    0.00026609618425409739
7295.0 0.045120943057207590    0.00027631679465624047
7319.0 0.043022972123956407    0.00026273414043005309
7343.0 0.041626171935282563    0.00026393018481870483
7368.0 0.040736827890120481    0.00036217668429166275
7392.0 0.038920124278980180    0.00033046041320645102
7417.0 0.037689726082769992    0.00029020483916121796
7442.0 0.036506599327575523    0.00025151588219689058
7466.0 0.033244214646684242    0.00024449308432075842
7491.0 0.029138084878226122    0.00025880990014104876
7516.0 0.028160573593906744    0.00025633666691251005
7541.0 0.030409015770962545    0.00024036154019153891
7566.0 0.031793061002983347    0.00026011398353575145
7592.0 0.032681877096659394    0.00026236485795242461
7617.0 0.035271962467391900    0.00028141962657329264
7642.0 0.036960006946500139    0.00027918125683351651
7668.0 0.037288400041357861    0.00028247194529937915
7693.0 0.038442777884090076    0.00026963925402044380
7719.0 0.037966675492414434    0.00027348729486724021
7745.0 0.040160683983545331    0.00028467897554817925
7770.0 0.040651117083664076    0.00027358143761902664
7796.0 0.042182943191672748    0.00027320594284414195
7822.0 0.042575052206807046    0.00027361120204485545
7848.0 0.042222098905092875    0.00026807131830003177
7874.0 0.041623796818261033    0.00026107881856799728
7901.0 0.041150640982069150    0.00026433293312935004
7927.0 0.040069463201560442    0.00026013872528545001
7953.0 0.039000577556809357    0.00025779883548191737
7980.0 0.036789904017239035    0.00025360068971023265
8007.0 0.035241871834733741    0.00024594491323402356
8033.0 0.032520822323949573    0.00028706090351657396
8060.0 0.030798649386688932    0.00025976563680383315
8087.0 0.029819035388214017    0.00028646000236545846
8114.0 0.030595663774931881    0.00025493403837234925
8141.0 0.030601113228047854    0.00027563685372096171
8168.0 0.028162379475310997    0.00027937771562837143
8195.0 0.025135471304979583    0.00024556174879539520
8222.0 0.021108890737508122    0.00022479057645028171
8250.0 0.019764969945099766    0.00021699607955633795
8277.0 0.021136770295277937    0.00021378059529497705
8305.0 0.023890708870218061    0.00021619050774099245
8333.0 0.024404795478538969    0.00021975638444864194
8360.0 0.024066162395886784    0.00025175525330628674
8388.0 0.026979984990443431    0.00026643169517083276
8416.0 0.029307935848850539    0.00025454421442214122
8444.0 0.033396588569630063    0.00024203770280770251
8472.0 0.035953285391867221    0.00024753748147950875
8500.0 0.038336934965651506    0.00033480460142618182
8529.0 0.038759004353876775    0.00028077140712479175
8557.0 0.038706623130302903    0.00033826270496125830
8586.0 0.039517032445653112    0.00028414524243061565
