#@Telescope UH88 
#@Reference Saunders et al. (2018) 
#@Redshift 0.0  
#@Spectrum Train_SN36_2.dat 
#@SN-Name Train_SN36  
#@Phase 16.631 
#@Survey SNFactory 
#@SN-Type SNIa 
#@Units Flux 
# 
# WAVE : 
# SN_SPEC : 
# SN_ERR : 
#end 
5026.0 0.0004899350349790214    0.00203184815365317802
5043.0 0.0034425224257973613    0.00202479592791369881
5060.0 0.0014051521898731118    0.00196126846599231370
5076.0 0.0024019803808689559    0.00180196028022884818
5093.0 0.0044530372568217227    0.00153183513701019881
5110.0 0.0019251692112009990    0.00119162358733876633
5127.0 0.0027124043198319290    0.00096639982054108403
5144.0 0.0033608597135571672    0.00086843373474786482
5162.0 0.0033810965698216591    0.00084248533910649356
5179.0 0.0046249018254121508    0.00081036737400771194
5196.0 0.0036296572936784094    0.00077562290933058458
5213.0 0.0029811349233563179    0.00072814528572815612
5231.0 0.0038003771295926536    0.00068049763820514993
5248.0 0.0045733804944018044    0.00064892182972258383
5266.0 0.0042753628615502257    0.00060871237233345993
5283.0 0.0041985312160782934    0.00056788416742530913
5301.0 0.0044032658435561190    0.00054565079840611559
5318.0 0.0050120134251833868    0.00052805576439657928
5336.0 0.0049951161934863363    0.00051084440862255039
5354.0 0.0062980144817369327    0.00049404524922557467
5372.0 0.0056722046990340357    0.00046866227807863733
5390.0 0.0048748728043104530    0.00044484514144534554
5408.0 0.0052835709638751173    0.00043314340479278066
5426.0 0.0060404070368474143    0.00042372294448631676
5444.0 0.0062411322693194521    0.00041588841598102518
5462.0 0.0079607161560651431    0.00041659654005313305
5480.0 0.0091656249090893982    0.00043853285859264549
5498.0 0.0094105993071244495    0.00040726261475415739
5517.0 0.0089561426025092164    0.00038857466428896047
5535.0 0.0090304035335500230    0.00037941619243477383
5553.0 0.0079833470843178583    0.00037021495850015046
5572.0 0.0080382797061972610    0.00036346694510261683
5590.0 0.0067396314453925590    0.00034697889241432566
5609.0 0.0062588366461459790    0.00033728609196010192
5628.0 0.0065623886015209222    0.00033225402922791748
5647.0 0.0070678608208166547    0.00032409554137188140
5665.0 0.0073065897679705774    0.00031669886599094028
5684.0 0.0069342739170055743    0.00030772275346606793
5703.0 0.0069340929679378785    0.00030147959902113126
5722.0 0.0065923351126600067    0.00029551351916411509
5741.0 0.0066661334486534801    0.00029259790730697772
5760.0 0.0071799102431454815    0.00029068779978537522
5780.0 0.0077484862090547403    0.00029048140619155060
5799.0 0.0073168309424853284    0.00029110931067850181
5818.0 0.0073853840619658700    0.00027951832494519410
5838.0 0.0071474257804098806    0.00027520463529141456
5857.0 0.0069766698637266011    0.00027167290118423242
5876.0 0.0071139152838756367    0.00026521930791286087
5896.0 0.0071393309014157278    0.00025811574904927552
5916.0 0.0065791259428797846    0.00025212589154192304
5935.0 0.0065169844671710752    0.00025029933636474942
5955.0 0.0064711912111579135    0.00024776008186439458
5975.0 0.0065750193386397296    0.00024422254648677287
5995.0 0.0063486054832184342    0.00023925487915730774
6015.0 0.0052710640563706796    0.00023148177575031678
6035.0 0.0054883572654708269    0.00022893148608675012
6055.0 0.0053198727538054397    0.00022524218823715948
6075.0 0.0052558287375827776    0.00022117866618214402
6095.0 0.0045313472138859114    0.00021425304469170479
6116.0 0.0041055554537589361    0.00020784206110727231
6136.0 0.0038875888314953873    0.00020393120060568012
6157.0 0.0035733625655764226    0.00020017608205029290
6177.0 0.0033702220799899985    0.00019916451642118781
6198.0 0.0029480124409359638    0.00020099310559056950
6218.0 0.0036735633314477411    0.00019202067386465233
6239.0 0.0036019746802352965    0.00018742215905152750
6260.0 0.0041832256500204156    0.00018825402754210982
6281.0 0.0041199656990768690    0.00018451443065122674
6302.0 0.0045289899893020498    0.00018353495242594888
6323.0 0.0044626388372616121    0.00018227867248058873
6344.0 0.0048956292364682160    0.00018261580797708637
6365.0 0.0053975105849937300    0.00018176194502396572
6386.0 0.0057724195736530417    0.00018152003779204327
6407.0 0.0062800243324622864    0.00017920611746078351
6429.0 0.0069175307732143674    0.00017994552142677826
6450.0 0.0075548336656285475    0.00018180162387653395
6471.0 0.0080212670866036447    0.00017893629498892230
6493.0 0.0091024556860738164    0.00017838422237325568
6515.0 0.0092304657837365186    0.00017710099790467523
6536.0 0.0093016600402452097    0.00017646199263116221
6558.0 0.0093318511619662654    0.00017571006990017911
6580.0 0.0090253679712097353    0.00017440111671434582
6602.0 0.0089951817198906294    0.00017222823769361476
6624.0 0.0084288752599891627    0.00016940316193127052
6646.0 0.0077533242446803843    0.00016539766300529930
6668.0 0.0070431329315577672    0.00016176602021787182
6690.0 0.0066089522701194515    0.00015730969305664762
6713.0 0.0058221154256689455    0.00015526871448888949
6735.0 0.0057545094201736568    0.00015204079987654479
6757.0 0.0055990949449250590    0.00016953821516928127
6780.0 0.0057821804521905034    0.00016232964944604098
6803.0 0.0058483440184065993    0.00015433256038091355
6825.0 0.0056855607728023361    0.00014723424566941975
6848.0 0.0054197266608852490    0.00014539137264584368
6871.0 0.0054915971682322606    0.00014354597055144349
6894.0 0.0051638381483852906    0.00014164132475647130
6917.0 0.0051402639561017732    0.00014039975007466306
6940.0 0.0052736799042924394    0.00013995130199716865
6963.0 0.0053411494275160945    0.00013978973298448921
6986.0 0.0056824365323632697    0.00013966017135889550
7009.0 0.0057265473781992178    0.00014027216388630821
7033.0 0.0052312886139383261    0.00013877854672138208
7056.0 0.0051993368979578571    0.00013933450173011478
7079.0 0.0049226931896419806    0.00013939712247090821
7103.0 0.0046315557772268652    0.00013764540821351590
7127.0 0.0047391868230379627    0.00014399876896916409
7150.0 0.0049937706859481002    0.00014150472510560735
7174.0 0.0055024763763119010    0.00013877685229044738
7198.0 0.0057428677981271039    0.00013901829465567250
7222.0 0.0057782322805872604    0.00013840681829730103
7246.0 0.0057909242518195837    0.00013803661958320364
7270.0 0.0058640111034861933    0.00013696806129685031
7295.0 0.0056971192754993825    0.00013559636759426395
7319.0 0.0052436487951332779    0.00013587218456885850
7343.0 0.0052346409375502168    0.00013608844826067945
7368.0 0.0048680707592751293    0.00013383751133567884
7392.0 0.0047003322337545580    0.00013460551239696602
7417.0 0.0042703760137474739    0.00013240727318501275
7442.0 0.0036543988542759188    0.00013117154278129636
7466.0 0.0030650786929779491    0.00018336386362233792
7491.0 0.0027997877112871557    0.00021787754603816052
7516.0 0.0024191609040842958    0.00017327106625977199
7541.0 0.0024069782795316996    0.00013652296195657972
7566.0 0.0028233713832346921    0.00012864949126694205
7592.0 0.0034630053099632910    0.00013690417790103153
7617.0 0.0044010232327046364    0.00013710565388406809
7642.0 0.0056277704600412749    0.00014028780833968282
7668.0 0.0065462960214858323    0.00014476332342355550
7693.0 0.0074983597140353565    0.00014750956632854375
7719.0 0.0077102609808122795    0.00015049117514755056
7745.0 0.0079673965686753775    0.00015051592837236961
7770.0 0.0078620231092979605    0.00015093550132499014
7796.0 0.0075611215186530177    0.00015167501890168890
7822.0 0.0073223771423834173    0.00014954582140441408
7848.0 0.0068810787961137813    0.00014898939878188502
7874.0 0.0061434611950835685    0.00014517971647911023
7901.0 0.0058172237090435425    0.00014397469317841167
7927.0 0.0054926662150165985    0.00014208123801355183
7953.0 0.0050881108228858773    0.00014051147151350663
7980.0 0.0052397348751909000    0.00014285342936595658
8007.0 0.0051738959810808506    0.00014383868702592831
8033.0 0.0048486434046035830    0.00014477568514721949
8060.0 0.0043352743110013419    0.00014340236143912084
8087.0 0.0029886909057993375    0.00013900660582893772
8114.0 0.0019875702640185402    0.00013427760250810103
8141.0 0.0010398354288913240    0.00013815359751130008
8168.0 0.0006213196421856206    0.00013603023863611679
8195.0 0.0007128634474847828    0.00013670682008592956
8222.0 0.0006380235869324274    0.00013553528263105324
8250.0 0.0007452028108634626    0.00013752858617285295
8277.0 0.0007673587359344281    0.00013884000325904157
8305.0 0.0010654996910295300    0.00013794834941842851
8333.0 0.0013317276988353229    0.00013782139459733890
8360.0 0.0019797385620220669    0.00013908669161266383
8388.0 0.0026692363189122843    0.00013718047048016805
8416.0 0.0036813863337646297    0.00014086172346540810
8444.0 0.0046093446848252560    0.00014372499433315869
8472.0 0.0057701206753140912    0.00015045243370440459
8500.0 0.0071430202132916724    0.00015827044014698764
8529.0 0.0082661931456642218    0.00016083396939476057
8557.0 0.0094880715074316391    0.00016001117269576741
8586.0 0.0106059041464113876    0.00016212347315446523
