#@Telescope UH88 
#@Reference Saunders et al. (2018) 
#@Redshift 0.0  
#@Spectrum Train_SN62_8.dat 
#@SN-Name Train_SN62  
#@Phase 17.738 
#@Survey SNFactory 
#@SN-Type SNIa 
#@Units Flux 
# 
# WAVE : 
# SN_SPEC : 
# SN_ERR : 
#end 
3305.0  0.0122929811478161167  0.0092523248065151612
3317.0  0.0049401703578835516  0.0089067104440955659
3328.0 -0.0048014465779990887  0.0084145256995106950
3339.0  0.0072409223977220778  0.0082961577750014608
3350.0  0.0045646267797801879  0.0079065267844378971
3361.0  0.0066708084086254029  0.0081894738586657020
3372.0  0.0318537321056152276  0.0084057908327161389
3383.0  0.0233939126971973790  0.0081596304988137639
3395.0  0.0266643170588666059  0.0081438753453120603
3406.0  0.0272758010343924114  0.0075422802803896986
3417.0  0.0154194560094313756  0.0073448772068213314
3429.0  0.0101528911248236157  0.0072971953712838225
3440.0  0.0200076009604130897  0.0072928639469213886
3452.0  0.0156031972627993110  0.0071171640523084844
3463.0  0.0009521055053441861  0.0073181438563040754
3475.0  0.0227566694998721890  0.0073489108722659740
3486.0  0.0272820104071392205  0.0068693483820456815
3498.0  0.0193217361882850568  0.0065992579773763403
3509.0  0.0196655411202463111  0.0066740641558806456
3521.0  0.0360025191056094415  0.0067460672375997998
3533.0  0.0376788514579181749  0.0066858265338874184
3545.0  0.0425554627536428587  0.0065331644222834948
3556.0  0.0388641083559554401  0.0063418896969857259
3568.0  0.0398983719654695118  0.0061175664532137145
3580.0  0.0326065519114862451  0.0060053151824660872
3592.0  0.0242073497522977410  0.0059140306745637007
3604.0  0.0215926506705585372  0.0059724388190961668
3616.0  0.0200014142172612944  0.0059323620237731554
3628.0  0.0305878024895301220  0.0059925512660465455
3640.0  0.0403996912832505981  0.0057613238236212940
3652.0  0.0539240828604495154  0.0058641788239740386
3664.0  0.0435433017873690931  0.0058960988963443197
3677.0  0.0645371179841131570  0.0061036471137847744
3689.0  0.0563147856733650851  0.0060382363077256355
3701.0  0.0597938267660764050  0.0062180418575014888
3714.0  0.0392634088547415411  0.0062973741692488976
3726.0  0.0321077922510083769  0.0057902300597670181
3738.0  0.0277401450831122123  0.0053122017156942477
3751.0  0.0209395656829426506  0.0052245260416915584
3763.0  0.0392042174983044944  0.0052509561985971233
3776.0  0.0342551085645732209  0.0052087256332530012
3788.0  0.0302291533884474183  0.0051285071104807583
3801.0  0.0288721927477375677  0.0052373044138099949
3814.0  0.0276447771741999797  0.0053246609431196797
3826.0  0.0321653946109048752  0.0052309550863635645
3839.0  0.0440264234273868779  0.0052212266832727759
3852.0  0.0563756241958387611  0.0051462617105212834
3865.0  0.0537100214953547955  0.0051596437213814609
3878.0  0.0572593019351495466  0.0051289344453127632
3891.0  0.0639680798847390153  0.0051485012107927832
3904.0  0.0867518843119426258  0.0053519142619850519
3917.0  0.0806586879179461286  0.0051313106274440022
3930.0  0.0948122794384105433  0.0053041711434860380
3943.0  0.0865715099677482891  0.0051730632230902540
3956.0  0.0959298096449448245  0.0052711339956462806
3969.0  0.1041053056482409145  0.0051309027822406834
3982.0  0.0964849787911059159  0.0050583219604644087
3995.0  0.0792009354800634890  0.0048380805230301251
4009.0  0.0675752133851971470  0.0047176062742617002
4022.0  0.0574920890332929965  0.0046427701120077165
4036.0  0.0571164172943912640  0.0046637599396047438
4049.0  0.0646499292851799023  0.0046830876686243849
4062.0  0.0617684830524630954  0.0046987345261555388
4076.0  0.0722668671012723224  0.0047309411220710510
4090.0  0.0660840846523361725  0.0046614355964723743
4103.0  0.0620756353509030814  0.0045052451983228613
4117.0  0.0503509418591080657  0.0044790017176476911
4131.0  0.0563689185519218663  0.0044907618755499262
4144.0  0.0553785112977458402  0.0044596579741171243
4158.0  0.0557753593127074329  0.0045868090755481448
4172.0  0.0517683281985537105  0.0045437120529553407
4186.0  0.0686617120181351737  0.0046214856106637737
4200.0  0.0713637726048883397  0.0046220995327014734
4214.0  0.0635519685918922439  0.0045021935321798434
4228.0  0.0657036775243876325  0.0045635448792077172
4242.0  0.0646314345909831944  0.0044796579865873437
4256.0  0.0707578734929107112  0.0044636199225161783
4270.0  0.0619075164571957284  0.0043068706274372775
4284.0  0.0699123744867816976  0.0043314058407903991
4299.0  0.0786545705493495589  0.0043566540669825321
4313.0  0.0675849462619990959  0.0042930499118967189
4327.0  0.0666571723179492232  0.0042972854338808432
4342.0  0.0697162166099768998  0.0043037446723286008
4356.0  0.0625402697295289745  0.0041927304295251780
4371.0  0.0501068013855172426  0.0039920804038151162
4385.0  0.0425525229922779774  0.0039930541905127855
4400.0  0.0372944001749999435  0.0039462283908029919
4415.0  0.0408768483109535827  0.0038635188327709002
4429.0  0.0324842996381781920  0.0037964494580545950
4444.0  0.0404074150852966885  0.0039884224499202366
4459.0  0.0491434207828038427  0.0039652450761075587
4474.0  0.0416647899746483419  0.0039658876247229500
4489.0  0.0404358513863357152  0.0039725933130325408
4504.0  0.0480073709607530194  0.0040981595842205518
4519.0  0.0662735140201335254  0.0041917739298217398
4534.0  0.0728857160068728388  0.0043146132159838230
4549.0  0.0862192615840911142  0.0045190686789538239
4564.0  0.1050456045015641243  0.0046595183316067114
4579.0  0.1269151972530838668  0.0050143026918656498
4594.0  0.1170149198699794446  0.0050330338654647894
4610.0  0.1233693549372864573  0.0053488117459485427
4625.0  0.1280770069436773240  0.0057668484445724836
4640.0  0.1147637165460903552  0.0060688173971188723
4656.0  0.0929922343188776396  0.0063427814975883989
4671.0  0.0767980486580932542  0.0067005634512931830
4687.0  0.0639501397896520690  0.0069540664813917833
4703.0  0.0571867893896647536  0.0068866355655944041
4718.0  0.0520415440977933796  0.0067212283590521536
4734.0  0.0520080294434048448  0.0060862805429006033
4750.0  0.0522425267635754087  0.0059367358750934615
4766.0  0.0517200827726073745  0.0060688907598649908
4781.0  0.0627544211158523602  0.0107166747891283744
4797.0  0.0481383041986030158  0.0091498490856103884
4813.0  0.0560681201082616279  0.0074681438841765731
4829.0  0.0585423769303669503  0.0066448144498466076
4846.0  0.0497006388052960296  0.0063044223758615802
4862.0  0.0633735864940247334  0.0063276035448413918
4878.0  0.0776890852748173127  0.0062142167564638549
4894.0  0.0745149603843744540  0.0058878880134147797
4910.0  0.0792759149494316889  0.0056286837584331095
4927.0  0.0966580019221930931  0.0055116090163753843
4943.0  0.0886337896333035807  0.0051139787895344430
4960.0  0.0751525957249754711  0.0046345130923351021
4976.0  0.0734266220368572781  0.0043723157790025126
4993.0  0.0616589160691793162  0.0041813275815047249
5009.0  0.0613851558806464415  0.0039899001253176861
5026.0  0.0625479224586655835  0.0038102379101467351
5043.0  0.0545181104439777797  0.0036333122293559015
5060.0  0.0577468266528576510  0.0035675192549889608
5076.0  0.0544149622409254088  0.0034357279223329170
5093.0  0.0647455197956823131  0.0034417162926859324
5110.0  0.0579220484696975416  0.0033268477034535627
5127.0  0.0545286584386569032  0.0032268064064749141
5144.0  0.0593372051551528529  0.0032126116188045408
5162.0  0.0582957222183011006  0.0037014542922531764
5179.0  0.0882345224635709552  0.0051422892241013490
5196.0  0.0810459275124809919  0.0031826948977771402
5213.0  0.0921435566381719195  0.0031434257350144031
5231.0  0.1046934773822878889  0.0031714634385397794
5248.0  0.1057326261377874582  0.0031351767828371752
5266.0  0.1131075623076633341  0.0031200381108493149
5283.0  0.1085854143334344379  0.0030006340933186070
5301.0  0.1172528734365773234  0.0029895301982115646
5318.0  0.1091841694625706044  0.0028868508545450630
5336.0  0.1109206350348647674  0.0028558018936697621
5354.0  0.1053112649051521077  0.0027933943778769956
5372.0  0.0984281291618838705  0.0026979070173611184
5390.0  0.0950431080585842220  0.0026479067329063977
5408.0  0.0967496617257642827  0.0025920425752964122
5426.0  0.0957319671063150274  0.0025729129437799684
5444.0  0.1006624177083082355  0.0025996154891886349
5462.0  0.0878724739116173437  0.0026625574040015474
5480.0  0.0842343091383578740  0.0024701784204069462
5498.0  0.0843685900584307813  0.0023788793477080360
5517.0  0.0724650005778449124  0.0022681367862837582
5535.0  0.0708985798122765687  0.0022094242268252012
5553.0  0.0744140681476565535  0.0021773587392857384
5572.0  0.0665892648113179664  0.0021235418854572150
5590.0  0.0593846209631935171  0.0020166488326086290
5609.0  0.0460800940836518721  0.0018820949896870944
5628.0  0.0469483657182004702  0.0018700657905401832
5647.0  0.0400115041482631620  0.0017786231978945391
5665.0  0.0384375001529077970  0.0017606891030614062
5684.0  0.0369705036838616288  0.0017206244259325132
5703.0  0.0328860868442204107  0.0016702183119102405
5722.0  0.0352150793817396293  0.0016798953536363704
5741.0  0.0408324050705467234  0.0016829965444289201
5760.0  0.0435048966088834727  0.0017051667558100495
5780.0  0.0512956595078622526  0.0017758325239047208
5799.0  0.0577703380088336674  0.0017790956939789178
5818.0  0.0655801540180831893  0.0018069687650899566
5838.0  0.0848219191135841238  0.0023396226446871799
5857.0  0.0875730988649462277  0.0019752637213175596
5876.0  0.0907781903209917418  0.0018690542387459687
5896.0  0.0936814212464892465  0.0020019475416605185
5916.0  0.0785494347368666662  0.0017795418913368007
5935.0  0.0750879828055189547  0.0017579220785111475
5955.0  0.0657648636097040301  0.0016953472313656311
5975.0  0.0619496823464694979  0.0016426294516219719
5995.0  0.0533731790640756126  0.0016044152670479722
6015.0  0.0535733571699790467  0.0015555300353733215
6035.0  0.0530946349469950743  0.0015698076656552561
6055.0  0.0542384654130170854  0.0015486036625896903
6075.0  0.0464206237006024244  0.0014900942140489428
6095.0  0.0427262483560055042  0.0014351131020929873
6116.0  0.0319135389921409857  0.0013093080289163206
6136.0  0.0272518194104598502  0.0012592316907584021
6157.0  0.0281478442897518943  0.0012421985162985318
6177.0  0.0259210046349198676  0.0012366005244725299
6198.0  0.0296942578447475514  0.0012420239449291725
6218.0  0.0362416023431204604  0.0012713762735605629
6239.0  0.0432792939262096749  0.0013130731141994779
6260.0  0.0474858661406417706  0.0013158170670294668
6281.0  0.0510908313416045118  0.0013306824018162692
6302.0  0.0559747048466263594  0.0013400842162526677
6323.0  0.0602121555130997257  0.0013766956060075168
6344.0  0.0645955168361894011  0.0014491540805573059
6365.0  0.0585774458553754429  0.0014895557656046143
6386.0  0.0730225854732921148  0.0015599070405356117
6407.0  0.0619798042987350362  0.0014342964118853893
6429.0  0.0613091419844772542  0.0013821769628491307
6450.0  0.0584560110073043815  0.0013681756519416065
6471.0  0.0594537555459679762  0.0013558808460143309
6493.0  0.0639243914913100314  0.0013357161701235117
6515.0  0.0569702997782176451  0.0012847284602778937
6536.0  0.0559035590926634379  0.0012948937633018305
6558.0  0.0552261953310660622  0.0012935883097901894
6580.0  0.0525317590907595430  0.0012694572929857625
6602.0  0.0489782403002044855  0.0012232040771463324
6624.0  0.0435627506026393801  0.0012019926113384497
6646.0  0.0376443510059476238  0.0011784646225338495
6668.0  0.0360514581470466958  0.0011767894865334038
6690.0  0.0312931730385040408  0.0011109881582917218
6713.0  0.0286444895881995815  0.0013004284132482522
6735.0  0.0272574468597390589  0.0011707322313584448
6757.0  0.0255016445755922409  0.0012586983799845208
6780.0  0.0251731007305646577  0.0011928927820091838
6803.0  0.0244943858880011418  0.0011769272186379362
6825.0  0.0261271553383948911  0.0011404473209060653
6848.0  0.0237713258925975057  0.0010685532481592892
6871.0  0.0261224168387294668  0.0010800299928211867
6894.0  0.0234633937484384804  0.0010521434119138283
6917.0  0.0318282733627546846  0.0010804450533524676
6940.0  0.0259630258892854793  0.0010829110913632121
6963.0  0.0275059388133183889  0.0010216311365727228
6986.0  0.0254132351125264180  0.0010706129795887158
7009.0  0.0225583972368896060  0.0010141306031467713
7033.0  0.0256492455764161867  0.0010848517875676881
7056.0  0.0265098146914385553  0.0018162903054154270
7079.0  0.0205238059058012907  0.0014259718824523042
7103.0  0.0251698894164129813  0.0011670032995811186
7127.0  0.0212627572370585292  0.0010297002273071993
7150.0  0.0248737248733439144  0.0012279745994010350
7174.0  0.0239459418126784368  0.0010746890071217363
7198.0  0.0244001414668575979  0.0011931052994026425
7222.0  0.0235353608867328382  0.0011595860671728860
7246.0  0.0224015296331140958  0.0011854563893241533
7270.0  0.0217877239265551956  0.0011051224212501513
7295.0  0.0250182587936187625  0.0012616418670084956
7319.0  0.0255874418428629000  0.0011840121078606524
7343.0  0.0243027295896396447  0.0012839242455266182
7368.0  0.0211747948054802314  0.0010851610762859728
7392.0  0.0224046395998468359  0.0011878053213188022
7417.0  0.0219295025525775948  0.0011527634295386210
7442.0  0.0165627473500081432  0.0011131465919170186
7466.0  0.0170321037142590892  0.0010085207584520678
7491.0  0.0157763551053812338  0.0010009593931294271
7516.0  0.0142403297326169874  0.0009959986708181583
7541.0  0.0178540649063529365  0.0010190602453742552
7566.0  0.0159120961393060881  0.0010230077462098405
7592.0  0.0176000397596191849  0.0010277829958317925
7617.0  0.0175025690130150360  0.0010005327847513708
7642.0  0.0168231954481385393  0.0010405826456444652
7668.0  0.0159898600779677345  0.0010510368637407627
7693.0  0.0164082948642806162  0.0013102065459727637
7719.0  0.0194426947102885987  0.0010227898563292402
7745.0  0.0192295017608931154  0.0013687043621102562
7770.0  0.0180490635953434488  0.0011117369682728151
7796.0  0.0202945904726128425  0.0012559511145698141
7822.0  0.0220803082145945156  0.0012619948813211942
7848.0  0.0217817165686597924  0.0012319616589842254
7874.0  0.0155634719723157008  0.0010798460495434951
7901.0  0.0183642429708364245  0.0010331433319777932
7927.0  0.0159253856235196493  0.0010270147291176702
7953.0  0.0153287493624929966  0.0009881356128874463
7980.0  0.0151521934032906140  0.0010979362407830193
8007.0  0.0139628729254063517  0.0015482106330925380
8033.0  0.0147102400131567737  0.0015955652336988948
8060.0  0.0123834871498910860  0.0011542225867686884
8087.0  0.0106895920685603461  0.0009573017861785067
8114.0  0.0097026123879303157  0.0010881974390567031
8141.0  0.0092145312422057171  0.0014128058583392838
8168.0  0.0111433912887154533  0.0009874432258845532
8195.0  0.0095754886918917956  0.0014898834246551203
8222.0  0.0059807755979727440  0.0010582430024600326
8250.0  0.0068327820271574672  0.0013283624729454561
8277.0  0.0073498751661144682  0.0013109542494216149
8305.0  0.0049606056427213925  0.0012922047082027646
8333.0  0.0076298056230762433  0.0011368123996560095
8360.0  0.0068936225305709893  0.0011640897047795746
8388.0  0.0069587355759825210  0.0011256591076460615
8416.0  0.0093263320108885883  0.0010611033329598729
8444.0  0.0121423742657602047  0.0011254282784299455
8472.0  0.0150361052648932576  0.0011123978373182542
8500.0  0.0223061725450967412  0.0012359378220107250
8529.0  0.0236710581935815206  0.0011859322734763679
8557.0  0.0258058217627345973  0.0013308556737451822
8586.0  0.0287809227569429914  0.0013250498654700917
