#@Telescope UH88 
#@Reference Saunders et al. (2018) 
#@Redshift 0.0  
#@Spectrum Train_SN50_12.dat 
#@SN-Name Train_SN50  
#@Phase 7.027 
#@Survey SNFactory 
#@SN-Type SNIa 
#@Units Flux 
# 
# WAVE : 
# SN_SPEC : 
# SN_ERR : 
#end 
3305.0 0.032804236659340340    0.00463592854898340918
3317.0 0.036540230011401831    0.00455803816201624194
3328.0 0.034651628992109856    0.00436653968804142419
3339.0 0.034504776953003288    0.00425021164664240742
3350.0 0.037951310602583319    0.00411190411610269039
3361.0 0.041166706476674968    0.00408145207590239999
3372.0 0.046146407223944225    0.00403892485341249621
3383.0 0.054635482241300853    0.00417648938171107792
3395.0 0.051856471182551364    0.00407963472332752587
3406.0 0.058339129231629719    0.00394558854929194600
3417.0 0.060144889175639420    0.00385742438236501327
3429.0 0.067670533965224267    0.00389070288315221955
3440.0 0.059328022239454811    0.00384618193790216148
3452.0 0.069445148067216939    0.00391974907683173123
3463.0 0.072508435134114924    0.00391577412653159023
3475.0 0.064479565143307688    0.00372668599504786093
3486.0 0.067633555412058774    0.00359356812538098565
3498.0 0.078556134358579346    0.00355936399579260144
3509.0 0.082206219416520968    0.00363052483875528961
3521.0 0.084127387434295625    0.00371988384585359355
3533.0 0.087926653682372694    0.00367347400169455241
3545.0 0.081392359295010541    0.00348541407949026511
3556.0 0.079599902085041460    0.00335001462489886367
3568.0 0.092775282054823521    0.00333556027311116086
3580.0 0.089321353268792800    0.00325140998729731446
3592.0 0.087011006017450862    0.00325444344259214792
3604.0 0.086250955164250687    0.00321952981047788842
3616.0 0.089186653175043651    0.00326336697985594787
3628.0 0.079926685871763839    0.00318614125015270798
3640.0 0.077598475609851100    0.00310155448519911729
3652.0 0.076741974798396589    0.00300178812237033221
3664.0 0.087272553558241109    0.00302163355788199637
3677.0 0.079679236452937022    0.00290684970450795282
3689.0 0.058578427109915399    0.00275010018248780189
3701.0 0.052564843461101678    0.00267742329239321463
3714.0 0.047149855360756325    0.00255767005288988578
3726.0 0.052637824331076624    0.00257635179523970151
3738.0 0.065658376920594050    0.00263188876591988761
3751.0 0.072133389510824444    0.00274812001257507960
3763.0 0.072733980710275897    0.00275522032082936921
3776.0 0.078745247265727888    0.00268917189383944362
3788.0 0.083730525385959764    0.00269719068481264791
3801.0 0.082264901075243771    0.00265837566594046915
3814.0 0.085513077232189788    0.00260778967292130603
3826.0 0.102056797586630207    0.00271589599631188918
3839.0 0.117642395963240595    0.00278280952132261032
3852.0 0.129208169059248978    0.00281674388312959899
3865.0 0.139173954719040344    0.00300669549631835814
3878.0 0.171410513701546779    0.00322626081502003920
3891.0 0.189321218857799983    0.00312288106233088968
3904.0 0.191131914365386402    0.00297671681040164544
3917.0 0.191975786801434484    0.00291333609295161026
3930.0 0.199196722862328646    0.00289292753718222101
3943.0 0.179890541710170437    0.00280937393533954105
3956.0 0.159253197010861353    0.00276228868127689157
3969.0 0.153375239420704912    0.00275568883782672473
3982.0 0.141965664738289449    0.00272582791541671650
3995.0 0.132618866595460599    0.00258113449101801109
4009.0 0.129477581587720048    0.00247169953713094600
4022.0 0.121677167699776698    0.00241724400278578574
4036.0 0.133689184576423786    0.00243506976299425609
4049.0 0.138801244818553993    0.00240958354571478616
4062.0 0.135827556814005712    0.00239555707554390228
4076.0 0.144206846036531694    0.00244178139103868198
4090.0 0.148584669243985917    0.00241351734226496247
4103.0 0.145220940835125212    0.00234716136053178884
4117.0 0.146316608183624047    0.00234501548608370518
4131.0 0.145207208706043062    0.00233338012646630523
4144.0 0.155047456141197859    0.00238369528903536153
4158.0 0.158484309271678392    0.00240468939299483308
4172.0 0.156085527710723065    0.00238661753309561946
4186.0 0.151741362369497451    0.00235016717341279390
4200.0 0.150810552625918970    0.00232491279665853921
4214.0 0.150174173269720074    0.00231951452105066784
4228.0 0.151762732931288030    0.00233583556264781904
4242.0 0.147642199320376200    0.00232608271558090761
4256.0 0.140814103800739526    0.00226666694790777839
4270.0 0.129683811120845899    0.00218162107672472891
4284.0 0.108261740881717861    0.00204683526377393574
4299.0 0.103416165588488623    0.00198705777727837271
4313.0 0.098165541603810663    0.00196426301231619879
4327.0 0.095944447505604699    0.00194944378663806537
4342.0 0.090544507879253444    0.00193242785403096163
4356.0 0.088291349342900574    0.00190055737766365944
4371.0 0.089344068988476494    0.00187243376462971844
4385.0 0.082651827089510424    0.00184019891677550049
4400.0 0.082216851780641129    0.00184843091002902184
4415.0 0.089236810134190089    0.00185464634453735475
4429.0 0.100237728503453541    0.00189334579511602516
4444.0 0.110963131165266821    0.00194129067957270977
4459.0 0.121426900961034950    0.00196356741580194349
4474.0 0.132426346526324845    0.00201008294673646207
4489.0 0.146765962385166704    0.00206534195323025737
4504.0 0.162089957293698295    0.00211397885235296065
4519.0 0.171557753245855732    0.00214521167801046088
4534.0 0.191228420195130006    0.00218886337805643651
4549.0 0.195724019101383845    0.00219172357317997356
4564.0 0.188526710232453237    0.00215911116425158631
4579.0 0.189209307430485835    0.00216692816761316536
4594.0 0.187928058182728119    0.00213815715817885490
4610.0 0.177715599492489607    0.00208896405341000907
4625.0 0.175342287140025532    0.00210156278434111242
4640.0 0.156131239354306811    0.00201825204539728435
4656.0 0.136914574388526472    0.00193009426307164220
4671.0 0.123002783766159737    0.00187510450281580272
4687.0 0.119927660292960397    0.00187611758847482904
4703.0 0.120308509480432188    0.00184601021933233889
4718.0 0.107386851020153246    0.00178155208713208935
4734.0 0.094094968328392328    0.00172528508352532621
4750.0 0.090053963248090618    0.00173940903535892252
4766.0 0.089155095378407490    0.00176000991046905918
4781.0 0.097131258330715078    0.00183920971299152852
4797.0 0.102186793926703101    0.00192403819497012954
4813.0 0.095102674458603861    0.00199298779795761914
4829.0 0.086528784680868304    0.00208820032648094267
4846.0 0.083193269573835257    0.00228071153189441213
4862.0 0.082467958223577040    0.00246619454860203717
4878.0 0.079294981688121741    0.00261441508397936787
4894.0 0.089762523939712222    0.00279780082903463177
4910.0 0.103352992374362337    0.00287796071858852738
4927.0 0.113196868399476527    0.00292112576832559466
4943.0 0.105004340038644867    0.00273589377749528006
4960.0 0.095840478961936287    0.00246802283816170307
4976.0 0.094136615749277439    0.00248839368449659372
4993.0 0.085113479493110503    0.00297298252193894377
5009.0 0.095904955374005660    0.00351294845909714409
5026.0 0.088350686544742818    0.00280996342150817294
5043.0 0.092799254440170204    0.00261776964075530498
5060.0 0.097918643143131728    0.00257643579348182080
5076.0 0.101422014856944340    0.00256294571846750171
5093.0 0.105312943019707936    0.00249303623638415109
5110.0 0.110457685712325698    0.00239074977566325515
5127.0 0.113033294453961194    0.00227929593324055751
5144.0 0.125240033725722288    0.00219995577574335797
5162.0 0.133956777707104235    0.00212241959686844351
5179.0 0.143284176748070174    0.00203458242889529434
5196.0 0.153216666107824778    0.00201033404521646936
5213.0 0.157422647995191622    0.00194545442371493716
5231.0 0.157577265743279155    0.00188507812745278584
5248.0 0.149411065443110225    0.00181573520130294281
5266.0 0.142334902157030180    0.00173403232083980431
5283.0 0.130351386198771707    0.00162733439897627436
5301.0 0.124100684639042280    0.00156556491309199283
5318.0 0.123511056000005670    0.00154041351623894311
5336.0 0.123988805955905404    0.00153379629552509748
5354.0 0.125446594204208367    0.00151187051052264695
5372.0 0.127548644048641857    0.00147818835936762210
5390.0 0.124847396743710287    0.00144102993193414566
5408.0 0.126479298621044955    0.00163478041778428325
5426.0 0.121288697887568089    0.00138963001297573831
5444.0 0.112154905947580125    0.00131605015726154019
5462.0 0.106672602908361530    0.00128404332045289546
5480.0 0.102805095571383953    0.00124392354879635327
5498.0 0.099369325424429680    0.00119952012449908328
5517.0 0.109724888429521883    0.00119706711656476436
5535.0 0.112164111094283495    0.00117806193744914283
5553.0 0.118520532774218909    0.00117832057409069171
5572.0 0.116235078359844285    0.00116620286973172574
5590.0 0.118062749015952664    0.00114655288354803867
5609.0 0.116131757541159092    0.00111677471757523823
5628.0 0.114479017049473789    0.00110968830332171774
5647.0 0.111419503874788425    0.00108745379317664432
5665.0 0.110405999990862522    0.00107128856136568472
5684.0 0.105218393162001239    0.00105325569821345505
5703.0 0.098168229249015623    0.00103641648497991654
5722.0 0.091622095370595971    0.00104223816156424421
5741.0 0.087238910425176619    0.00096410341601108670
5760.0 0.089343718938921832    0.00095814119819241574
5780.0 0.094880583368256985    0.00095794497000356138
5799.0 0.097592151357760087    0.00095507000673819488
5818.0 0.104757927742145901    0.00094871322983741463
5838.0 0.109931864387849770    0.00095442470079621191
5857.0 0.114403590859398066    0.00095718238266235623
5876.0 0.114566155466344355    0.00093843075362388159
5896.0 0.112315109265846938    0.00090850685844464903
5916.0 0.110374286692721216    0.00089642769913450624
5935.0 0.108348421004544226    0.00088907992791971066
5955.0 0.105771839321728581    0.00088289141610881788
5975.0 0.098427243171758910    0.00085409385208417134
5995.0 0.090376364260931569    0.00082229119880909728
6015.0 0.083410490973923543    0.00079332362820863048
6035.0 0.075654680358826526    0.00076263601741389435
6055.0 0.059893857422230627    0.00071463838987443848
6075.0 0.041216136098738573    0.00063934033291091895
6095.0 0.034765706674427556    0.00061082695749286762
6116.0 0.032902890259818046    0.00061618895691222637
6136.0 0.033722830196610723    0.00057706398427472406
6157.0 0.038056728301830565    0.00058690831760807008
6177.0 0.044452952063690925    0.00061283012159072249
6198.0 0.052618889338509819    0.00062042382813658886
6218.0 0.062987294418310538    0.00064521955633623819
6239.0 0.070743174351348373    0.00066556258704379820
6260.0 0.077906685264644018    0.00067678936401929899
6281.0 0.083063150073645939    0.00069544717086003616
6302.0 0.085841212499758804    0.00069611117249652175
6323.0 0.088186434915892314    0.00069016920690948339
6344.0 0.088336675646892446    0.00069000495030105554
6365.0 0.087108591949181510    0.00067737580824565457
6386.0 0.088014694437292151    0.00067192132367158294
6407.0 0.086084805513122017    0.00065603291580626391
6429.0 0.085948757661669831    0.00064958710674024314
6450.0 0.083989160006867264    0.00064516803955307837
6471.0 0.081867307784321802    0.00063178861348025519
6493.0 0.079308786236017073    0.00061426109304157982
6515.0 0.077432956453588761    0.00060794064570482116
6536.0 0.073644774028115506    0.00059659806122917293
6558.0 0.069762354451746972    0.00059066133936833121
6580.0 0.066786975596094464    0.00057825949234481847
6602.0 0.063238441048170432    0.00056021946025364513
6624.0 0.060061649663883949    0.00057128970957099018
6646.0 0.058528175838681619    0.00055332770610021914
6668.0 0.056282165183704359    0.00060255351620566028
6690.0 0.052078041423895348    0.00055371785256401115
6713.0 0.048636874370341060    0.00052403668365260628
6735.0 0.047980405001215046    0.00050721790960847634
6757.0 0.044819962558301264    0.00048821585927590749
6780.0 0.044250010527401275    0.00048473406819262989
6803.0 0.042994766672075128    0.00047408129162728266
6825.0 0.042494591416502657    0.00046770657756489166
6848.0 0.041835531642703865    0.00046799066302159156
6871.0 0.040935661112848624    0.00046175816373580908
6894.0 0.040726786530888050    0.00045922033578021205
6917.0 0.039051644302653218    0.00045163803427025203
6940.0 0.037582214334045204    0.00044627767996214109
6963.0 0.037542040125797350    0.00045463304321950103
6986.0 0.036562614246472121    0.00044508370266386116
7009.0 0.034780684030637353    0.00044586853238110451
7033.0 0.033849494756071748    0.00049468101623640921
7056.0 0.034978678891905556    0.00048542202097326469
7079.0 0.033676132153977051    0.00045029225652424486
7103.0 0.033622350822095901    0.00046751223731920721
7127.0 0.032938884770029757    0.00046069793645931844
7150.0 0.031810596781344194    0.00044722363674551272
7174.0 0.032977436206664240    0.00043669287363436686
7198.0 0.031682591045926585    0.00041622542931276117
7222.0 0.031757970105881210    0.00041824214058685269
7246.0 0.031905455816991793    0.00043070145390594437
7270.0 0.031830562027839612    0.00042131974604708514
7295.0 0.032062879489621846    0.00043991387397319682
7319.0 0.029643029915584346    0.00041483676279117611
7343.0 0.028375883850380548    0.00042396900732816391
7368.0 0.024785553697069918    0.00059007157757029536
7392.0 0.026030130384873972    0.00060762083570431913
7417.0 0.021340618176077953    0.00049519885051808518
7442.0 0.017351881734473516    0.00039149733258023997
7466.0 0.017946669435034045    0.00037959457166674587
7491.0 0.017973301422361813    0.00044124832776114710
7516.0 0.019687491480013933    0.00043742459253198827
7541.0 0.020048921216116965    0.00040133798175673909
7566.0 0.021552939636491193    0.00043750871774537905
7592.0 0.021221299312848895    0.00043643107003593629
7617.0 0.021374266929799341    0.00046224656736353840
7642.0 0.022914734741041030    0.00045418585701413144
7668.0 0.023358424642974409    0.00046035120190710969
7693.0 0.023015460314691826    0.00044118154178780404
7719.0 0.024557180517555965    0.00044551041973810791
7745.0 0.024150917309779672    0.00045472824971069326
7770.0 0.024644205165288202    0.00043099908013614549
7796.0 0.026097975007233029    0.00043716494581170741
7822.0 0.026810906532913070    0.00043101368898271263
7848.0 0.027937602600219449    0.00042253823044077825
7874.0 0.028178361143262592    0.00041761706369150651
7901.0 0.029027696217277049    0.00042978786333205347
7927.0 0.029046727580891635    0.00042884443757984893
7953.0 0.025597995698489685    0.00041723829203146201
7980.0 0.023690663402774453    0.00041561702505441141
8007.0 0.021135277838488550    0.00039763691212136052
8033.0 0.019840866858169496    0.00047202056278436444
8060.0 0.017604862626855504    0.00044480117775238154
8087.0 0.016606955543746096    0.00047251224350714329
8114.0 0.014509678929523376    0.00042256297641342160
8141.0 0.014331849704967054    0.00045929174021345630
8168.0 0.009946308237239103    0.00045164541779754003
8195.0 0.008625251638126890    0.00039369649294886805
8222.0 0.010085022309587298    0.00040212458673791798
8250.0 0.011844210070848352    0.00040435693058717446
8277.0 0.012259608033638772    0.00037283324319056180
8305.0 0.011611397240812230    0.00036798271204724700
8333.0 0.012143576146941393    0.00036914702108243360
8360.0 0.013850261777560236    0.00043051779526038955
8388.0 0.014626941228273255    0.00045729756946197325
8416.0 0.018549936941363494    0.00044433168951388280
8444.0 0.020910206511496551    0.00040149016778416553
8472.0 0.024546157303560349    0.00040960239426481330
8500.0 0.028902842103422702    0.00055682860105814617
8529.0 0.029160054584156318    0.00049229518864785636
8557.0 0.032606806324362525    0.00057766303370136403
8586.0 0.031892330854672996    0.00048968299283463055
