#@Telescope UH88 
#@Reference Saunders et al. (2018) 
#@Redshift 0.0  
#@Spectrum Train_SN1_4.dat 
#@SN-Name Train_SN1  
#@Phase 2.897 
#@Survey SNFactory 
#@SN-Type SNIa 
#@Units Flux 
# 
# WAVE : 
# SN_SPEC : 
# SN_ERR : 
#end 
3305.0 0.106842597984167592    0.00391016082650647977
3317.0 0.115371751815806375    0.00388257549819055314
3328.0 0.121474343690223474    0.00379990005597625070
3339.0 0.129203610906499761    0.00368050516325757037
3350.0 0.128659142571968532    0.00361514578312539152
3361.0 0.127703628302626188    0.00341263961518320285
3372.0 0.133364708785979252    0.00342791170972449582
3383.0 0.132526382746446014    0.00338855337320520447
3395.0 0.149219635015714447    0.00340253022846300629
3406.0 0.140052526258012261    0.00325436850377903986
3417.0 0.148159005343702105    0.00329769439313391463
3429.0 0.153374520048685292    0.00329470200595434384
3440.0 0.157286438411185697    0.00319165826991350821
3452.0 0.159285565071009966    0.00322961051084553596
3463.0 0.169647041803568738    0.00331273606025498648
3475.0 0.186465312675274358    0.00324477172536271523
3486.0 0.201059590810800548    0.00310775210019465214
3498.0 0.209420550419166657    0.00309401022053306871
3509.0 0.215524302173516175    0.00321679885690877125
3521.0 0.225114469265788208    0.00326653549663600282
3533.0 0.242043162880677537    0.00322242593315729851
3545.0 0.246479275592919378    0.00319901795047601014
3556.0 0.247857635404689275    0.00314624254034980011
3568.0 0.237803511463699158    0.00309329058641358897
3580.0 0.233013368315831831    0.00308536494255282024
3592.0 0.217570269597592986    0.00293894838391957651
3604.0 0.207664700781168887    0.00283453732890346635
3616.0 0.204718999887395281    0.00280687682989744398
3628.0 0.201435003453238615    0.00275624928214895882
3640.0 0.187784947224534760    0.00262731898302737089
3652.0 0.172022523386299031    0.00251128392056085541
3664.0 0.150072504915872318    0.00243914149482651584
3677.0 0.137122918495371005    0.00243330960971738881
3689.0 0.121795085049801646    0.00247410198249138581
3701.0 0.128521069034073149    0.00242432532033343964
3714.0 0.141098960884466051    0.00236144701566722015
3726.0 0.152665303566269561    0.00235284071994417169
3738.0 0.161428212243188957    0.00220520537850478222
3751.0 0.166990219231889642    0.00222185548063211398
3763.0 0.169349334397975837    0.00226995445987363161
3776.0 0.177701577659063831    0.00220461115425384449
3788.0 0.189873346042885749    0.00225818204079111708
3801.0 0.199783497637573748    0.00233920373283723034
3814.0 0.221275832359603658    0.00243061991791832183
3826.0 0.245548172825195393    0.00250047785606813833
3839.0 0.268083899461884489    0.00232702786604127359
3852.0 0.299467736882993996    0.00240821319174989567
3865.0 0.325126684559892964    0.00257721639367387107
3878.0 0.349670934073511686    0.00248336052989768909
3891.0 0.381739724679132642    0.00277776010508810380
3904.0 0.392089768661565363    0.00282423622557087181
3917.0 0.386180109980891195    0.00281962324216508469
3930.0 0.360514598287812182    0.00284722208554557101
3943.0 0.335027801746068721    0.00269173359155481379
3956.0 0.324772543871141905    0.00251680766115873868
3969.0 0.321328466670993740    0.00240464268379719705
3982.0 0.322288026395992688    0.00243218792125889267
3995.0 0.334616649383929043    0.00248527525355968313
4009.0 0.350509181584844787    0.00248777739349041955
4022.0 0.377319547633643226    0.00267580702710813875
4036.0 0.387921281155606423    0.00269272771994086583
4049.0 0.388171251200060130    0.00258547439229575658
4062.0 0.390000261159492378    0.00252619947305844725
4076.0 0.386288037048976740    0.00248558454751649080
4090.0 0.383911171616888647    0.00241938957843722182
4103.0 0.372510100336561956    0.00234469882245418905
4117.0 0.364650686962451565    0.00233498625728021780
4131.0 0.348412982103483093    0.00226757518625945358
4144.0 0.340639733437657410    0.00226387822203339382
4158.0 0.329157600972555475    0.00224125330277726237
4172.0 0.324458789692493865    0.00221778411472607065
4186.0 0.316050906540738641    0.00217118822733651648
4200.0 0.296743725498365030    0.00205656019116966715
4214.0 0.278910246073955148    0.00200806666867539216
4228.0 0.263403692878157736    0.00201932287138941726
4242.0 0.245731891807838443    0.00197021713450487579
4256.0 0.236256180713989183    0.00197577864509546107
4270.0 0.221299450782209195    0.00191386848555842072
4284.0 0.202337575158680505    0.00180798248110496042
4299.0 0.189879060520825926    0.00176639905402753753
4313.0 0.187958610651648789    0.00175755460380635402
4327.0 0.185236513883052539    0.00176012835184477545
4342.0 0.191411596240081056    0.00179734830982611012
4356.0 0.196017935389251913    0.00177371014004173381
4371.0 0.204077036405984819    0.00177826818940005440
4385.0 0.217202341469913185    0.00180889225028251248
4400.0 0.235471437523805671    0.00186724129651365451
4415.0 0.253588512884548978    0.00187514288833342678
4429.0 0.266072361135345548    0.00188366736081275131
4444.0 0.279724085088387697    0.00191580873585121846
4459.0 0.289010753994288050    0.00191621850805879005
4474.0 0.301174099864014888    0.00193730393790644286
4489.0 0.316599587379239877    0.00194895899461080711
4504.0 0.323815695283271421    0.00196809342292504023
4519.0 0.323189451960647411    0.00196011868417173950
4534.0 0.310457238435483729    0.00191420240565482792
4549.0 0.302693492361142569    0.00189417817075445793
4564.0 0.298034143126368167    0.00185406762648771721
4579.0 0.294876651378622567    0.00186153457599641590
4594.0 0.283969750293717904    0.00181620599824006287
4610.0 0.267047474960010023    0.00178290039852763843
4625.0 0.254988919101002798    0.00176383898374752874
4640.0 0.253036744542070369    0.00174513302614883207
4656.0 0.243659138012227466    0.00169994400939750675
4671.0 0.232636161077576287    0.00168889894045437961
4687.0 0.220009581506207641    0.00167787476506117824
4703.0 0.201121254795850024    0.00161630820638785874
4718.0 0.192700092183063110    0.00157089716380217704
4734.0 0.194198533543251312    0.00155827307505351613
4750.0 0.197861296197606645    0.00153848061902492339
4766.0 0.190009203273377364    0.00155221905239105880
4781.0 0.181168247201897586    0.00154518559319866459
4797.0 0.163768601501535660    0.00150727900019258817
4813.0 0.161658382782687543    0.00150805206050965953
4829.0 0.163263563511764187    0.00152868872311890855
4846.0 0.171632613811237761    0.00157570154611485721
4862.0 0.184716297155976650    0.00165380570362730502
4878.0 0.186973351987549608    0.00172153120943328592
4894.0 0.183924082843159170    0.00178659499089461665
4910.0 0.168186293167742751    0.00187018483675526837
4927.0 0.159525247201073889    0.00199367344112820347
4943.0 0.145311237166734414    0.00206291860565126694
4960.0 0.144153993380350898    0.00207332763679324251
4976.0 0.150246523405702687    0.00204660439367320779
4993.0 0.146221468591950898    0.00178540687295273464
5009.0 0.149663909333679512    0.00174795787727335971
5026.0 0.159264183502195983    0.00186006303106659690
5043.0 0.161215352927183586    0.00300262061403566011
5060.0 0.176713823569870282    0.00267679733917163378
5076.0 0.194851566122882403    0.00236408680332250319
5093.0 0.206625030639654872    0.00212923873578498837
5110.0 0.225992205905335142    0.00207979645362887065
5127.0 0.228099476565858578    0.00206173006770112455
5144.0 0.237426064458785835    0.00203990078744380925
5162.0 0.234656172066805030    0.00197834361084169366
5179.0 0.232882058811568315    0.00188699732258813444
5196.0 0.217674583560185542    0.00177410429884671829
5213.0 0.195505853823743775    0.00162147894996359280
5231.0 0.177621653417806696    0.00150910742831652459
5248.0 0.172260506147648818    0.00145411218931255980
5266.0 0.169601145353760446    0.00139510357761915885
5283.0 0.166169737400105655    0.00132646342558107142
5301.0 0.165938287096199094    0.00129403699496663744
5318.0 0.163980822401602166    0.00126635982765026071
5336.0 0.166749510396851541    0.00125278847201867796
5354.0 0.163324388773040646    0.00121706199847961341
5372.0 0.159454604398757499    0.00117917857231538770
5390.0 0.156787579284660306    0.00114747456865501229
5408.0 0.149338535692901703    0.00110779625249903739
5426.0 0.148533542097510129    0.00109027070839661498
5444.0 0.152775527301082487    0.00115312064133292849
5462.0 0.163722273557242920    0.00111492387772120418
5480.0 0.173785673621907721    0.00109965532192053423
5498.0 0.182773291169920471    0.00108725995589479120
5517.0 0.190711202107358951    0.00107321874534602353
5535.0 0.195702907452055236    0.00105969852903829774
5553.0 0.197636567520969725    0.00105135048866294620
5572.0 0.200926937717961746    0.00104389322847023877
5590.0 0.202867789479124344    0.00102740163998128677
5609.0 0.207855529696079039    0.00101007237953870286
5628.0 0.205721403312645934    0.00099737973242111102
5647.0 0.202915471807384257    0.00097490260444990477
5665.0 0.194981889701089373    0.00094872151975483859
5684.0 0.186291907054749128    0.00092290447982717116
5703.0 0.182509274644498426    0.00090480562706953395
5722.0 0.178322240943080912    0.00088638099524544788
5741.0 0.178791336891825747    0.00088278231789060656
5760.0 0.178607963748995041    0.00087991666149917825
5780.0 0.180542639120333442    0.00086247348919807961
5799.0 0.184154698792197674    0.00086207158123899352
5818.0 0.181689862662783641    0.00084070812705359433
5838.0 0.186788477156092647    0.00084193748414800908
5857.0 0.185437403899113562    0.00083320106455729061
5876.0 0.181451379047184280    0.00080984157653059719
5896.0 0.175883464325267663    0.00078687208099186392
5916.0 0.174611941538811349    0.00077540419270703223
5935.0 0.172802936993940615    0.00076756276211811033
5955.0 0.170022091843385598    0.00075928436262111200
5975.0 0.160221805496922248    0.00073846473168815449
5995.0 0.150706132447004371    0.00071309495510984966
6015.0 0.134031571604486532    0.00067491803305159601
6035.0 0.114411402921916677    0.00063461165303795822
6055.0 0.093695737813060773    0.00058854392189889183
6075.0 0.073013505235712761    0.00053536002451368071
6095.0 0.065825697068666006    0.00051048183569651255
6116.0 0.070373119343849072    0.00050914371132931434
6136.0 0.081080436291588176    0.00052839770856063725
6157.0 0.094767223485518762    0.00057702104710248060
6177.0 0.107816368629561232    0.00056818489132195310
6198.0 0.120463452181101063    0.00057920803596339307
6218.0 0.130905962673529580    0.00059881173841160810
6239.0 0.136575512337664601    0.00059816544812968029
6260.0 0.138823893131068743    0.00059243580964225058
6281.0 0.141181295165596438    0.00059574694793539486
6302.0 0.140629665583762248    0.00059024775810569618
6323.0 0.137947793272000213    0.00058371722209436979
6344.0 0.135736160622396851    0.00057514353747690062
6365.0 0.134423257654095241    0.00056476273630421282
6386.0 0.131630178577865492    0.00055871109705957613
6407.0 0.128817752151389797    0.00054363072379985840
6429.0 0.125792877123324709    0.00053593107010516041
6450.0 0.120709083220974345    0.00052617040396458494
6471.0 0.118075728481114306    0.00051441268139443979
6493.0 0.114095049728841394    0.00049987156860921964
6515.0 0.109965717885276440    0.00049134373854260391
6536.0 0.106355487696688553    0.00048390594848790667
6558.0 0.103870346925575563    0.00048039300667326726
6580.0 0.100860613341404476    0.00047331175786855141
6602.0 0.099076676743276818    0.00046507089273873932
6624.0 0.097324935668595347    0.00045889238781643101
6646.0 0.094579310970578853    0.00045154422193785716
6668.0 0.090669433636771504    0.00044672829832189439
6690.0 0.088123919723544539    0.00043272345397643829
6713.0 0.085126033551000360    0.00045512222155918075
6735.0 0.084751981649902330    0.00043797688102100677
6757.0 0.082508120165998303    0.00042320563587386535
6780.0 0.080324527268794008    0.00041137368422921136
6803.0 0.079442107713787402    0.00040338582373776124
6825.0 0.076798604862864578    0.00039378612852591888
6848.0 0.074042449093514442    0.00038643854778545563
6871.0 0.072394524249014297    0.00037908013605872804
6894.0 0.070598121201250544    0.00037717044993388742
6917.0 0.068234726805170690    0.00037060497344973994
6940.0 0.065589059229781421    0.00036280506741577712
6963.0 0.063626381177451605    0.00035818607704344549
6986.0 0.062490516836194249    0.00035273465170964675
7009.0 0.061703425073183105    0.00035543701239514703
7033.0 0.060388567570775792    0.00035289155351808085
7056.0 0.058730288510209290    0.00034210775325851245
7079.0 0.057638880563897515    0.00036064015411787180
7103.0 0.056693640921576936    0.00035398933593384577
7127.0 0.055332710777881572    0.00034442682313824479
7150.0 0.054362253066586555    0.00034062314897386620
7174.0 0.054056183382186498    0.00033782377928358027
7198.0 0.052699260574581228    0.00033177250690312270
7222.0 0.052281024278912243    0.00032448968194763271
7246.0 0.050605529083183401    0.00031760436268067768
7270.0 0.048705506182512910    0.00031477415736460966
7295.0 0.047066970389645323    0.00031308950259148428
7319.0 0.044557693057940988    0.00030804957889242425
7343.0 0.042844686667156975    0.00030494787955984094
7368.0 0.040785490710407775    0.00029491393983953958
7392.0 0.039146299346849239    0.00029296600201853830
7417.0 0.038484755758674188    0.00034043625213936229
7442.0 0.037430234835256947    0.00041067683595800378
7466.0 0.036096213109281405    0.00035068149789604415
7491.0 0.036001039530023406    0.00029638055371636324
7516.0 0.035488432425445533    0.00028002086263381932
7541.0 0.035702061001954728    0.00029987996672029807
7566.0 0.035517096264234514    0.00029414890371790519
7592.0 0.034856212792096955    0.00028691744165809365
7617.0 0.034775160449975022    0.00028958470042449050
7642.0 0.034869109855378104    0.00029438820427877681
7668.0 0.034468597146321799    0.00029680166431935730
7693.0 0.035170054416191712    0.00029362549786451670
7719.0 0.034334725111998927    0.00028663161523018762
7745.0 0.035908187228585298    0.00030046310063826633
7770.0 0.035901979064030365    0.00028837247871347024
7796.0 0.037698311425447668    0.00029812203645243032
7822.0 0.037289126243040267    0.00029631539956335496
7848.0 0.038624447091261747    0.00029648300546520820
7874.0 0.039110142601775574    0.00029131200323425076
7901.0 0.038819476730952776    0.00028508956628731357
7927.0 0.037788693979530968    0.00028243012393855318
7953.0 0.036697794756998380    0.00028278338119777684
7980.0 0.035879126233720256    0.00028378495790756911
8007.0 0.034575287348598861    0.00027902736750677094
8033.0 0.033061994273508540    0.00027351596371705353
8060.0 0.030461976739887785    0.00026584349586755560
8087.0 0.027667567643468609    0.00027520710726658637
8114.0 0.024809767966602669    0.00027413756054884436
8141.0 0.022430880980283903    0.00025821845385743547
8168.0 0.020511292008552125    0.00026456426638801230
8195.0 0.020759428252887718    0.00025998997851480994
8222.0 0.020556642110772468    0.00025742508097736163
8250.0 0.021747822751659946    0.00026102742374308667
8277.0 0.021751912856480569    0.00025761228586951079
8305.0 0.024832138515326709    0.00026127244793052812
8333.0 0.030789308157150194    0.00026236584317493978
8360.0 0.035335513837849261    0.00027588429218513622
8388.0 0.039119635977064679    0.00028213425712206894
8416.0 0.043266229008563951    0.00030191167664011251
8444.0 0.045298238678686750    0.00032093343722381051
8472.0 0.046876891539991208    0.00032257312627116040
8500.0 0.047106884599957509    0.00030410394163379797
8529.0 0.048618350207322983    0.00030632483123732709
8557.0 0.048128637308910732    0.00033521292372282890
8586.0 0.048436017019884765    0.00033081454428662756
