#@Telescope UH88 
#@Reference Saunders et al. (2018) 
#@Redshift 0.0  
#@Spectrum Train_SN116_11.dat 
#@SN-Name Train_SN116  
#@Phase 17.039 
#@Survey SNFactory 
#@SN-Type SNIa 
#@Units Flux 
# 
# WAVE : 
# SN_SPEC : 
# SN_ERR : 
#end 
3305.0 0.031036048663550590    0.0048602603213989673
3317.0 0.035727939008997137    0.0047542638509377793
3328.0 0.033138839245440803    0.0046603670599200727
3339.0 0.033989281933244332    0.0046154344201066308
3350.0 0.033472129093566998    0.0044610476929063505
3361.0 0.031694686908480006    0.0044448718099853587
3372.0 0.032889206283593778    0.0042576831852318663
3383.0 0.039498552363132169    0.0042713648530864241
3395.0 0.040943802989543379    0.0043502403403237267
3406.0 0.037802895528789973    0.0042456570225972452
3417.0 0.035315376996677826    0.0041979633261907965
3429.0 0.044715733316540572    0.0041810678931146466
3440.0 0.045458202787702122    0.0039624218119899326
3452.0 0.042828420615285800    0.0038815961421828659
3463.0 0.048799088125201576    0.0039854325016864985
3475.0 0.045574772362268048    0.0038757954475169064
3486.0 0.054505263799845452    0.0038820264463424428
3498.0 0.065141985202102612    0.0039082520676322575
3509.0 0.075656848065183122    0.0039706496516730399
3521.0 0.072024319060054964    0.0038462645807864453
3533.0 0.075024611197192503    0.0038311967052707379
3545.0 0.085067279766959811    0.0038695251435863559
3556.0 0.076928282794311784    0.0037172671512521725
3568.0 0.085159982097055914    0.0037728471557169031
3580.0 0.080334735732978682    0.0037078542615650596
3592.0 0.083164770211220776    0.0036488065898059429
3604.0 0.076108318172967537    0.0035112692721752598
3616.0 0.075395297943490425    0.0034833534043242340
3628.0 0.093322855563239937    0.0035545286670033783
3640.0 0.100883523859579091    0.0035264812753013196
3652.0 0.115393938745071589    0.0036125710825055612
3664.0 0.129909501029808361    0.0036624700072574777
3677.0 0.141434084879520000    0.0037297999069068671
3689.0 0.147778865986059937    0.0037972629872341868
3701.0 0.149573265332662853    0.0038250797595824797
3714.0 0.129145633189829384    0.0036293376138553926
3726.0 0.148301831117205019    0.0037857767439635646
3738.0 0.153015020549503278    0.0037413052850587729
3751.0 0.136708182980830234    0.0036016679829411554
3763.0 0.107525905056341783    0.0033418059503261544
3776.0 0.092501122308374401    0.0031494787375201481
3788.0 0.081827129523497480    0.0030984639679025030
3801.0 0.077247615430669936    0.0030537097029648234
3814.0 0.079019728268173842    0.0030800311522700343
3826.0 0.094153791191755834    0.0033466672202684669
3839.0 0.108508690340322539    0.0034594809582489962
3852.0 0.123311418167654938    0.0032691735860069034
3865.0 0.138642822045275005    0.0032684083346920835
3878.0 0.143972425997813208    0.0032534681751532333
3891.0 0.141309072849524514    0.0032195316799660191
3904.0 0.147423197542608991    0.0033099852760794962
3917.0 0.164985371801341679    0.0034903825087652155
3930.0 0.166294717293191452    0.0035619218082776822
3943.0 0.178220365887245547    0.0035630284075948947
3956.0 0.176134562785608267    0.0034521820785608018
3969.0 0.153442433531251227    0.0031844547158809320
3982.0 0.138102890263465228    0.0030961004606844746
3995.0 0.124308180459783715    0.0029507834674184622
4009.0 0.121156203618390315    0.0028971280079627651
4022.0 0.123936399948789425    0.0029387379225842281
4036.0 0.128021033365662035    0.0029363573472718182
4049.0 0.118735101750721744    0.0028271128256587637
4062.0 0.118637417172686638    0.0028264382831336967
4076.0 0.115208717524004953    0.0028141575210413605
4090.0 0.109262543945452914    0.0027164715121010996
4103.0 0.108349881537716408    0.0026665319225873062
4117.0 0.104190185806688512    0.0026267113506965971
4131.0 0.109216449736844870    0.0026525570866528935
4144.0 0.121646499841623068    0.0027785283488480899
4158.0 0.142301904121246187    0.0029053142226031937
4172.0 0.144582073795463451    0.0029362366248688711
4186.0 0.138197587037581004    0.0028865285790258977
4200.0 0.130573664385158078    0.0028060927578273942
4214.0 0.130332367553062017    0.0028099868341479968
4228.0 0.117810810440429001    0.0027260300378030063
4242.0 0.121027152777552896    0.0027327461503765336
4256.0 0.127004916332439571    0.0027520194710976952
4270.0 0.131996110882755507    0.0027507807897554030
4284.0 0.132578993365255193    0.0027095214327911357
4299.0 0.138316591777282338    0.0027179858708630284
4313.0 0.125149691327455237    0.0026346429403534301
4327.0 0.112818280362309495    0.0025718556136036992
4342.0 0.098785733860421429    0.0025044245481000466
4356.0 0.095464444681575056    0.0024630920457932560
4371.0 0.087738097868045303    0.0023506045406962344
4385.0 0.073900728719132849    0.0022667613115876593
4400.0 0.073759131394353764    0.0022566450012018410
4415.0 0.073234436900120672    0.0022437537422899220
4429.0 0.078601352915906461    0.0022780527280455405
4444.0 0.082684127339984981    0.0023002428396723929
4459.0 0.091185466018679301    0.0023371956554978758
4474.0 0.090009238411117479    0.0023371110126965905
4489.0 0.099258685694814441    0.0023958767291395447
4504.0 0.125246453849845313    0.0025432370876701275
4519.0 0.156939373404455240    0.0027101332730041891
4534.0 0.168326816838155091    0.0027636553793097475
4549.0 0.186382808213480328    0.0028441436214893903
4564.0 0.204550908516626773    0.0029015210276461950
4579.0 0.212467124375291250    0.0029866146278442773
4594.0 0.235543645318932349    0.0030566310871992610
4610.0 0.236103750220201608    0.0030558742943475859
4625.0 0.215108275931853915    0.0029893681846053064
4640.0 0.184502815881489063    0.0028341527138621694
4656.0 0.162689620822287218    0.0027035832703523632
4671.0 0.146086759048537934    0.0026514260123378366
4687.0 0.129793163888739765    0.0026103709675579095
4703.0 0.127084883467609322    0.0026008433425073730
4718.0 0.112417322210349210    0.0025274208189050656
4734.0 0.104866996062062928    0.0025258234205644370
4750.0 0.095117812780209171    0.0025747478192855401
4766.0 0.097634937665229057    0.0027486614548733130
4781.0 0.111419783799942454    0.0030318724452327835
4797.0 0.118737121839914000    0.0032972406584531990
4813.0 0.111213776937242562    0.0034928297444931661
4829.0 0.097598597482402419    0.0035879589534171009
4846.0 0.102286627631194699    0.0037358441167624273
4862.0 0.108293487387122481    0.0037157665699754706
4878.0 0.121936851220616482    0.0035414382645097362
4894.0 0.132063424875650259    0.0033937988963313069
4910.0 0.133148923407435504    0.0034086108734968966
4927.0 0.138853662344587542    0.0051796394649498189
4943.0 0.138108602114794560    0.0056207077750818034
4960.0 0.113625237197896231    0.0043445496511489122
4976.0 0.111702546096361072    0.0037641439414808028
4993.0 0.108449774296652812    0.0035818070711832210
5009.0 0.100104881033433665    0.0034661565337219865
5026.0 0.101059650879554513    0.0033755422503741997
5043.0 0.099510043278720664    0.0032457895470011672
5060.0 0.101536921737132246    0.0030862447061220408
5076.0 0.098485745940664546    0.0029060185331575483
5093.0 0.098491336208478428    0.0027204387189553830
5110.0 0.102184016271640518    0.0026210792585160772
5127.0 0.110240415198699065    0.0025456106376747982
5144.0 0.120516483430514326    0.0025318869534219279
5162.0 0.142230840137522685    0.0025433757842311172
5179.0 0.157069246533194040    0.0025287022498124640
5196.0 0.166648889432361641    0.0025237089569016937
5213.0 0.172428292889598794    0.0024676111598022862
5231.0 0.184246089105618682    0.0024557095954221074
5248.0 0.195149424600812360    0.0024744685394970855
5266.0 0.190386839927535828    0.0024110948570515377
5283.0 0.193127265824432737    0.0023536664501183427
5301.0 0.184590716696876489    0.0022727785530108737
5318.0 0.177033921278323847    0.0022217421519946721
5336.0 0.171811710459659900    0.0025638897489103371
5354.0 0.168015890398204498    0.0021416584319369444
5372.0 0.171768521468578267    0.0021016038893384779
5390.0 0.163400835877639428    0.0020120930384035481
5408.0 0.160308927203294233    0.0019646232368748288
5426.0 0.149880047639232350    0.0018848582925670373
5444.0 0.141308798207486541    0.0018228052000275161
5462.0 0.138754710793619340    0.0017935060907923416
5480.0 0.133146374315114530    0.0017355736314375947
5498.0 0.125494594562258088    0.0016589284583241012
5517.0 0.117562332230485081    0.0015853795704294021
5535.0 0.109543713356107866    0.0015233017679323899
5553.0 0.102409247866920614    0.0014775064433610757
5572.0 0.092576059304033925    0.0014308749761312773
5590.0 0.088470278484436310    0.0013841257431356159
5609.0 0.084627852232326800    0.0013431634617347087
5628.0 0.078339848029957845    0.0013297539839470303
5647.0 0.071844335657565872    0.0012809766385481493
5665.0 0.070913684249654024    0.0012419529108072223
5684.0 0.069448518024029723    0.0012156087515704532
5703.0 0.076376163912691600    0.0012341055722940386
5722.0 0.089488217929301256    0.0012708629072023328
5741.0 0.098204015007755982    0.0012989106003358035
5760.0 0.108751929505525258    0.0013189984712606269
5780.0 0.118621597517127836    0.0013410959975327041
5799.0 0.128187842291291709    0.0013652562575818480
5818.0 0.136207094980651838    0.0013652465607497974
5838.0 0.143844397847955524    0.0013757971428464623
5857.0 0.141723846376999418    0.0013712751426781060
5876.0 0.138430443574765083    0.0013377909982738997
5896.0 0.131175209756320549    0.0012942710941421618
5916.0 0.122829672608623472    0.0012510515464562461
5935.0 0.120954841951572689    0.0012449251890856358
5955.0 0.117339738451625764    0.0012272710508322165
5975.0 0.111543153401893191    0.0012052937481271176
5995.0 0.103486902760724725    0.0011609711519989618
6015.0 0.102007297246183085    0.0012565909464755036
6035.0 0.106732536918126453    0.0014836360047809729
6055.0 0.103593701342738820    0.0011203200543885164
6075.0 0.099088895060979870    0.0011137598061527103
6095.0 0.083628651289429201    0.0011386480313616096
6116.0 0.070604063379200721    0.0009359082071071103
6136.0 0.065542017248709061    0.0009048918668726082
6157.0 0.070233298286350193    0.0009311513274630223
6177.0 0.074350832518788088    0.0009439218183085743
6198.0 0.073729805869371931    0.0009335750864217547
6218.0 0.076935992987743049    0.0009342505746344745
6239.0 0.080070566794361184    0.0009405689470591834
6260.0 0.082337937311819875    0.0009426123375394647
6281.0 0.087962263230188423    0.0009560818341064341
6302.0 0.088207637923058635    0.0009465077298306099
6323.0 0.089133946265198299    0.0009375298902283327
6344.0 0.088613676404721925    0.0009269125786321159
6365.0 0.088493549484666825    0.0009114213162702896
6386.0 0.089055667447151238    0.0009134038626816111
6407.0 0.090342670962377497    0.0009032682084277062
6429.0 0.086078160228381453    0.0008855384165408144
6450.0 0.087683713138842462    0.0008859855379364785
6471.0 0.088042831320301898    0.0008785523783342694
6493.0 0.085888543427120573    0.0008608306451631489
6515.0 0.085468535041187260    0.0008557708606479333
6536.0 0.080883775832834792    0.0008581156671244379
6558.0 0.077705842763087798    0.0008553486363997452
6580.0 0.073638718356890703    0.0008995390267814023
6602.0 0.070155691622897892    0.0008438319588834872
6624.0 0.066120737161784085    0.0007988451673095418
6646.0 0.061629738186423956    0.0007674843686917341
6668.0 0.057160569399089305    0.0007382111859882324
6690.0 0.052138799820474195    0.0007037909990831735
6713.0 0.051708651720436247    0.0006946672988293486
6735.0 0.047191402710468441    0.0006723300607953735
6757.0 0.046117471024844238    0.0006634644880879679
6780.0 0.043758262938585438    0.0006570853806360093
6803.0 0.043757251046834082    0.0006480120407936681
6825.0 0.041779295005060890    0.0006352911569432550
6848.0 0.042422772921809751    0.0006404590537045367
6871.0 0.040777205120042341    0.0006425334139429635
6894.0 0.042271691569334233    0.0006454608796999254
6917.0 0.039390927207486090    0.0006445561842676916
6940.0 0.039272840603737792    0.0006585172587214165
6963.0 0.039052364589747347    0.0006931894723583118
6986.0 0.038520525360988558    0.0006546859292924435
7009.0 0.036217363884814509    0.0006543453952280954
7033.0 0.037397345377155868    0.0006519286270993017
7056.0 0.037543371034264889    0.0006409907053373460
7079.0 0.037810202131105738    0.0006359572220091433
7103.0 0.036517701727582196    0.0006198578619798491
7127.0 0.035992514114411088    0.0006177876769938798
7150.0 0.036752551976335583    0.0006269005838540336
7174.0 0.035071391357022509    0.0006031241130379400
7198.0 0.035981010834289902    0.0006293303503079531
7222.0 0.035357371888565886    0.0006029730068312163
7246.0 0.034732063412268789    0.0006154107954750468
7270.0 0.034743340679442104    0.0009201243265780642
7295.0 0.034022061829897414    0.0008029355196581822
7319.0 0.033807912302885164    0.0007138288707328795
7343.0 0.031467967180129126    0.0006173419449433116
7368.0 0.032315557592240765    0.0006105097999530744
7392.0 0.030149842421420596    0.0006176240709142418
7417.0 0.030319890027068738    0.0006403663278476008
7442.0 0.027306610972444949    0.0006039452521619620
7466.0 0.029404966130460751    0.0006225313646487270
7491.0 0.027200528310945302    0.0006132989761424171
7516.0 0.026617102881674761    0.0006315322793932904
7541.0 0.026324942681942482    0.0006131324345423461
7566.0 0.026830162711047188    0.0006375170860536345
7592.0 0.025765186407682654    0.0005977784937670029
7617.0 0.025647131740959568    0.0006083584286877785
7642.0 0.024004022527138801    0.0006152463029169696
7668.0 0.025053718320509760    0.0005979508462169507
7693.0 0.025050787474213580    0.0005690975016733136
7719.0 0.025195851074337434    0.0005765784277355733
7745.0 0.022905342885437111    0.0005610285630410424
7770.0 0.026222837180030458    0.0005753264209378857
7796.0 0.026444236595553835    0.0005941513145012938
7822.0 0.026799355720965028    0.0005929714278583587
7848.0 0.027613569476487750    0.0005982691253010609
7874.0 0.027691106147635629    0.0005994676374944726
7901.0 0.026384215114870137    0.0005822413024725968
7927.0 0.026804649563768178    0.0006635906484525650
7953.0 0.025771475155831419    0.0006058386624954057
7980.0 0.024626654421659431    0.0006776079027682610
8007.0 0.024830336138428624    0.0006049096428217369
8033.0 0.023223136011181384    0.0006328297775666560
8060.0 0.021999306990047450    0.0006492776292282796
8087.0 0.025504272560512721    0.0006218848519616754
8114.0 0.023636651696199787    0.0005881042844389476
8141.0 0.018961062751025746    0.0005675135423602112
8168.0 0.016670756724058482    0.0005387324717574955
8195.0 0.013899840870790992    0.0005085658982165147
8222.0 0.013360244718542337    0.0005140503031204668
8250.0 0.016227638540894564    0.0005929514449296876
8277.0 0.018588152638974433    0.0006189118791931547
8305.0 0.016400037422488481    0.0005714140648497672
8333.0 0.015687915672440197    0.0005309446563671643
8360.0 0.020132530038266712    0.0005489005285169784
8388.0 0.023973909240188686    0.0007006104769139288
8416.0 0.027150058661937541    0.0006194552382344752
8444.0 0.032501040756001007    0.0007628071592447983
8472.0 0.033734786060484606    0.0006595872294886280
8500.0 0.038921086491338221    0.0007406116564540761
8529.0 0.040479296265756193    0.0007770943127648532
8557.0 0.042060295104094363    0.0007370239119623528
8586.0 0.046190082626012881    0.0007451802524769829
