#@Telescope UH88 
#@Reference Saunders et al. (2018) 
#@Redshift 0.0  
#@Spectrum Train_SN43_14.dat 
#@SN-Name Train_SN43  
#@Phase 39.736 
#@Survey SNFactory 
#@SN-Type SNIa 
#@Units Flux 
# 
# WAVE : 
# SN_SPEC : 
# SN_ERR : 
#end 
3305.0  0.00444447956333038612 0.0150031026472499576
3317.0 -0.00858909988832167251 0.0140215471199931115
3328.0  0.03218576152170322946 0.0136085114642428319
3339.0  0.04034793554519723602 0.0143230222755083778
3350.0 -0.01131140884262989837 0.0138396554441806516
3361.0 -0.01481686282148739556 0.0132851751391880272
3372.0  0.02052806208338056951 0.0125946828593066166
3383.0  0.00188217694151618462 0.0118045548159274594
3395.0  0.02482293389381741086 0.0128665460964700537
3406.0  0.04435088985857315452 0.0119285884226278619
3417.0  0.02015055076066746276 0.0122876818815191389
3429.0  0.00326521779724250286 0.0121395500273014708
3440.0  0.01515461281364169528 0.0116812591575511954
3452.0  0.00954913160390829380 0.0121967041102413673
3463.0  0.01485332294662344496 0.0119622590499663967
3475.0  0.01707843274438925960 0.0111932081560798466
3486.0  0.01254318070910034888 0.0113440405994034120
3498.0  0.02473525699568774466 0.0109462452229205642
3509.0  0.01170063247516743392 0.0108215197383354240
3521.0  0.01282779359659651751 0.0106514183213866822
3533.0  0.01061898088579286449 0.0103146550667721753
3545.0  0.00348881533777232414 0.0103167521239683202
3556.0  0.02167928678126557554 0.0102574848471957067
3568.0  0.02025035428269801249 0.0104582821103727762
3580.0  0.00595472597313896016 0.0094268529176332362
3592.0  0.00929067054263134351 0.0097548287563779465
3604.0  0.00210399720755933238 0.0086643469280575855
3616.0  0.00339016222223548344 0.0079854891523001830
3628.0  0.00693113452653896372 0.0087196812986155454
3640.0 -0.00581269817986978556 0.0084810514996837127
3652.0  0.00419468945428318890 0.0087334230485770874
3664.0  0.00753619917741974767 0.0086163528095721670
3677.0 -0.00149489358333000535 0.0090785793298781836
3689.0  0.00394914178027758449 0.0092432942772058355
3701.0  0.00218708484052176086 0.0084428700056067077
3714.0 -0.00276015478282149937 0.0071334559882336775
3726.0  0.01027442570622767032 0.0085038903054354131
3738.0 -0.00027846828083562605 0.0076394609530954123
3751.0  0.02895083725865351537 0.0084282836116664397
3763.0  0.02860368448105122044 0.0098105152491359208
3776.0 -0.01774855431366170397 0.0092133534636639706
3788.0 -0.01099116669713252024 0.0089292153430205207
3801.0  0.00240195098964255966 0.0086682423240506748
3814.0  0.00753083392210590358 0.0083654400735659606
3826.0  0.00483038693928221179 0.0082282188000606625
3839.0  0.00811856635717640197 0.0081328667920390809
3852.0  0.01424586478818623721 0.0085030942048506947
3865.0 -0.00110440415717475435 0.0085385884101365304
3878.0 -0.00289420876038801135 0.0083206626330242089
3891.0 -0.00417519217060908967 0.0082866798085709115
3904.0 -0.01041689097504973523 0.0080183282253188885
3917.0  0.01001393542679790416 0.0079400972583549122
3930.0 -0.01253747082225674381 0.0078278171332306270
3943.0  0.00346584144824312219 0.0075878010397247321
3956.0  0.01409969221925147509 0.0075243199979518624
3969.0 -0.00064697925304457932 0.0074424305357605964
3982.0 -0.00364976892925540988 0.0072835307892709505
3995.0  0.00194377714068261231 0.0072394034619621701
4009.0  0.01249361220787181641 0.0072237360315167932
4022.0  0.00183988805678618494 0.0071226169274253397
4036.0  0.00498507239513027757 0.0069277321089541580
4049.0  0.00208934672281037553 0.0066119649117964314
4062.0  0.00678825853049336899 0.0061184472676525121
4076.0  0.01253065312945731910 0.0069194915543511724
4090.0  0.00772836197116114586 0.0067861902162288578
4103.0  0.01217235460616894818 0.0067306015151204100
4117.0  0.00216981703923182362 0.0068926075005137947
4131.0  0.00614996054024640696 0.0066338923673987214
4144.0  0.00507329644834131083 0.0066812253022365499
4158.0  0.00177113973820159027 0.0067402459685876022
4172.0  0.01909063361186826707 0.0069395212393211156
4186.0  0.01880561959132481115 0.0068238415846554835
4200.0  0.00939557410894304411 0.0066747939098517461
4214.0  0.00598080582810381085 0.0066426890588899366
4228.0  0.01340632500826548397 0.0067865970606767476
4242.0  0.01065489804060164823 0.0067627915825894513
4256.0  0.01250250201625044931 0.0068076867188411709
4270.0  0.00239380360529092536 0.0064639986979466253
4284.0  0.00648109735602722583 0.0064705863720681414
4299.0  0.00896507501518703509 0.0063539612089911672
4313.0  0.02289681267758943151 0.0064063485152694635
4327.0  0.01154761423711182788 0.0062643697545351927
4342.0  0.01158984628474343977 0.0063389320854313575
4356.0  0.01798149996412227655 0.0063699716881257763
4371.0  0.00701661591423099074 0.0061587851541023827
4385.0  0.00500237556783231837 0.0060492845238780358
4400.0 -0.00068391909762341462 0.0059950251511525568
4415.0  0.01647292247409567686 0.0059722783511243103
4429.0  0.01615772454885380793 0.0059498943170560063
4444.0  0.01673724389093875914 0.0059580749841455704
4459.0  0.00598911932989706648 0.0058587281158213799
4474.0  0.00048304115285113032 0.0058194748439572381
4489.0  0.00837862644602787796 0.0057538874412356054
4504.0  0.02419319689886539199 0.0059221506367356973
4519.0  0.01561315507072448538 0.0058195901850865437
4534.0  0.00745570448596493199 0.0057657911082858648
4549.0  0.01233758774060595212 0.0057575216090956019
4564.0  0.01434996790902393245 0.0056799427668305308
4579.0  0.00861470189633345602 0.0054737385867013677
4594.0  0.01303251375083924225 0.0054766146239018437
4610.0  0.01651701324685535960 0.0056222946589462768
4625.0  0.01546117310485845865 0.0058328689225581832
4640.0  0.01037105612494091701 0.0057023792190827628
4656.0  0.00833792665623394984 0.0058042806289717828
4671.0  0.02574049434815127088 0.0061978644021801971
4687.0  0.01448558250987093225 0.0064391184646732649
4703.0 -0.00476879524806406857 0.0065414857322795361
4718.0  0.01737788997848983483 0.0070004027338362081
4734.0  0.02373216646252068393 0.0073882615319555518
4750.0  0.00297863232457223860 0.0076045900614611691
4766.0  0.00039754477833125996 0.0078063029816765007
4781.0  0.00688955493882829808 0.0076928160642436155
4797.0  0.01890863714732736456 0.0075736876451286839
4813.0  0.00626704961090719485 0.0068998588386312070
4829.0  0.01473530891395441467 0.0067513100582753732
4846.0  0.01832769726214673878 0.0068127813099111440
4862.0  0.01807302453218783203 0.0093545444270899270
4878.0  0.02424050047910240868 0.0085078531135395208
4894.0 -0.00014455523390818212 0.0072558887431493219
4910.0  0.01751097499034771215 0.0072455739009746403
4927.0  0.01803193680925472414 0.0072875007657426044
4943.0  0.03707007810539109105 0.0072763866999387347
4960.0  0.01721949486800492674 0.0067127827765632152
4976.0  0.00541627948340034967 0.0061996165711415870
4993.0  0.00232473103078853884 0.0060269843640622708
5009.0  0.02433369528551702216 0.0057999486962474348
5026.0  0.02192077977771288849 0.0053762890996550848
5043.0  0.01907518420419849689 0.0052337673471094569
5060.0  0.02723547764714830122 0.0050693995416051770
5076.0  0.01139035222342685630 0.0048432738266511897
5093.0  0.00292298143375200161 0.0045961261169106451
5110.0  0.01091951120665976029 0.0044695199099482096
5127.0  0.01283563445250063273 0.0043880284933327639
5144.0  0.01180187800395018222 0.0043169436632040092
5162.0 -0.00531670955560431882 0.0040979442543760524
5179.0  0.01535447767419646087 0.0040654789565985850
5196.0  0.01483984828816360506 0.0040241325670349708
5213.0  0.01052216376812223700 0.0038886391467446448
5231.0  0.01858638959303542115 0.0038848196275159622
5248.0  0.01433425522625916652 0.0038332519411224883
5266.0  0.00919957776945476424 0.0040974895545530131
5283.0  0.01928262713453401944 0.0035900318848004443
5301.0  0.01889720599166033049 0.0035200320523829124
5318.0  0.01544364445041868615 0.0034410615262058259
5336.0  0.01195338783126292416 0.0033969188485146505
5354.0  0.01512873193204709692 0.0033726993114305795
5372.0  0.01632799083635777873 0.0032906152004825847
5390.0  0.02298676025558468033 0.0032176917595972600
5408.0  0.01873511613904852227 0.0031633540153301084
5426.0  0.01349805686502615100 0.0030730173055971634
5444.0  0.02284005900400840755 0.0030693458304139618
5462.0  0.02506548486778279947 0.0030531528697552903
5480.0  0.02782889799654640270 0.0030358810889565108
5498.0  0.02793952769592769267 0.0029883114974026299
5517.0  0.02759336674214866308 0.0029192153137699364
5535.0  0.02135566045965026083 0.0028887278659577749
5553.0  0.02412132575884826449 0.0032880846757950594
5572.0  0.02429514473921763271 0.0029531085700333221
5590.0  0.02451002773174259033 0.0028110151901910292
5609.0  0.01801181470110005747 0.0027125793176429381
5628.0  0.01661112292421703523 0.0026822175599912385
5647.0  0.01332785937787024817 0.0026024794115503034
5665.0  0.00932220284223804312 0.0025206709467008371
5684.0  0.01178833954173648217 0.0024862664570737387
5703.0  0.01214587000547141978 0.0024424472740534019
5722.0  0.01125568610940539532 0.0024034364260234848
5741.0  0.01787184269799348135 0.0023830047653376654
5760.0  0.01281279545103686593 0.0023249898987522753
5780.0  0.01999889078393995642 0.0023106877333050890
5799.0  0.01407761638681765716 0.0022769280282929523
5818.0  0.01696335500774355173 0.0022285104421474610
5838.0  0.02145567402960366077 0.0022515551960002600
5857.0  0.02031499233686585512 0.0022257553784379700
5876.0  0.01678914035722247136 0.0021866781219209725
5896.0  0.01582397553282672772 0.0021260321251084426
5916.0  0.01641227828362959093 0.0021200485417441147
5935.0  0.01496060838059888078 0.0022035870047381204
5955.0  0.01292378298391208373 0.0021242658789015177
5975.0  0.00839904876714340880 0.0020453919473920473
5995.0  0.00981893331426079638 0.0020463622378475953
6015.0  0.01366846821125422898 0.0020053934578414252
6035.0  0.01410481340939489375 0.0019658848280147178
6055.0  0.01199432374042018468 0.0019294531129528398
6075.0  0.00815799986270591970 0.0018842886868298654
6095.0  0.01467676093195615337 0.0019030121769330330
6116.0  0.01084887479394221026 0.0018294629441126323
6136.0  0.01039843211249363505 0.0018268937350599946
6157.0  0.01100092211832593390 0.0018079731335387337
6177.0  0.01359516425492349710 0.0017990843507245822
6198.0  0.01568527633071515118 0.0017219369945084687
6218.0  0.01305156901181271471 0.0017204476244116196
6239.0  0.01106154803555870099 0.0017017383480907168
6260.0  0.01123024291261615418 0.0016812617322648717
6281.0  0.01514790227966579354 0.0016845933341092839
6302.0  0.00695917290231773313 0.0016447092253539532
6323.0  0.01083055063288564622 0.0016383665420226980
6344.0  0.01518310903851785576 0.0016387562040057907
6365.0  0.01363842706058094809 0.0016037652302613046
6386.0  0.01555813551706090696 0.0016033036251232433
6407.0  0.01775747145191022142 0.0015854775766006978
6429.0  0.02035335321198868813 0.0015929841976022228
6450.0  0.02544761645466647043 0.0016659766285677831
6471.0  0.01752719550682311014 0.0016540664702917492
6493.0  0.02485182325238380688 0.0016961668014123094
6515.0  0.01944458385802441333 0.0016208169248876695
6536.0  0.01815068738083238514 0.0015715868476221771
6558.0  0.01882930488270107353 0.0015710656952700748
6580.0  0.01754947522452444605 0.0015415110903644529
6602.0  0.01770883340196832689 0.0014926944256024978
6624.0  0.01376897120885279407 0.0014547205577083286
6646.0  0.01491645326030174509 0.0014719323343644081
6668.0  0.01444126946306128513 0.0014493568392565132
6690.0  0.00813033419234833465 0.0014030475316550324
6713.0  0.01052241633769759876 0.0013936517023301566
6735.0  0.00690189261004430996 0.0013788927068500113
6757.0  0.00959330625682950494 0.0013797385085811060
6780.0  0.00838828014440530165 0.0013818031236932959
6803.0  0.00937104296127072925 0.0013567307141972857
6825.0  0.00816370293951952306 0.0015224639129923835
6848.0  0.00802427706208632720 0.0014287656092979407
6871.0  0.01074098089125799169 0.0015505624838309305
6894.0  0.01120949986874359393 0.0014801936630028543
6917.0  0.00995814360407839584 0.0014885562055297766
6940.0  0.00978377203602946548 0.0014243104170752461
6963.0  0.01043996292212100510 0.0013931403109366447
6986.0  0.01101131743757835166 0.0013801323553498481
7009.0  0.00528835692280259142 0.0013403264103483562
7033.0  0.00747826869609526969 0.0013163845734769162
7056.0  0.00357792055943765034 0.0013645005932477977
7079.0  0.01086738520849257240 0.0013006290757948183
7103.0  0.01047494724448038567 0.0013994576984559736
7127.0  0.00819961374154176172 0.0013062668147975304
7150.0  0.01358574699752050467 0.0013549090883455568
7174.0  0.01396781100063086180 0.0019836574773967343
7198.0  0.01132692159145760359 0.0016857356958374886
7222.0  0.01350261391124280008 0.0014716443557244035
7246.0  0.01342766233519702632 0.0013078461615209729
7270.0  0.01232597510839801916 0.0014704640700422896
7295.0  0.00811866317961560009 0.0013509258652614725
7319.0  0.00946232169142431981 0.0014920759970654552
7343.0  0.01090139618912896319 0.0014166209189626865
7368.0  0.01561466196803020998 0.0014360148256416111
7392.0  0.01257635898603903617 0.0013793189999506048
7417.0  0.01370331983710669499 0.0015624965942272130
7442.0  0.01193176011780959153 0.0014189072194388064
7466.0  0.01271580737016316312 0.0015461212303920413
7491.0  0.01251574427209572841 0.0013585594522489718
7516.0  0.00886844818925720119 0.0014330647405012495
7541.0  0.01219541660230308994 0.0014254683541190193
7566.0  0.01459231659352879656 0.0014502624525585964
7592.0  0.01311039832217987706 0.0013000947989351733
7617.0  0.01327500335862888403 0.0012788108767339207
7642.0  0.01317828679798663596 0.0012842527187644434
7668.0  0.01341480657700458781 0.0012510470346056477
7693.0  0.01369735939266533524 0.0012535061468960712
7719.0  0.01010866772435635788 0.0012205279422285757
7745.0  0.01607758785729327192 0.0012384636736858757
7770.0  0.01380864714390931010 0.0012416977619985610
7796.0  0.01277567478748722896 0.0012643163347197191
7822.0  0.01106661536640588840 0.0016033618998852373
7848.0  0.00984577806387270174 0.0012707167715015142
7874.0  0.00563999027317179605 0.0016241615845725716
7901.0  0.00526556744932361442 0.0013127128623506396
7927.0  0.00594414394357483267 0.0014731994717017592
7953.0  0.01013555498961412303 0.0014967992052978911
7980.0  0.01312630042742601172 0.0014722398667276356
8007.0  0.00650952977605280536 0.0012437368343489930
8033.0  0.00741699188898907718 0.0012626906034964166
8060.0  0.00976266931913125774 0.0012259139420485743
8087.0  0.00843130564406651198 0.0011636455519414765
8114.0  0.00820871617463046765 0.0012042493423765120
8141.0  0.00706948483261298031 0.0013605561924287547
8168.0  0.00507127925978778735 0.0013520769564407743
8195.0  0.00529652098169349286 0.0012158043796049402
8222.0  0.00378604665533684246 0.0011343102377211645
8250.0  0.00325034233975227084 0.0011899715200263748
8277.0  0.00278837455560991283 0.0016992977368021263
8305.0  0.00157487277253026887 0.0011984229718377802
8333.0  0.00253330078360425011 0.0017299949375129886
8360.0  0.00466827754605255146 0.0012968917575071149
8388.0  0.00647172358680327738 0.0015462029264686312
8416.0  0.00670710314914077857 0.0015307434447009135
8444.0  0.00497872232142358966 0.0015044120679918666
8472.0  0.01001902226351946909 0.0012668366147769196
8500.0  0.00842679396642578155 0.0013220107785776056
8529.0  0.01190178236968806105 0.0012949744641049614
8557.0  0.01176248567220021177 0.0011805957838676008
8586.0  0.00943369119775176387 0.0012181723966034183
