#@Telescope UH88 
#@Reference Saunders et al. (2018) 
#@Redshift 0.0  
#@Spectrum Train_SN49_2.dat 
#@SN-Name Train_SN49  
#@Phase -1.124 
#@Survey SNFactory 
#@SN-Type SNIa 
#@Units Flux 
# 
# WAVE : 
# SN_SPEC : 
# SN_ERR : 
#end 
3305.0 0.217679103613454938    0.0073973120899080043
3317.0 0.208404783887141898    0.0071588765117269835
3328.0 0.229369306852634625    0.0070994716463325461
3339.0 0.250132818705168070    0.0071891822488582393
3350.0 0.266244192231745613    0.0070818050311020272
3361.0 0.272402500816052107    0.0070073733212672479
3372.0 0.268252335994891455    0.0069204093970489326
3383.0 0.274536863735982462    0.0069605308403266107
3395.0 0.291860795610774493    0.0069016124284216607
3406.0 0.294135133899181944    0.0067494681328934920
3417.0 0.316027103981570856    0.0069196403587373232
3429.0 0.317492487541684187    0.0069061339326940774
3440.0 0.321286688264332876    0.0067650590943343341
3452.0 0.329855804589989976    0.0067406116777270764
3463.0 0.337595762840588343    0.0067316209177218766
3475.0 0.367314297377684451    0.0067320769909786264
3486.0 0.364415295342051193    0.0065303447174898388
3498.0 0.377636451033206588    0.0065532733376515466
3509.0 0.389329432690350696    0.0066391744481576554
3521.0 0.383434797815659256    0.0066112044706965615
3533.0 0.388047651497495483    0.0064516128759207845
3545.0 0.413238756314093625    0.0063539329679356644
3556.0 0.416488034047218958    0.0062381172940255683
3568.0 0.414730262519130088    0.0061613138453550948
3580.0 0.415030763001966452    0.0061378303689303242
3592.0 0.418560120188607609    0.0061193561654319020
3604.0 0.402402650372067849    0.0059421381399289517
3616.0 0.399465056558366116    0.0058405991677183359
3628.0 0.405441238792082603    0.0057932166032523920
3640.0 0.407840156174808066    0.0057405589080615060
3652.0 0.380369762746885443    0.0055471655387691835
3664.0 0.325256562146245265    0.0052073286059167471
3677.0 0.267739726371459319    0.0048538453108757243
3689.0 0.212059634339174186    0.0044995787801693577
3701.0 0.192507145326162560    0.0042804312438488824
3714.0 0.185771830167836188    0.0041480751074761081
3726.0 0.173840752898022005    0.0040712095566858243
3738.0 0.174309418746582789    0.0041291732604672882
3751.0 0.180091091852982943    0.0042384379735679817
3763.0 0.172773656756619598    0.0040547673894229452
3776.0 0.169814632529523640    0.0038449064540341327
3788.0 0.178294884152304600    0.0038918594799211398
3801.0 0.197852839423531796    0.0040597193820308547
3814.0 0.219022125850870913    0.0041392190238263979
3826.0 0.255930629855216918    0.0043693434995830177
3839.0 0.307499250694798776    0.0046768853559013323
3852.0 0.379854146508136870    0.0051566802655021700
3865.0 0.417914244389167577    0.0053127322138106217
3878.0 0.439150709231722114    0.0050401526840047721
3891.0 0.460724219580235683    0.0049742053841419082
3904.0 0.465593485687777253    0.0049256690107713948
3917.0 0.497995573984405693    0.0050578960842587641
3930.0 0.500663322629275487    0.0050787323756670165
3943.0 0.486840723576502543    0.0050920484288748480
3956.0 0.448742300399785632    0.0050706172388969312
3969.0 0.401737281747697239    0.0047234042061652885
3982.0 0.386102592900180952    0.0045337169881705438
3995.0 0.375569059197354838    0.0043768066660688732
4009.0 0.384770918210074031    0.0043499164200126502
4022.0 0.398881778609336379    0.0044187503309598411
4036.0 0.432951611799057667    0.0044777116292995236
4049.0 0.452812836067435553    0.0044937732292278003
4062.0 0.468194752114847124    0.0045603392732549378
4076.0 0.476795095531245772    0.0046089233172905862
4090.0 0.483353345337300011    0.0045582806944648472
4103.0 0.471154838759058503    0.0044475335227092813
4117.0 0.457813881098295516    0.0043609220640532216
4131.0 0.434753048318558655    0.0042617224471805616
4144.0 0.440577377920242041    0.0043190193791079442
4158.0 0.428866833234716693    0.0043003236136439889
4172.0 0.423038405332807566    0.0043054220693143378
4186.0 0.390342747004656154    0.0041681612208659697
4200.0 0.369581599088718016    0.0040694747748045304
4214.0 0.349608827371620245    0.0039536498794128724
4228.0 0.328013127010767569    0.0038446161057756559
4242.0 0.302775414223991346    0.0037421029049106258
4256.0 0.282389040357046928    0.0036292167361233222
4270.0 0.252199568758429415    0.0034659430414264261
4284.0 0.238907441917291158    0.0033400980456166603
4299.0 0.234310122659788345    0.0032866397726185569
4313.0 0.243750495523459954    0.0032979290326368847
4327.0 0.261755811423532769    0.0033982062967815780
4342.0 0.268419062052648372    0.0034621347713173381
4356.0 0.274540096249777155    0.0034585280042771019
4371.0 0.288143165054091877    0.0034639443917401785
4385.0 0.286643691528350619    0.0034594107431259028
4400.0 0.282333832376783833    0.0034456134553361903
4415.0 0.273611192952093962    0.0033647365509368436
4429.0 0.270993692564474531    0.0033589187931609126
4444.0 0.289262322524073245    0.0034343184073402982
4459.0 0.325656758315057027    0.0035486430619480476
4474.0 0.346295971952149895    0.0036325681462201372
4489.0 0.349955582593921788    0.0036178439510405804
4504.0 0.363044936826165621    0.0036864168574198691
4519.0 0.362334891798557213    0.0036607303502271880
4534.0 0.358487724735465474    0.0036310887301921322
4549.0 0.344250422706433745    0.0035728526374103099
4564.0 0.342917741978489621    0.0035321606628038547
4579.0 0.345509292283644243    0.0035724096699201163
4594.0 0.348068372006317017    0.0035645819017600488
4610.0 0.334809629578517287    0.0034932637424791948
4625.0 0.316372853937018361    0.0034575170027092727
4640.0 0.277430287118283880    0.0032740333225422672
4656.0 0.268287287770797800    0.0032067083397142601
4671.0 0.267512902502017258    0.0032370392761450085
4687.0 0.258483960570983440    0.0032622272080237024
4703.0 0.260671279726715999    0.0032723466002978385
4718.0 0.243364090044676795    0.0031793722542854202
4734.0 0.234440527015455841    0.0031583982300360455
4750.0 0.214928924023462781    0.0031218554114109749
4766.0 0.219976714620222558    0.0032607008874754755
4781.0 0.231208904068234467    0.0034589969735752089
4797.0 0.226036443521576591    0.0036417964305608670
4813.0 0.191907832930849231    0.0036970855496222116
4829.0 0.165963928334726146    0.0037934747278894712
4846.0 0.146854784727758564    0.0039248505565903655
4862.0 0.157851786267098781    0.0041653090328358441
4878.0 0.161086521241986469    0.0042160003448453972
4894.0 0.162822961355706647    0.0040257866821685690
4910.0 0.176325808824084579    0.0037502036810443469
4927.0 0.177527059879182714    0.0037681510280665464
4943.0 0.165154630470424391    0.0047869437054401699
4960.0 0.170316707495047709    0.0063385038439521448
4976.0 0.163088684093768282    0.0052201792348450585
4993.0 0.179135248730601188    0.0044719540558714544
5009.0 0.174728701937157449    0.0040475218576712562
5026.0 0.197808528900662167    0.0040496782633929473
5043.0 0.209045475663950264    0.0041044336567124156
5060.0 0.218472229169660109    0.0040204201911738929
5076.0 0.219734323670361581    0.0038873388321637734
5093.0 0.227147445019578481    0.0037530250570238298
5110.0 0.232746556152783834    0.0035807046376996631
5127.0 0.224638643008269023    0.0033665264023678872
5144.0 0.231558338278568948    0.0032705901050051611
5162.0 0.219118579117601658    0.0030782431041396158
5179.0 0.233358966452148681    0.0030180725535259231
5196.0 0.233209434536916144    0.0029512509780228579
5213.0 0.220657541221949499    0.0028031177303252503
5231.0 0.201833626905926850    0.0026364058450225897
5248.0 0.173066326498218348    0.0024740033858804268
5266.0 0.162245158730400907    0.0023613696813518320
5283.0 0.161636982013190628    0.0022789655885479712
5301.0 0.163181805343162761    0.0022449661095535040
5318.0 0.165125848331585057    0.0022478433854308580
5336.0 0.166861871185931210    0.0022405539364771139
5354.0 0.175973801868296309    0.0025151650974340142
5372.0 0.172628753206998081    0.0022001338329681215
5390.0 0.168468612613606433    0.0020967216788834410
5408.0 0.157017198683803899    0.0020094391451419480
5426.0 0.144790535119086516    0.0019168025544686381
5444.0 0.132469926327291182    0.0018289878256956132
5462.0 0.138490797533396326    0.0018330386766198710
5480.0 0.146880298403009174    0.0018399547993206197
5498.0 0.166403297587196075    0.0018735619101772091
5517.0 0.183061066028316788    0.0018793030888184497
5535.0 0.192477440416389062    0.0018783145754829201
5553.0 0.191370565491805422    0.0018564767673665567
5572.0 0.187052431925131046    0.0018330120196841579
5590.0 0.196588290073932082    0.0018396273869409243
5609.0 0.196863121116669482    0.0018174506580835080
5628.0 0.192202808106309436    0.0018062906537905730
5647.0 0.190694799422491373    0.0018101941244812515
5665.0 0.189972609101648982    0.0018496975992644837
5684.0 0.181595392780114800    0.0017118627441986985
5703.0 0.174925134402549226    0.0016661169058804694
5722.0 0.161396345119310614    0.0015981273786282051
5741.0 0.149552602141689861    0.0015381433832661131
5760.0 0.147339421777003904    0.0015068705346277802
5780.0 0.146549684223656024    0.0014751612966009430
5799.0 0.154083911044772676    0.0014853270776466511
5818.0 0.157036957354128259    0.0014598805978514242
5838.0 0.162357690435999263    0.0014656384248929117
5857.0 0.165975374214921145    0.0014718855686735059
5876.0 0.170171055684029182    0.0014550568105645308
5896.0 0.175289566687372222    0.0014516375188298137
5916.0 0.175592233280683602    0.0014405341244172522
5935.0 0.179748091138256100    0.0014508173645431416
5955.0 0.175397835090264770    0.0014375823171499196
5975.0 0.169163991469561570    0.0014099358249458778
5995.0 0.160854975201170036    0.0013879823568741429
6015.0 0.150854980914893883    0.0013352784245958735
6035.0 0.113369557153948378    0.0012046499474798154
6055.0 0.085100646303354774    0.0011640299789570689
6075.0 0.064447889090659544    0.0009764478584355496
6095.0 0.054035301571350412    0.0008940104127663321
6116.0 0.049517067513701614    0.0008846147682813774
6136.0 0.053054353783727991    0.0008706675490562276
6157.0 0.064801436016997865    0.0009085110675162836
6177.0 0.083967563333979034    0.0009867895818471562
6198.0 0.101967179718993550    0.0010439019732893489
6218.0 0.119551600293536259    0.0011079321100960172
6239.0 0.131912249108185886    0.0011424653790085798
6260.0 0.139447908493559675    0.0011398969629135343
6281.0 0.147055872607105675    0.0011687119200629538
6302.0 0.149003665739813718    0.0011697544775475111
6323.0 0.151462938095695998    0.0011597503981336918
6344.0 0.151837119469671267    0.0011459104018593028
6365.0 0.155446054528952465    0.0011322875921212590
6386.0 0.151785560248264562    0.0011158903659418754
6407.0 0.145073090690786333    0.0010836853829265156
6429.0 0.136881568843652240    0.0010529929178973840
6450.0 0.134351515763557833    0.0010436732356822356
6471.0 0.128039890931039180    0.0010116165296149479
6493.0 0.123732404780281149    0.0009842612717025846
6515.0 0.118012866077564796    0.0009624029822541512
6536.0 0.113109483657210255    0.0009500557788053831
6558.0 0.109880644967736613    0.0009887475784541410
6580.0 0.108682560778243079    0.0009539287511790967
6602.0 0.101614657827987620    0.0010354433284474832
6624.0 0.102197893044145685    0.0009806777113375873
6646.0 0.096167082059289435    0.0009382245853875114
6668.0 0.092472454386351807    0.0009002488034151106
6690.0 0.092498704363401976    0.0008728989852111450
6713.0 0.088097067324549153    0.0008441868362762001
6735.0 0.081673983427542257    0.0008143519124461494
6757.0 0.081531311682663532    0.0008031600329978615
6780.0 0.080102922911999663    0.0008053181904460503
6803.0 0.080588831918353032    0.0008048313848347710
6825.0 0.077618886895660419    0.0007816000400395288
6848.0 0.076528472032492995    0.0007774548365044294
6871.0 0.073800240057160515    0.0007681467684944923
6894.0 0.070722737822941042    0.0007864217627782001
6917.0 0.073280054699808306    0.0007964877357041289
6940.0 0.070963035121382925    0.0007817277121833656
6963.0 0.070117235883797993    0.0008891658855807678
6986.0 0.069792461556691540    0.0008583811855692190
7009.0 0.066297961379609277    0.0007947848179415950
7033.0 0.065632152442406472    0.0008076638696258426
7056.0 0.066500918436525475    0.0007922015355966115
7079.0 0.067424829565165351    0.0007814205608479121
7103.0 0.065712568541459390    0.0007620631881258277
7127.0 0.063447299133862156    0.0007171560577212275
7150.0 0.066256564826244327    0.0007308893808400203
7174.0 0.065477902713989025    0.0007389449438479893
7198.0 0.062228019137095976    0.0007072007253592293
7222.0 0.061706127633682432    0.0007304367001158679
7246.0 0.060954046681501159    0.0006981463640963021
7270.0 0.059766394728498429    0.0007145819574061673
7295.0 0.054867799152674167    0.0009479817312450303
7319.0 0.056282629792886778    0.0010210506949145425
7343.0 0.054884591462938934    0.0008586733015855136
7368.0 0.051441672749704043    0.0007003326981637483
7392.0 0.046336152203285116    0.0006566696762214706
7417.0 0.045869428405524298    0.0007670299264102630
7442.0 0.041461543821689165    0.0007264135184166371
7466.0 0.038116595350974322    0.0006538383206613211
7491.0 0.038034417824870555    0.0007021263913124757
7516.0 0.040681628015842325    0.0007104730230487518
7541.0 0.042582272076814136    0.0007715861548169293
7566.0 0.044768579663534973    0.0007483991478705959
7592.0 0.045873209850898461    0.0007474823113607349
7617.0 0.051337573287762311    0.0007574231926667326
7642.0 0.049801895178369832    0.0007498122589793373
7668.0 0.050853487747459875    0.0007711418762447917
7693.0 0.050546540258101090    0.0007189773121482582
7719.0 0.051214640447768335    0.0007227670115551494
7745.0 0.055366069449817028    0.0007273978536297455
7770.0 0.055512250701695139    0.0007040709536775470
7796.0 0.053610318121100752    0.0006927749476187069
7822.0 0.056925853101812918    0.0007311833350659195
7848.0 0.055279316492843150    0.0007359474489843652
7874.0 0.054610230615751369    0.0007226336324301988
7901.0 0.053326553357656112    0.0007241728324709308
7927.0 0.053264369759461756    0.0006964641527724410
7953.0 0.051540266890312186    0.0008442546164594477
7980.0 0.050775875618591183    0.0008041041829459123
8007.0 0.048536225154562032    0.0008231101769597196
8033.0 0.044078126369076223    0.0007443732905325556
8060.0 0.043521621902580458    0.0008023298807977293
8087.0 0.043158962503111339    0.0007968245216342992
8114.0 0.040499190074809961    0.0007106326304929901
8141.0 0.037031982554757557    0.0007095835354881407
8168.0 0.035974778234110265    0.0006839173518440562
8195.0 0.030127891098804132    0.0006002581434216978
8222.0 0.028863512373688904    0.0005972036896864350
8250.0 0.028091200314368878    0.0005864233858836600
8277.0 0.029245701137587402    0.0006716836000762685
8305.0 0.031152315412352891    0.0007249999285684891
8333.0 0.033431484206931927    0.0006973958928844221
8360.0 0.035072180499358327    0.0006138249232804013
8388.0 0.038515260638437215    0.0006179514729410913
8416.0 0.044784565385140127    0.0008815460123085931
8444.0 0.045526076449108110    0.0007732775316019938
8472.0 0.045773092648207864    0.0008988767372177484
8500.0 0.048891698726697734    0.0007733265336125098
8529.0 0.049463364930413298    0.0008804294429700411
8557.0 0.048850307788986851    0.0009075167085021507
8586.0 0.047058447743139414    0.0007820080323298003
