#@Telescope UH88 
#@Reference Saunders et al. (2018) 
#@Redshift 0.0  
#@Spectrum Train_SN103_1.dat 
#@SN-Name Train_SN103  
#@Phase -0.930 
#@Survey SNFactory 
#@SN-Type SNIa 
#@Units Flux 
# 
# WAVE : 
# SN_SPEC : 
# SN_ERR : 
#end 
3305.0 0.212399561209711707    0.0115885835685820820
3317.0 0.209030223485781097    0.0113419446226401491
3328.0 0.231334191632381170    0.0112314377301151180
3339.0 0.248054003873583062    0.0111993744829573406
3350.0 0.222189759740590298    0.0110489276283892938
3361.0 0.237214025336357270    0.0108267077822500057
3372.0 0.260766172299230659    0.0104260341622840723
3383.0 0.261618168377505844    0.0105278055080318244
3395.0 0.284124676030118872    0.0107306098379375599
3406.0 0.285504030312635104    0.0105157074888271359
3417.0 0.299983211388430204    0.0105745828713084723
3429.0 0.285921042580799922    0.0101879807420419081
3440.0 0.311505751079141135    0.0100329030156917649
3452.0 0.323953411253099732    0.0098831862054120159
3463.0 0.329447415301447055    0.0100056766173933411
3475.0 0.327267704084255651    0.0099147563463414037
3486.0 0.340320290832657135    0.0097051463818931382
3498.0 0.363872396102795592    0.0097112316891106755
3509.0 0.358785383174452244    0.0095079935396337901
3521.0 0.372588571153544601    0.0095133951127600730
3533.0 0.392228810299718067    0.0096228342808720932
3545.0 0.383318216193505756    0.0092196427083082698
3556.0 0.414307265299855176    0.0092213389301982647
3568.0 0.442902870384896008    0.0092049270829123089
3580.0 0.415518183884109216    0.0090001031378886716
3592.0 0.374130023761799324    0.0086995336203796216
3604.0 0.360449847642817067    0.0085960891449487556
3616.0 0.326281136479863509    0.0083619795261894656
3628.0 0.269572659448978569    0.0078405368925250334
3640.0 0.224527298906217865    0.0075477864161923201
3652.0 0.179313696843159287    0.0070035640921312300
3664.0 0.151779320958671443    0.0067382711068070412
3677.0 0.137190419243221923    0.0067413693195092243
3689.0 0.138216483135472329    0.0067413982658611283
3701.0 0.120022275298102901    0.0066554367768335166
3714.0 0.164158662237016306    0.0068618081399856980
3726.0 0.178709891551288080    0.0069134965913644000
3738.0 0.229426789793408775    0.0071354433872607287
3751.0 0.254377554065349010    0.0071229053215688216
3763.0 0.253496972714089386    0.0069645840491670960
3776.0 0.255737224597856416    0.0070137698317799535
3788.0 0.257393483639653975    0.0067915496341125550
3801.0 0.276026051112737036    0.0070723216429636991
3814.0 0.273164636277648920    0.0072535528854325302
3826.0 0.303154095414268299    0.0077614536970704150
3839.0 0.320253556431843667    0.0076181364744396856
3852.0 0.366780427362135009    0.0072995100815031943
3865.0 0.420641589435328089    0.0073394518565710661
3878.0 0.432869506428496031    0.0072148010299214801
3891.0 0.437688913224016651    0.0072132782057808221
3904.0 0.433901891463895073    0.0072596065911191884
3917.0 0.468200112455310458    0.0075791404130896509
3930.0 0.484876784572642883    0.0077535384304770558
3943.0 0.479035439251332740    0.0075247166379980406
3956.0 0.452716815753653523    0.0072026750714917973
3969.0 0.410981025033090253    0.0068085638155704299
3982.0 0.409812014140598535    0.0068243335599250873
3995.0 0.410059717047519812    0.0067107175099944977
4009.0 0.428457477252335073    0.0066759659337520755
4022.0 0.457233123579985579    0.0068732267470867957
4036.0 0.480076168298772588    0.0068229248246631539
4049.0 0.479195221089200207    0.0067085352086142021
4062.0 0.472634066899034311    0.0067203843178941999
4076.0 0.480217232465365629    0.0067561806385154606
4090.0 0.448933236973209748    0.0064947410237171758
4103.0 0.430960308427835892    0.0062902875867616630
4117.0 0.412490582175524367    0.0060986145325124721
4131.0 0.403805377114932751    0.0061910219594339625
4144.0 0.402286231574641162    0.0062321266355941252
4158.0 0.398119866887823470    0.0062652241079670283
4172.0 0.386826830036963332    0.0062630760430120343
4186.0 0.359103866959022688    0.0060797444166432509
4200.0 0.326752223215001414    0.0059161796126873788
4214.0 0.313351798624102174    0.0058261778220433666
4228.0 0.290302439061447703    0.0057751435358775107
4242.0 0.276684074525532786    0.0057005413707717466
4256.0 0.258676671481179288    0.0055295744978531266
4270.0 0.240105314058292246    0.0053766182524904510
4284.0 0.226421936087119635    0.0052467153901217404
4299.0 0.226880820267545052    0.0051855047349750379
4313.0 0.249917439209581427    0.0052413823084782674
4327.0 0.262040072668378032    0.0053186039915119306
4342.0 0.267592075159927500    0.0053834324762743390
4356.0 0.269707215402472611    0.0053617690184761431
4371.0 0.279899929455297347    0.0053124598330735844
4385.0 0.272673400132814547    0.0052669785143359240
4400.0 0.256681118934129704    0.0052199249970603491
4415.0 0.248155417079360646    0.0050859997161303641
4429.0 0.271727356977119416    0.0051968755044274235
4444.0 0.302635841596103072    0.0052938237973091228
4459.0 0.319444712259585761    0.0052762097785936293
4474.0 0.317283305733688847    0.0052926349100592190
4489.0 0.314027089590935282    0.0052530021284575073
4504.0 0.311100845507805368    0.0052263783217360105
4519.0 0.321553762352196459    0.0052335821466378734
4534.0 0.303036471234504168    0.0051520139351163164
4549.0 0.297506965245406263    0.0051319081501424021
4564.0 0.302921913308340063    0.0050844018714445490
4579.0 0.305842141232939568    0.0050855572886480465
4594.0 0.309713630284587538    0.0050590657371867706
4610.0 0.292765675176088813    0.0049740089095481003
4625.0 0.266907390562336921    0.0048939443071001568
4640.0 0.248288526737568682    0.0047855629800708033
4656.0 0.249283492348990610    0.0047707122551148458
4671.0 0.245865986188548519    0.0048001506617789220
4687.0 0.257186527430551981    0.0049236227662819891
4703.0 0.238567843046787575    0.0048654866118760113
4718.0 0.214056977071337279    0.0048124253473886989
4734.0 0.205117644845464575    0.0048972376155794108
4750.0 0.214464552261458996    0.0051707483711085625
4766.0 0.224456868303517160    0.0054983848199056853
4781.0 0.226600534927305725    0.0058921945336741968
4797.0 0.203400177541683769    0.0061995422949171954
4813.0 0.181271186487717312    0.0065452028161980310
4829.0 0.175474542790410304    0.0069219616306521242
4846.0 0.173164175934844927    0.0070243799326241054
4862.0 0.168293060071808415    0.0068440336827097163
4878.0 0.182506307384940780    0.0062499692907043419
4894.0 0.177207727293857087    0.0060757806295380825
4910.0 0.179227803237055033    0.0060550196098328934
4927.0 0.162599388916856269    0.0099666703913036062
4943.0 0.175587617108322935    0.0091431218105892751
4960.0 0.153431715062645052    0.0072159272949017979
4976.0 0.180124311835775930    0.0064736942005795706
4993.0 0.171105604380981546    0.0063339974989420735
5009.0 0.180734784948216265    0.0062745590380818405
5026.0 0.181471784295286515    0.0059635040488557351
5043.0 0.188530637917816157    0.0057612042505186265
5060.0 0.215170943643105850    0.0055950993303206598
5076.0 0.218202351086708879    0.0053171419834284472
5093.0 0.239801827577162924    0.0050983740709174543
5110.0 0.235027735819513250    0.0048409694995884484
5127.0 0.234037905087214754    0.0046179573472995561
5144.0 0.228837399726151719    0.0044638025743254242
5162.0 0.219282476215698935    0.0042546857036380482
5179.0 0.221540796396670597    0.0040961316318782861
5196.0 0.218099515697706997    0.0039882460093027148
5213.0 0.198659262770622708    0.0037553259217258657
5231.0 0.169951119373132398    0.0035500680259852599
5248.0 0.143306691966527261    0.0033888493514212764
5266.0 0.149092513845582891    0.0033362737963574889
5283.0 0.148359297721857769    0.0032278577787979721
5301.0 0.145802781616065025    0.0031673863672864277
5318.0 0.157674367541587895    0.0032616023791402480
5336.0 0.157144293864762669    0.0035995260866016395
5354.0 0.158001167082107957    0.0030702221833798799
5372.0 0.159242573346354943    0.0029892682564171317
5390.0 0.156846734734283927    0.0029212591826834992
5408.0 0.145193931860668451    0.0028028497998079205
5426.0 0.128634158585284791    0.0027054770441783680
5444.0 0.133471016890076982    0.0026742327537574509
5462.0 0.144486256306592092    0.0026749120707847251
5480.0 0.154514076793929311    0.0026684547426172852
5498.0 0.166594682238020292    0.0026273353177585614
5517.0 0.180429534522291796    0.0025980976854653951
5535.0 0.182519484088106393    0.0025570260564273242
5553.0 0.185692364280310329    0.0025598408698698700
5572.0 0.190196194244674238    0.0025606186061674541
5590.0 0.189171395433419542    0.0025141239324176488
5609.0 0.191284220887334655    0.0024952522871446265
5628.0 0.186666771473036480    0.0026186278378962911
5647.0 0.181324017860485992    0.0024335063515048142
5665.0 0.184318512000907431    0.0023951104633364540
5684.0 0.175838792144537209    0.0023332476584945901
5703.0 0.176911873499798949    0.0022894928242598771
5722.0 0.167767365936327295    0.0022260972772990125
5741.0 0.160383540737238511    0.0021780432026839622
5760.0 0.157939076167156300    0.0021220048448218620
5780.0 0.162942317374253132    0.0020941232061171071
5799.0 0.162665330191402446    0.0020761320025577076
5818.0 0.163869534313761056    0.0020310108715583565
5838.0 0.165734328726604013    0.0020298324510725318
5857.0 0.165265357487885539    0.0020082687274516928
5876.0 0.166222150289444426    0.0019778211565676914
5896.0 0.168345380506506881    0.0019426656422034500
5916.0 0.167130698486283286    0.0019301895386927594
5935.0 0.162041256879898593    0.0019105791264112913
5955.0 0.161112649087340493    0.0019216341200719116
5975.0 0.155952481609489990    0.0018883222177122798
5995.0 0.148843424288752663    0.0018487377097270098
6015.0 0.144484597618655924    0.0018613139408299043
6035.0 0.129062388824955576    0.0017476968961428572
6055.0 0.110254926416150908    0.0016412953296629641
6075.0 0.087522688020075831    0.0015442236566751211
6095.0 0.071654567918221640    0.0014282831700784347
6116.0 0.067735958017984765    0.0013824981971508640
6136.0 0.065329892099168743    0.0013616320504985717
6157.0 0.078042158660324434    0.0014095862859616710
6177.0 0.093399353456152301    0.0014687920379114414
6198.0 0.104823372061369074    0.0014613957830223432
6218.0 0.115075747377117288    0.0015052485002639850
6239.0 0.122132519972116355    0.0015071634006717147
6260.0 0.127721371040775772    0.0015090460097622700
6281.0 0.130957134096431171    0.0014928059430885073
6302.0 0.134457427343393332    0.0014891088011499444
6323.0 0.129689560477170063    0.0014497873881393480
6344.0 0.128518404677612191    0.0014381919842915585
6365.0 0.127139649078467809    0.0014141986216125479
6386.0 0.120031039552032884    0.0013841470870985806
6407.0 0.119553218288144636    0.0013666159174678422
6429.0 0.112755463204602127    0.0013324754161125316
6450.0 0.109612815060823945    0.0013237111407601633
6471.0 0.108153269624197065    0.0012972450058245063
6493.0 0.103691920048894132    0.0012657249361195594
6515.0 0.100486750600810040    0.0012657854723838364
6536.0 0.097085662246752191    0.0012970033602235284
6558.0 0.093615859727219905    0.0013595164166115561
6580.0 0.091178589294830636    0.0013421874818010427
6602.0 0.090349627756988168    0.0012864754141666901
6624.0 0.084774225286268587    0.0012232647601836022
6646.0 0.083709354041781148    0.0012111883448708760
6668.0 0.080162816561409278    0.0011762047026740179
6690.0 0.078384628229961492    0.0011401908491203447
6713.0 0.074652577913521964    0.0011059019485908309
6735.0 0.073615988378571515    0.0011032363658535439
6757.0 0.071451748761947986    0.0010854544413774841
6780.0 0.070313821704337226    0.0010799339483930661
6803.0 0.068433543165738533    0.0010615719885664031
6825.0 0.069112113729314792    0.0010546635153096120
6848.0 0.064008995097156365    0.0010476074857324192
6871.0 0.066108827442582063    0.0010543181837744478
6894.0 0.062205393162424717    0.0010376358047665660
6917.0 0.062941883800824869    0.0011479228611986293
6940.0 0.061462360787438386    0.0010672505334724152
6963.0 0.061254227644685841    0.0011364273742305827
6986.0 0.058654625037880992    0.0010819782303917867
7009.0 0.056960334626760270    0.0010915859744828453
7033.0 0.060157854934862108    0.0010611925325057748
7056.0 0.059849382357921997    0.0010178126934576803
7079.0 0.058696196523233206    0.0010182859665918218
7103.0 0.056083709052468969    0.0010032490901132282
7127.0 0.053811413360202107    0.0009804158801618740
7150.0 0.055240731287470000    0.0010207050823294230
7174.0 0.054855724676287090    0.0009654151676312668
7198.0 0.053796036323362141    0.0010185789009893842
7222.0 0.054880867356666765    0.0009723348150965217
7246.0 0.052359497097672646    0.0010082632896366722
7270.0 0.051829405472733965    0.0015507116637580285
7295.0 0.047834069661414860    0.0012727782390452936
7319.0 0.047702668861376314    0.0010725551460038399
7343.0 0.044805422746811971    0.0009454487261544620
7368.0 0.041704291402405315    0.0010441346026482247
7392.0 0.042004668217166502    0.0009569262286717683
7417.0 0.043252897964320247    0.0010489033195172058
7442.0 0.042321233551233670    0.0010128933526541632
7466.0 0.036137504009801487    0.0010124976030921060
7491.0 0.038680613588429710    0.0009797796139744167
7516.0 0.038304197083991250    0.0010897510350503031
7541.0 0.039466814769474293    0.0009972908641824438
7566.0 0.037169742459681313    0.0011108610727984763
7592.0 0.038003107688843317    0.0009710096926050589
7617.0 0.038379038098960309    0.0010407312555048890
7642.0 0.039672289824852901    0.0010352939334589118
7668.0 0.041558858999909652    0.0010326600486256110
7693.0 0.039854971666827152    0.0009456717660864711
7719.0 0.040245006218387523    0.0009255532174181808
7745.0 0.043030530966472587    0.0009475450198677612
7770.0 0.041962610336477829    0.0009324374844345691
7796.0 0.041166512901327112    0.0009392735722052122
7822.0 0.043874712953144213    0.0009564014193978813
7848.0 0.038051329117887091    0.0009195770710479672
7874.0 0.033783729758731243    0.0009027813883755384
7901.0 0.030072373370692084    0.0009138916911979867
7927.0 0.031805304412016733    0.0011307693380232364
7953.0 0.029655653472074835    0.0009204321210825686
7980.0 0.031956106752214712    0.0011790404548044895
8007.0 0.029950691688251162    0.0009611408825322698
8033.0 0.028056718383103977    0.0010899631059855179
8060.0 0.029648463318954370    0.0010736138264601301
8087.0 0.032065187251332415    0.0010649003365696627
8114.0 0.037101169307074383    0.0009706894043874557
8141.0 0.037461562098176859    0.0009618282252278940
8168.0 0.031624817541035265    0.0009312275024449089
8195.0 0.028624850161983635    0.0008799299413105386
8222.0 0.027830241667416659    0.0008996261950498582
8250.0 0.028561531807345754    0.0010121079859394134
8277.0 0.033187723263514317    0.0010488473988193526
8305.0 0.029446381546047354    0.0009241206493799585
8333.0 0.032418888810970353    0.0009028085336994563
8360.0 0.035123209390617999    0.0009818601227632622
8388.0 0.040250618477729309    0.0012533729595895296
8416.0 0.039735549687968733    0.0009660411930794359
8444.0 0.040676542508881204    0.0013435316481215259
8472.0 0.044319475704228985    0.0010666095798638876
8500.0 0.042915106546852703    0.0012511139052690720
8529.0 0.043747462449816088    0.0012433771665991682
8557.0 0.040919093738879253    0.0012244852849562231
8586.0 0.041101889943473455    0.0010705714268760848
