#@Telescope UH88 
#@Reference Saunders et al. (2018) 
#@Redshift 0.0  
#@Spectrum Train_SN39_7.dat 
#@SN-Name Train_SN39  
#@Phase 10.541 
#@Survey SNFactory 
#@SN-Type SNIa 
#@Units Flux 
# 
# WAVE : 
# SN_SPEC : 
# SN_ERR : 
#end 
3305.0 0.031267152105023809    0.00258113338670639325
3317.0 0.031258078574059073    0.00252302162202761851
3328.0 0.032605459451048750    0.00243195324956341306
3339.0 0.035196795258949080    0.00237194536644442545
3350.0 0.030656815490780680    0.00230259980392036106
3361.0 0.029087431826965864    0.00224496175781956249
3372.0 0.030846625450157285    0.00221784154038221675
3383.0 0.039273522640832462    0.00225536083586687884
3395.0 0.035654781298462467    0.00222411315267562280
3406.0 0.041069422399353031    0.00218012255260945651
3417.0 0.041135272735286735    0.00212548949242534133
3429.0 0.035621195969225097    0.00204587255464719082
3440.0 0.041181040195861995    0.00208225046053890292
3452.0 0.040510720754886494    0.00208091205909803276
3463.0 0.042548667768909122    0.00209691125887752263
3475.0 0.041314101350390722    0.00201119940553783376
3486.0 0.048556768048763049    0.00198728562798718925
3498.0 0.051060684282267912    0.00194552873444684316
3509.0 0.056085262370226950    0.00199774096599545552
3521.0 0.061756035362777115    0.00207795944148913940
3533.0 0.072355747453607927    0.00210450555063248492
3545.0 0.069825066029190183    0.00203812985073264933
3556.0 0.079714986499302365    0.00202478623701399631
3568.0 0.086409431601504619    0.00199462517678902036
3580.0 0.094978467008528827    0.00200150049429769113
3592.0 0.092627557388541129    0.00198744340930917052
3604.0 0.092467665925879031    0.00198452664250347134
3616.0 0.085281646311015355    0.00193664255702567746
3628.0 0.082896238158349636    0.00191615126792950632
3640.0 0.085219942131868551    0.00188004469972525580
3652.0 0.088609668008382603    0.00187102517164326157
3664.0 0.090955890301265940    0.00187080594974296625
3677.0 0.084581594717201988    0.00183826021072038492
3689.0 0.072858687143124004    0.00174780045635387796
3701.0 0.060997988617990086    0.00161051705986515743
3714.0 0.049271356128606315    0.00150085210279209407
3726.0 0.044653037319184852    0.00144971583440834609
3738.0 0.040060884755133072    0.00137838461774281878
3751.0 0.046857218408823523    0.00146893925515212301
3763.0 0.055342530008313316    0.00154262885099175871
3776.0 0.051975705490344998    0.00149009054527759295
3788.0 0.050363099898393819    0.00146635765422079489
3801.0 0.052088675979386379    0.00144352847627659555
3814.0 0.053438538379205099    0.00140411803997302705
3826.0 0.061296418353069052    0.00146069508684556061
3839.0 0.070776048953308648    0.00150995111506470434
3852.0 0.083408182910924764    0.00157572430166952478
3865.0 0.104345550225469097    0.00171770541292880566
3878.0 0.121232837462007734    0.00185568274529460380
3891.0 0.129858642462715418    0.00190688391236739957
3904.0 0.137744472930681899    0.00181956400317580843
3917.0 0.140367346631382700    0.00175580689524567355
3930.0 0.143627115348914258    0.00172646283182902559
3943.0 0.147140176329132094    0.00172026758298519022
3956.0 0.149000248288721354    0.00173776039484476331
3969.0 0.139101966205440436    0.00171349618769607213
3982.0 0.127037579852361165    0.00173239362571508460
3995.0 0.108481203329954728    0.00160918792750716871
4009.0 0.102648903011726633    0.00151257866236167863
4022.0 0.102009192550144734    0.00148633191914195745
4036.0 0.104504267867924924    0.00148226230305210276
4049.0 0.114503934878904562    0.00149398072432605487
4062.0 0.122816034395571483    0.00152248750707390510
4076.0 0.119256344614509457    0.00151922467110716659
4090.0 0.122368578256829522    0.00150836738798531232
4103.0 0.114425955709746396    0.00144182304765189985
4117.0 0.113152463484381419    0.00143544053158987592
4131.0 0.115595221624031450    0.00144361409335283172
4144.0 0.117221176523569906    0.00144358751551671382
4158.0 0.119090292240525253    0.00146018510253414732
4172.0 0.122278693015049927    0.00145518460983063867
4186.0 0.120177529431778271    0.00145432127991196054
4200.0 0.119375162227249573    0.00143269125185104700
4214.0 0.116881044092172690    0.00143193415089176734
4228.0 0.117061802116693328    0.00143677438457152809
4242.0 0.111252243596717357    0.00140203664215177680
4256.0 0.103548213522510674    0.00135579632240430837
4270.0 0.097542435491556834    0.00131027805930443593
4284.0 0.093255823357382611    0.00128675162346316352
4299.0 0.090065201059254765    0.00125239192012357396
4313.0 0.087307286964170228    0.00123927383235907114
4327.0 0.084990423917726585    0.00122722664490965204
4342.0 0.080582548340965413    0.00121730013966789936
4356.0 0.081513856292697390    0.00120727555067463312
4371.0 0.079820263542118144    0.00118178887109054629
4385.0 0.076853858967926292    0.00117107715708208841
4400.0 0.073443560788263973    0.00117131172938590451
4415.0 0.072640505774363179    0.00114276252329705984
4429.0 0.078135656477622703    0.00116263340298968518
4444.0 0.085833974921656953    0.00120635905792742300
4459.0 0.096883192082499223    0.00122446592679430200
4474.0 0.101577630801831020    0.00125236116182506595
4489.0 0.107370007098174639    0.00126093252013286471
4504.0 0.110784299332680983    0.00127494263172053725
4519.0 0.119404430047726870    0.00130195836494109598
4534.0 0.128219550177012059    0.00132276958594708892
4549.0 0.131063777515645991    0.00133270365724252838
4564.0 0.134955510395738915    0.00133133091885356608
4579.0 0.134338940588199479    0.00133910310276477208
4594.0 0.137645232563896047    0.00134134872101634279
4610.0 0.136432565419297019    0.00132444182258271222
4625.0 0.134711747781379648    0.00133459242400888476
4640.0 0.123794632433298135    0.00128992652291606011
4656.0 0.111103937055925028    0.00123506835758207243
4671.0 0.103017937184241154    0.00121476425612184087
4687.0 0.102096383506633220    0.00122098416270733571
4703.0 0.097288205221841867    0.00119519954806241260
4718.0 0.092782613913013193    0.00116361781221892713
4734.0 0.079860617509211432    0.00110833394346144393
4750.0 0.074372009660113814    0.00108307425660583842
4766.0 0.071044363996330850    0.00109082651174137002
4781.0 0.075673645654173005    0.00112902712599065162
4797.0 0.084206485903275743    0.00119164176396130850
4813.0 0.084291570865366372    0.00123598677679611691
4829.0 0.072237616154199144    0.00124216009176578461
4846.0 0.066394917222265468    0.00128546766071671809
4862.0 0.066844231072461263    0.00137791711337054688
4878.0 0.072144837373788254    0.00149046814047712039
4894.0 0.081161677655414724    0.00163137520584543620
4910.0 0.085848606856714013    0.00170746207306568445
4927.0 0.086586239407846988    0.00170574735791357061
4943.0 0.082967415684195689    0.00155086980972640948
4960.0 0.077278113170129406    0.00139687781631950584
4976.0 0.069341545469850538    0.00134799955398504025
4993.0 0.065582114343459799    0.00188695737287967449
5009.0 0.065910947282722870    0.00202123313343221915
5026.0 0.066400420566180868    0.00164771517388540272
5043.0 0.071646880988100292    0.00151643182179612220
5060.0 0.070700243574592647    0.00144081584388666695
5076.0 0.081249160966911815    0.00147435691763379601
5093.0 0.086676440041102087    0.00147354848285089152
5110.0 0.088848863411729428    0.00142325748782757395
5127.0 0.095387155990272712    0.00139327374194443123
5144.0 0.100715331313169551    0.00135399307573378486
5162.0 0.106167408533117777    0.00131349690750062341
5179.0 0.108745054663188540    0.00124971951967379536
5196.0 0.111832574706455620    0.00122353873861617314
5213.0 0.112099257418026121    0.00118423894039846353
5231.0 0.113235368280571375    0.00114477741681756010
5248.0 0.107744576310723608    0.00110695176585666379
5266.0 0.098086247067105892    0.00103591538818550944
5283.0 0.090920845523276506    0.00097485193357896250
5301.0 0.091118368105976733    0.00095109328351288187
5318.0 0.091246082488156979    0.00093782899941543380
5336.0 0.086140886111557416    0.00091885217048149833
5354.0 0.086342178717255025    0.00090373767078089290
5372.0 0.082973211783285178    0.00087567361433861437
5390.0 0.081803001434324438    0.00085429979841987664
5408.0 0.084427469351938011    0.00108028772060672260
5426.0 0.080485437806153068    0.00081944602422033715
5444.0 0.076987325313009475    0.00078879769412011690
5462.0 0.071739415595631309    0.00075898580140950592
5480.0 0.074000456204012119    0.00075244463431307690
5498.0 0.075208825693248799    0.00074246031524256991
5517.0 0.079378565614849822    0.00073626613278223081
5535.0 0.079040099180364795    0.00071677269786343855
5553.0 0.077870257983678512    0.00070529892485640124
5572.0 0.074143250620071419    0.00069013382984750322
5590.0 0.073404251271379686    0.00067307273533344716
5609.0 0.070827075152227803    0.00065109703409206565
5628.0 0.069996123078799669    0.00064339000870963564
5647.0 0.067669311403335181    0.00062913357875984228
5665.0 0.067810982137166922    0.00061951523947179434
5684.0 0.064681793223539452    0.00060970492916633152
5703.0 0.061757133926516786    0.00060734624159232843
5722.0 0.062733010371577996    0.00060539000143670690
5741.0 0.065366935833165940    0.00059616724490857214
5760.0 0.069111312446865039    0.00059638935034024543
5780.0 0.073797043469905996    0.00060281999112685376
5799.0 0.079741148748667223    0.00061471062460383738
5818.0 0.085669901970798143    0.00061694296095012220
5838.0 0.090579591178107849    0.00062393921213434688
5857.0 0.093722114010678537    0.00062763447182028408
5876.0 0.093537710840350216    0.00061645005686726583
5896.0 0.088027195580957257    0.00059014691448719219
5916.0 0.088655057313247590    0.00058748239680755379
5935.0 0.082566934805648140    0.00057030172920459043
5955.0 0.080557244438228398    0.00056763671478303403
5975.0 0.077078525560223751    0.00055472306911619543
5995.0 0.073680392052858174    0.00053934366652324118
6015.0 0.069240259258555870    0.00052239172517318667
6035.0 0.069224318080031697    0.00052023543781147779
6055.0 0.069183940508921210    0.00051683962289948021
6075.0 0.065712168411295471    0.00049841758879439944
6095.0 0.051497448027385630    0.00049586107942133583
6116.0 0.037387697935704921    0.00054107304329572442
6136.0 0.033223217776508260    0.00037754619905661541
6157.0 0.030484344408834241    0.00038051247496050490
6177.0 0.036224230606643572    0.00043700117546943977
6198.0 0.046052441398974166    0.00040361907884828372
6218.0 0.051434639079928193    0.00041804940610028294
6239.0 0.056375848870441170    0.00042939369189945502
6260.0 0.058766594657580357    0.00043613778052696681
6281.0 0.059899756582704411    0.00043809146148715984
6302.0 0.060211014728197530    0.00043914209380774370
6323.0 0.058655598072103687    0.00042793288970043486
6344.0 0.058974964715290949    0.00042818154090554315
6365.0 0.057301487444286217    0.00042024328350378116
6386.0 0.055999958487016367    0.00040844500816070162
6407.0 0.055604354744075692    0.00040062343575942601
6429.0 0.055706309155608764    0.00039690383581152935
6450.0 0.054907357966753577    0.00039415397757156033
6471.0 0.055461720284954781    0.00038985106498102396
6493.0 0.053807922994826687    0.00038176067790461534
6515.0 0.054079967580227949    0.00038020897233816397
6536.0 0.051729954273990540    0.00037419570481238875
6558.0 0.050972116962900806    0.00037789468440297037
6580.0 0.048519099362767514    0.00036523918217382193
6602.0 0.045103387672596362    0.00035245049982320081
6624.0 0.043102391971736362    0.00036244755382184473
6646.0 0.041535334890211828    0.00035729504280591294
6668.0 0.040078450556906182    0.00037130558014717428
6690.0 0.038578178608966895    0.00034736922480614228
6713.0 0.037154063836681184    0.00033195289062480817
6735.0 0.036414779185933784    0.00032507826188148586
6757.0 0.034497454757871193    0.00031364272221361648
6780.0 0.035250279813364309    0.00030975214616207111
6803.0 0.033269527444020980    0.00030128098424664335
6825.0 0.034745852671558247    0.00030317299454070385
6848.0 0.033331884138799103    0.00029930449073835281
6871.0 0.033216599121924505    0.00029655692086184951
6894.0 0.031931944106884151    0.00028990997424173707
6917.0 0.031539995713377934    0.00028916454076459349
6940.0 0.030811190071450719    0.00028763060642946381
6963.0 0.030580260052603163    0.00028991187087294885
6986.0 0.029287281872773990    0.00028120940627241164
7009.0 0.029264261758824302    0.00029879920688681159
7033.0 0.027875073052836690    0.00030661088996137453
7056.0 0.027888307172316593    0.00031475523824974757
7079.0 0.028004323486240636    0.00029001874064916620
7103.0 0.026726961084335425    0.00029907193118924457
7127.0 0.026179968276208720    0.00029343131339085605
7150.0 0.025863391125317148    0.00028384169124936358
7174.0 0.026595914135577197    0.00027910034182134516
7198.0 0.026138100647545615    0.00026533715702876123
7222.0 0.026285163646558182    0.00026554148186555375
7246.0 0.027051777979651921    0.00027936506552390234
7270.0 0.026157213470619781    0.00026448657338681538
7295.0 0.025330785817106211    0.00027980208614785106
7319.0 0.023213531265654733    0.00025637859634834471
7343.0 0.022519994002393722    0.00026459402653095668
7368.0 0.021807057580733483    0.00039259819906645535
7392.0 0.020582243812497732    0.00033629638870350366
7417.0 0.018713989078998770    0.00028395763286424055
7442.0 0.018263689850811213    0.00024792345797730353
7466.0 0.016575482324265273    0.00025540269492789296
7491.0 0.015804258176111727    0.00026686841558755240
7516.0 0.015345925624343493    0.00027627946944278395
7541.0 0.015822661216871925    0.00025034032616285897
7566.0 0.015611456029828327    0.00026516043546171054
7592.0 0.015327630721455286    0.00026575285590044531
7617.0 0.016881923920862275    0.00028573653247914794
7642.0 0.016427265310649336    0.00027291893743186329
7668.0 0.015914851206125343    0.00028199910361393049
7693.0 0.016033141507024749    0.00025306863889892271
7719.0 0.016327509799599221    0.00026600013266712166
7745.0 0.016336734380865543    0.00027470029542088839
7770.0 0.017687029051852557    0.00026582500545212098
7796.0 0.017707220076628592    0.00024832347001458861
7822.0 0.018991170274594991    0.00025558925590100435
7848.0 0.019268561102999727    0.00025198546738955255
7874.0 0.019517496383987133    0.00024625417829320464
7901.0 0.019071971334074317    0.00025016173978076800
7927.0 0.018497728067000077    0.00024538745372943614
7953.0 0.017207552403102337    0.00024029259297177967
7980.0 0.015761817918656246    0.00023849708797722512
8007.0 0.015076418467394007    0.00023076428794776343
8033.0 0.013414343416349273    0.00029480534587160673
8060.0 0.012524448908130072    0.00024619613652231305
8087.0 0.013017888647658385    0.00030432696998889010
8114.0 0.012369463790087137    0.00024826619537407854
8141.0 0.012751237419733408    0.00028103782776818525
8168.0 0.012234127722764030    0.00029066071402512981
8195.0 0.010786836271239717    0.00025876967477585840
8222.0 0.008979835543850300    0.00022127465217560113
8250.0 0.008505379966407774    0.00022861189483653537
8277.0 0.011281966840532745    0.00022746099311062872
8305.0 0.012542709797515270    0.00022145406105367494
8333.0 0.012755230507559430    0.00022766264951430890
8360.0 0.012193010309977794    0.00028441571338623208
8388.0 0.014143326800022255    0.00030149059955254332
8416.0 0.017507685890008881    0.00027740071041503281
8444.0 0.020548981786186426    0.00025827763848193031
8472.0 0.023657690985007036    0.00026690767132365176
8500.0 0.026516431067790561    0.00037657252370452049
8529.0 0.026531217406380397    0.00029947364207274011
8557.0 0.027590140239348887    0.00039241510292430511
8586.0 0.029467395252590511    0.00031865229676322028
