#@Telescope UH88 
#@Reference Saunders et al. (2018) 
#@Redshift 0.0  
#@Spectrum Train_SN9_5.dat 
#@SN-Name Train_SN9  
#@Phase 2.356 
#@Survey SNFactory 
#@SN-Type SNIa 
#@Units Flux 
# 
# WAVE : 
# SN_SPEC : 
# SN_ERR : 
#end 
4829.0 0.0485016090906644076    0.0315689231758771449
4846.0 0.0807454282127215567    0.0291839447637824781
4862.0 0.0888927454766440944    0.0255221268314667904
4878.0 0.1280530417742966887    0.0209747818999906736
4894.0 0.0703823582196624609    0.0178607111928531966
4910.0 0.0590047805723420554    0.0166238812192586183
4927.0 0.0935583653878790805    0.0164371423940543118
4943.0 0.0605571662003224626    0.0161853111266527828
4960.0 0.1131441948194680802    0.0155659360886742319
4976.0 0.0904983879501897737    0.0146539622318159549
4993.0 0.0927388171073202372    0.0144763141000891059
5009.0 0.0785268568392033378    0.0137058307902861876
5026.0 0.0714745920996891909    0.0125791785821583440
5043.0 0.0741133583175962452    0.0123295998150036411
5060.0 0.0603251878909546596    0.0117045777696362218
5076.0 0.0830875824332067553    0.0114105946468488397
5093.0 0.0746999665808495694    0.0108325952377567765
5110.0 0.0943643232155903788    0.0105731869957129583
5127.0 0.1066158127318057591    0.0103531331765077395
5144.0 0.1029840298572818197    0.0100831007971945545
5162.0 0.0782506917466348900    0.0096939561428986461
5179.0 0.0740593710068390282    0.0094322316120832965
5196.0 0.1007256577062929509    0.0093296999253624086
5213.0 0.0841325331234458601    0.0090248127363220677
5231.0 0.0857773884148928800    0.0089180932781587237
5248.0 0.0939802023206440518    0.0090727689614073428
5266.0 0.1064791012869965442    0.0101633256223237437
5283.0 0.0560529287223980946    0.0080920442980306831
5301.0 0.0653642683780253642    0.0079669937536379579
5318.0 0.0868812576036928214    0.0079137226277312817
5336.0 0.0640336988540353702    0.0076792751297938468
5354.0 0.0930893925865152599    0.0076687845528445302
5372.0 0.0947319427387852825    0.0074379706659459541
5390.0 0.0766318163522277801    0.0071492640016827345
5408.0 0.0950422874545840540    0.0071251456864202551
5426.0 0.0840346889176755013    0.0068592696981149308
5444.0 0.0822595977784197768    0.0067608240832829807
5462.0 0.0572848980963567844    0.0065765639313371902
5480.0 0.0700503249047192272    0.0065861790114544634
5498.0 0.0432355062658646774    0.0063974767977896443
5517.0 0.0586688147316855105    0.0062441325661737575
5535.0 0.0569814553044516656    0.0061576523589856923
5553.0 0.0737169305596961366    0.0063024571763660052
5572.0 0.0835329133887472569    0.0061206639145632508
5590.0 0.0802607117467409453    0.0059801947428904179
5609.0 0.0887707531786805226    0.0058152669743627332
5628.0 0.0803966519882717001    0.0057541887482053461
5647.0 0.0912796987400150139    0.0056318197261077136
5665.0 0.0759879245903055944    0.0054506601160907832
5684.0 0.0786078711567470972    0.0053625352471067264
5703.0 0.0791472780248550084    0.0052856085645592221
5722.0 0.0764083949800313800    0.0051901344467287867
5741.0 0.0708654088154865580    0.0050646548594944834
5760.0 0.0507722032802080531    0.0049180352604811309
5780.0 0.0451142155443812476    0.0048317161202607612
5799.0 0.0383601610791654418    0.0047653209950541588
5818.0 0.0532232664935919642    0.0046406298395040586
5838.0 0.0568602288877340586    0.0046537026267901042
5857.0 0.0718018946346082876    0.0046755427764927871
5876.0 0.0726442439994353928    0.0045992833610807304
5896.0 0.0695234179739369906    0.0044477967542551058
5916.0 0.0670612886166843392    0.0044014186529344806
5935.0 0.0744004237096144161    0.0045143038067284634
5955.0 0.0671603660138059277    0.0043337780758581235
5975.0 0.0836081452956476678    0.0042718413948255526
5995.0 0.0734556123216209556    0.0042410946668699446
6015.0 0.0762290835070828648    0.0041510364375788849
6035.0 0.0705180432905645471    0.0040394679365842083
6055.0 0.0595558827922466547    0.0039700036711627171
6075.0 0.0490950537554473571    0.0038692453412669417
6095.0 0.0406628242401513851    0.0038257895131953352
6116.0 0.0263136194738721116    0.0036723172792577203
6136.0 0.0212571748484081356    0.0036341659498112713
6157.0 0.0258533096806084113    0.0036099566203875830
6177.0 0.0339228947172573389    0.0035791862204196216
6198.0 0.0411554430055472639    0.0034295289586084121
6218.0 0.0485129590905317709    0.0034673692966507089
6239.0 0.0491300919378965043    0.0034630645780483380
6260.0 0.0438903243867786799    0.0033815627347150252
6281.0 0.0624541325622574306    0.0034045321406093580
6302.0 0.0650129763746861433    0.0033647950857961313
6323.0 0.0702281384464284869    0.0033401758843803865
6344.0 0.0701771181710135472    0.0032919925494037405
6365.0 0.0723276210876247078    0.0032405105502829644
6386.0 0.0656717081391661739    0.0031859371599033898
6407.0 0.0655831975546962154    0.0031252921797372151
6429.0 0.0689551727375109919    0.0031276320795995327
6450.0 0.0638774703554459561    0.0032111107972171747
6471.0 0.0607907376660004814    0.0032069992348555615
6493.0 0.0590164404071669979    0.0032493946793505412
6515.0 0.0650565214250015955    0.0031216804957464729
6536.0 0.0589465565265778063    0.0030139802355143978
6558.0 0.0552561720197901965    0.0029818263043922674
6580.0 0.0593490680519560623    0.0029394514634729987
6602.0 0.0546027848051210338    0.0028416668579883948
6624.0 0.0555333895667350363    0.0027851084650287981
6646.0 0.0525293903792270964    0.0027911016129950157
6668.0 0.0539323443005202893    0.0027565026054994393
6690.0 0.0470750736168780715    0.0026882270579997782
6713.0 0.0519227857869362097    0.0026454502728795320
6735.0 0.0490931873512546191    0.0026116066951768668
6757.0 0.0452209199234688761    0.0025972863820504016
6780.0 0.0429057463288544452    0.0025895600036681551
6803.0 0.0412506871806071554    0.0025461768237083106
6825.0 0.0445423070819912989    0.0028654386789804219
6848.0 0.0494525280311093815    0.0026793738818264986
6871.0 0.0387293281585226884    0.0028223082130219399
6894.0 0.0373722220232294636    0.0027033253753477749
6917.0 0.0453216457548921287    0.0027193497997940789
6940.0 0.0387801262389566373    0.0025986476130779850
6963.0 0.0332913564373912285    0.0025038853989122895
6986.0 0.0353691142382573029    0.0024738137440085289
7009.0 0.0363499053061348137    0.0024321523002561159
7033.0 0.0326786249451760311    0.0023562291934310056
7056.0 0.0343781610079468281    0.0024472424091281273
7079.0 0.0381897172471248117    0.0023243258412106432
7103.0 0.0331970403560959554    0.0024675150102459252
7127.0 0.0360715133688801967    0.0023217288857049693
7150.0 0.0369136793533829527    0.0023553244806563929
7174.0 0.0363494327621228450    0.0035652719967459853
7198.0 0.0313325992997204317    0.0029538606004141602
7222.0 0.0353425383729219986    0.0025273982603779763
7246.0 0.0349657912983559818    0.0022467212551377210
7270.0 0.0360197370859487442    0.0025969406205026647
7295.0 0.0273542291023265473    0.0023362574548481856
7319.0 0.0360417804228599023    0.0025906286656826203
7343.0 0.0343820729074401227    0.0024823307788707939
7368.0 0.0289578332196850537    0.0024779175652904647
7392.0 0.0241179530729312107    0.0023395536248007362
7417.0 0.0231797660191768971    0.0026520748350894866
7442.0 0.0208817011803921655    0.0023934531578389674
7466.0 0.0138005179894304750    0.0025768561231542799
7491.0 0.0153841452149760805    0.0022184468104126539
7516.0 0.0181356125653691011    0.0024023322673562314
7541.0 0.0234612909358003600    0.0023750692012853569
7566.0 0.0222148588242726576    0.0023533817628141876
7592.0 0.0237767458895954235    0.0021277470933425682
7617.0 0.0216178558328896167    0.0020741278967767824
7642.0 0.0244634438199211948    0.0020785450197114076
7668.0 0.0239329573052959772    0.0020073726015883975
7693.0 0.0241967602823697954    0.0020220669004148771
7719.0 0.0309279567340574012    0.0020218401113355424
7745.0 0.0248139267478808302    0.0019573040436315983
7770.0 0.0305295488687374640    0.0020074813864519865
7796.0 0.0257039289029850938    0.0020528338778060414
7822.0 0.0315158253634257174    0.0026917313973350088
7848.0 0.0275720520743476701    0.0020518373632364435
7874.0 0.0312364350310629438    0.0027359249051540440
7901.0 0.0305554421264057526    0.0021854789970232923
7927.0 0.0354647756308673623    0.0025018952162548661
7953.0 0.0259491511995229192    0.0024616124246052877
7980.0 0.0315424297148454366    0.0024208318337183843
8007.0 0.0242432119238458095    0.0020199008521534739
8033.0 0.0230458839285413823    0.0020010975100369878
8060.0 0.0210001544341407616    0.0019207167905667762
8087.0 0.0177044280311775930    0.0017960743368027447
8114.0 0.0102441441861279483    0.0018795732066105519
8141.0 0.0101873943500097475    0.0024578723397031578
8168.0 0.0120164665164492947    0.0024844283245568774
8195.0 0.0085239294612230523    0.0019554013205066848
8222.0 0.0038645006739758954    0.0016969305335594283
8250.0 0.0075658923579312422    0.0019077821707092087
8277.0 0.0168543463471831044    0.0028378658057344442
8305.0 0.0024250800771804517    0.0018443133132685539
8333.0 0.0132616172266014683    0.0028984656586181511
8360.0 0.0101318147325844977    0.0020429801408233974
8388.0 0.0201233084183697931    0.0025736705658744104
8416.0 0.0166567092109993833    0.0025088392285755618
8444.0 0.0210322137306173731    0.0024764575613631782
8472.0 0.0125545081286228179    0.0019818378768477517
8500.0 0.0205001201552455249    0.0021109134044464848
8529.0 0.0190939402883361538    0.0020271670184993933
8557.0 0.0236641647792300083    0.0018020587003062141
8586.0 0.0287747702478916532    0.0019036158797398957
