#@Telescope UH88 
#@Reference Saunders et al. (2018) 
#@Redshift 0.0  
#@Spectrum Train_SN70_12.dat 
#@SN-Name Train_SN70  
#@Phase 29.295 
#@Survey SNFactory 
#@SN-Type SNIa 
#@Units Flux 
# 
# WAVE : 
# SN_SPEC : 
# SN_ERR : 
#end 
3305.0  0.0076702809154459454  0.00536502829237412056
3317.0  0.0050663640081209591  0.00519106503791317338
3328.0  0.0006618145730770422  0.00498805596082035289
3339.0  0.0101969940348051891  0.00495896446528292737
3350.0  0.0156459697146462511  0.00505183089797710521
3361.0  0.0156996047673739203  0.00485422341655932996
3372.0  0.0020492986956820443  0.00438611285552110552
3383.0  0.0034088406294572110  0.00445620197937100608
3395.0  0.0130456703487407070  0.00450898292441143708
3406.0 -0.0026711167578793689  0.00417885026297485675
3417.0 -0.0019725334737478888  0.00449782202094935277
3429.0  0.0019909245277420287  0.00416425189476302138
3440.0  0.0104674261767334614  0.00412166684893891262
3452.0  0.0068844360661527377  0.00391721716552451225
3463.0  0.0001250632288717747  0.00367509708423209005
3475.0  0.0019687132857253249  0.00357828200785556983
3486.0  0.0076891769193705413  0.00368050999905250847
3498.0  0.0180393118283332446  0.00389522980255940614
3509.0  0.0093921194263367064  0.00369731407295759585
3521.0  0.0107433837932978567  0.00372889955616034297
3533.0  0.0050133146214645903  0.00345302428976861911
3545.0  0.0054845888570421060  0.00329383705678893681
3556.0  0.0134638361406933145  0.00333728071101597329
3568.0  0.0158864022037764549  0.00329165239494458696
3580.0  0.0144232660356039908  0.00317821958719347259
3592.0  0.0153192610637606259  0.00330520980158714858
3604.0  0.0154528531712443736  0.00329333040770410021
3616.0  0.0141418298160238699  0.00308142361049818956
3628.0  0.0155017136583453334  0.00342055748742125295
3640.0  0.0130060938411984631  0.00295989955697075272
3652.0  0.0117441789468883916  0.00285929381415407071
3664.0  0.0205044223261466631  0.00295698116991125869
3677.0  0.0274745451422905400  0.00309608735036440543
3689.0  0.0236363408170955566  0.00309921921860505881
3701.0  0.0249556607186641917  0.00295187307561826668
3714.0  0.0233775642253644597  0.00281468546165582548
3726.0  0.0240323907268293474  0.00275183228172949006
3738.0  0.0217046026597117851  0.00273396789721372033
3751.0  0.0152466484900546911  0.00274231918049449522
3763.0  0.0087010769327304800  0.00265614852283413503
3776.0  0.0096828463669376350  0.00252721593940783990
3788.0  0.0051413696730336234  0.00240350634773374514
3801.0  0.0089182597346312304  0.00248383568288564408
3814.0  0.0088978530779981850  0.00236525104325015050
3826.0  0.0072316443147605108  0.00236103395381762147
3839.0  0.0173245447553604173  0.00254667385329908520
3852.0  0.0200698326421019160  0.00261097186845551769
3865.0  0.0156080685213402116  0.00273194629728160197
3878.0  0.0201761200680178228  0.00253881318611585928
3891.0  0.0276505706659092368  0.00255913250348754244
3904.0  0.0312416499323770122  0.00251738587172802876
3917.0  0.0301952190234323938  0.00250793416402558637
3930.0  0.0338987964000076678  0.00253580257282199056
3943.0  0.0404719374100541152  0.00259265947668335531
3956.0  0.0384590539329544220  0.00261567099093265110
3969.0  0.0399851736485680939  0.00268263472143919976
3982.0  0.0350435932457469068  0.00249063017772960292
3995.0  0.0317612839402496225  0.00235972392252286429
4009.0  0.0330169891446964250  0.00236980935441972584
4022.0  0.0238340595135817963  0.00221904476115467085
4036.0  0.0243561707383604942  0.00218510648331645112
4049.0  0.0187539974635797420  0.00207179920258485431
4062.0  0.0209857684584678073  0.00210588268231360048
4076.0  0.0184482209580113243  0.00208336609835925489
4090.0  0.0200653147717354541  0.00206270677830046800
4103.0  0.0211399325713977002  0.00205998450109808702
4117.0  0.0213003619413889983  0.00201878742661153448
4131.0  0.0193495582414501578  0.00199808438674875088
4144.0  0.0216577913437414442  0.00205728535751354552
4158.0  0.0257009831684089640  0.00209893021382562966
4172.0  0.0221770378858845152  0.00206441135838033099
4186.0  0.0227341758698337525  0.00204457748534929646
4200.0  0.0277049066248847148  0.00210281715956354975
4214.0  0.0247230397368406810  0.00204646121151802127
4228.0  0.0241970518167702354  0.00202652433458395302
4242.0  0.0288814162359848046  0.00211117343920412493
4256.0  0.0228814561820437426  0.00203362451664858669
4270.0  0.0273046119016475200  0.00204392787965965682
4284.0  0.0252588924441881461  0.00196485078631261330
4299.0  0.0249067765392358351  0.00194070021941081684
4313.0  0.0269523275554031869  0.00200063221532888105
4327.0  0.0245180364455732588  0.00195851359651552257
4342.0  0.0251276130706019549  0.00196889854935185411
4356.0  0.0226126061397802398  0.00193568442344269889
4371.0  0.0192807426737569218  0.00186888839508345811
4385.0  0.0180476421168839739  0.00184769064444339245
4400.0  0.0151070129542135254  0.00179085584940001413
4415.0  0.0163455487220266794  0.00178761257659166162
4429.0  0.0144255549660310869  0.00175112329062051685
4444.0  0.0144211555423700583  0.00172947870033438836
4459.0  0.0131098547928880458  0.00169281287759589258
4474.0  0.0114864524319549886  0.00167992535588017502
4489.0  0.0187044039490255817  0.00179045443706695806
4504.0  0.0229415604984206205  0.00183476963726119931
4519.0  0.0222044909915938941  0.00182083791366737663
4534.0  0.0322936188968222376  0.00191322598451436603
4549.0  0.0387172597225957302  0.00193324489309852610
4564.0  0.0451652258898907269  0.00201918317286791781
4579.0  0.0462104683133430852  0.00203748513565042916
4594.0  0.0474215004060503723  0.00204726020354308079
4610.0  0.0447570038581202451  0.00199410822529637582
4625.0  0.0474818601683909616  0.00203764861264174764
4640.0  0.0532310888539793900  0.00211086550181897783
4656.0  0.0443678708487398113  0.00200207352529885307
4671.0  0.0386642160854435493  0.00194628140369171071
4687.0  0.0342160182580790381  0.00192784936850634949
4703.0  0.0275041905387013175  0.00184561535106832642
4718.0  0.0220140720535134914  0.00174971918106977100
4734.0  0.0196375028839873879  0.00173793559686025211
4750.0  0.0200610680830481669  0.00178688324158851608
4766.0  0.0216708689359530540  0.00187641007067801033
4781.0  0.0276778957690857995  0.00204959414584445160
4797.0  0.0243197023241708311  0.00212941873778411646
4813.0  0.0231351998981571515  0.00228370821875391056
4829.0  0.0254724331260307510  0.00248178255691650518
4846.0  0.0260487098671259958  0.00266969235260098572
4862.0  0.0247204462850873115  0.00281740656885880267
4878.0  0.0310776631526400067  0.00296751162223536733
4894.0  0.0345542245715680027  0.00297084793232454568
4910.0  0.0441553603039032058  0.00280294801792343616
4927.0  0.0462281673723453357  0.00277270855931439908
4943.0  0.0434961912092552763  0.00275197104764101155
4960.0  0.0436934376307474420  0.00462257128439380431
4976.0  0.0359174414110045442  0.00413357734493131034
4993.0  0.0375962379095860222  0.00341243128243234840
5009.0  0.0301544472664170352  0.00287431070032096369
5026.0  0.0259305810020892327  0.00256995153664850732
5043.0  0.0228906986624008262  0.00252002969297707331
5060.0  0.0243843135580269835  0.00247372898646101109
5076.0  0.0239492286743987169  0.00234379914088248984
5093.0  0.0267848691325763069  0.00227724699163975438
5110.0  0.0268056847931483037  0.00210496666677074690
5127.0  0.0238401829544208389  0.00196978191521296952
5144.0  0.0226519766572841896  0.00187021322073411145
5162.0  0.0253677464648869068  0.00180720862202649567
5179.0  0.0277586386837295369  0.00173094660495496646
5196.0  0.0327636428548886555  0.00172474107069448403
5213.0  0.0358394838380981448  0.00168532979570373918
5231.0  0.0377814454760556362  0.00165416272942842395
5248.0  0.0400286650779516640  0.00163295098321678857
5266.0  0.0415273059026085370  0.00160918158683068572
5283.0  0.0447156559508399692  0.00158020945587698542
5301.0  0.0482738002918116083  0.00158956153644638750
5318.0  0.0490806516223741759  0.00158591534631384633
5336.0  0.0452028388695380479  0.00153447161471944042
5354.0  0.0394217796188295472  0.00180653573886276390
5372.0  0.0460767354110262345  0.00280566907126103982
5390.0  0.0469095609436041006  0.00147092232460218925
5408.0  0.0478428712670815742  0.00143410817656292782
5426.0  0.0580898983610992209  0.00147013768819121413
5444.0  0.0683419571257083275  0.00151078509043998097
5462.0  0.0738191665486724186  0.00153794879220530865
5480.0  0.0821846356252898119  0.00156507045229162885
5498.0  0.0838319079352887742  0.00153849803862387137
5517.0  0.0825753920818735887  0.00148869683381513030
5535.0  0.0799783106446971259  0.00143842968406304381
5553.0  0.0762879411996373741  0.00140090040958334408
5572.0  0.0746477882656191027  0.00138289041289002415
5590.0  0.0733321393382411896  0.00134896035164095091
5609.0  0.0655894489214794291  0.00127422071538540408
5628.0  0.0604889355374148216  0.00124999537913491232
5647.0  0.0521735349620637834  0.00120696563895349726
5665.0  0.0499869358964128499  0.00144778509016031676
5684.0  0.0402416653386693246  0.00116616098242131082
5703.0  0.0371778639251749213  0.00107112193600476455
5722.0  0.0358875897537933447  0.00103966993979677925
5741.0  0.0394721495031851513  0.00105585713373739475
5760.0  0.0463082087084013549  0.00106656307940115403
5780.0  0.0464344607403036139  0.00106584492937228099
5799.0  0.0520825862576683313  0.00106952594873509959
5818.0  0.0541023632116743383  0.00104983063509448533
5838.0  0.0572716753667269068  0.00106214859228709801
5857.0  0.0583833079013724790  0.00105538508268279946
5876.0  0.0533125928443543909  0.00101310226921700209
5896.0  0.0528671082314961446  0.00098533152294928467
5916.0  0.0497104389295202481  0.00096738592499214979
5935.0  0.0478042016683483742  0.00095265709017989869
5955.0  0.0402777761537190457  0.00089866983117626155
5975.0  0.0358095629120683684  0.00087336123933659103
5995.0  0.0322106487128391711  0.00086660089543750575
6015.0  0.0324916632420198317  0.00085724576335928374
6035.0  0.0300425332943161476  0.00085025549743384190
6055.0  0.0341433634641155129  0.00137945679968609213
6075.0  0.0287856353580127448  0.00095860079743852037
6095.0  0.0301523963205981849  0.00078778348952156924
6116.0  0.0314566367578049955  0.00095966946816881829
6136.0  0.0279020410974143533  0.00080495371485688806
6157.0  0.0249533036727110739  0.00071141649066187287
6177.0  0.0246295404395273608  0.00069547740837028345
6198.0  0.0278301006160547974  0.00070160139422803384
6218.0  0.0311709992409208922  0.00074426832592614509
6239.0  0.0331229007135965398  0.00073209070682291369
6260.0  0.0313981741067167683  0.00072747471425158201
6281.0  0.0320658600913151862  0.00072568475818429344
6302.0  0.0331198766732324623  0.00073383075975193659
6323.0  0.0339350712263323737  0.00072608025541215262
6344.0  0.0388026444640891047  0.00073363647268630987
6365.0  0.0450077886060791729  0.00075094861057309120
6386.0  0.0480594718171903565  0.00075802863751507079
6407.0  0.0530520936441676583  0.00077002039944620599
6429.0  0.0600598932565566471  0.00079555342273872581
6450.0  0.0623112895002545103  0.00080664030400562066
6471.0  0.0645622933101638319  0.00080233169898613209
6493.0  0.0662418939776936028  0.00080157891704198364
6515.0  0.0641482900670615197  0.00078611729369751371
6536.0  0.0640086145936335504  0.00078557053664319622
6558.0  0.0615514096990002896  0.00079157414172694265
6580.0  0.0583868472689342347  0.00081890495083168310
6602.0  0.0552392321914537826  0.00083552445398951463
6624.0  0.0494711892205486475  0.00079297513804673595
6646.0  0.0440184366329861854  0.00074465133796886810
6668.0  0.0371329983506637762  0.00068750778750036111
6690.0  0.0333187804138549148  0.00064871743303688905
6713.0  0.0321969838991744972  0.00063770143229024251
6735.0  0.0309563084018804925  0.00060530202805323893
6757.0  0.0311716736095869820  0.00059631442559715823
6780.0  0.0299061678921231228  0.00059976780321646271
6803.0  0.0279220740631085582  0.00057624304410939663
6825.0  0.0288488211074601347  0.00057758439820985302
6848.0  0.0277349978191278532  0.00056504404227190788
6871.0  0.0263234687397685477  0.00056281197418871155
6894.0  0.0266612740174404922  0.00057257038514357068
6917.0  0.0276970860729669373  0.00057669088313742358
6940.0  0.0276485582556174683  0.00056848252125084309
6963.0  0.0261034969294174600  0.00069838748685964144
6986.0  0.0259029913445811416  0.00060836868710010389
7009.0  0.0247853122118585449  0.00067845985741297283
7033.0  0.0231628443186633719  0.00062421046756269845
7056.0  0.0219852739689338980  0.00062903553888823700
7079.0  0.0212159526705826204  0.00059432604604961958
7103.0  0.0214367141246832905  0.00056895153589960924
7127.0  0.0235296082712035982  0.00057704581456073255
7150.0  0.0252259588149901237  0.00056452583260739467
7174.0  0.0278722514429695402  0.00055524045964595436
7198.0  0.0306393096583300779  0.00061272325212334317
7222.0  0.0293715308629462317  0.00055757946134749341
7246.0  0.0295799721231922927  0.00061116166639285511
7270.0  0.0264948922155634828  0.00055276900307702664
7295.0  0.0294124847434431083  0.00060409217690839427
7319.0  0.0263962738944000935  0.00092663029524014181
7343.0  0.0315736969845169593  0.00079341869889229403
7368.0  0.0338177322183219678  0.00066379097279031058
7392.0  0.0340408294050079177  0.00060792499773084480
7417.0  0.0377744114322275809  0.00074451871696700422
7442.0  0.0361404212047837167  0.00065288667788460813
7466.0  0.0324755657350854487  0.00070548140651386835
7491.0  0.0292334704779266125  0.00066943340597348995
7516.0  0.0259916887034392502  0.00066168773313642743
7541.0  0.0254508023258595666  0.00061785536384820346
7566.0  0.0290533148405447104  0.00073566394833043600
7592.0  0.0316161823932885264  0.00067358183846153981
7617.0  0.0323716188249536102  0.00075241271796270409
7642.0  0.0379149627151172466  0.00066674084324434694
7668.0  0.0367901048370279857  0.00072128796416481259
7693.0  0.0380381051163831418  0.00071033008702567509
7719.0  0.0368460629609507484  0.00069970445811917356
7745.0  0.0359000813519546255  0.00062994235638582253
7770.0  0.0346786830034481464  0.00060892045781741179
7796.0  0.0307025901761026378  0.00059510023892334182
7822.0  0.0306023857497838142  0.00058166783248228234
7848.0  0.0282412013773801797  0.00057693711718326832
7874.0  0.0258662104069378000  0.00057249752444937015
7901.0  0.0234787093738959771  0.00053776510296849457
7927.0  0.0225156482828842708  0.00053450411398669215
7953.0  0.0201582439981361598  0.00055294658702991059
7980.0  0.0195268281378021928  0.00075038346030842948
8007.0  0.0188814843522036244  0.00054104146656247369
8033.0  0.0196422628368970106  0.00077845543392798041
8060.0  0.0180924272369273782  0.00063763205056998457
8087.0  0.0182232540694730639  0.00070056663158681650
8114.0  0.0158402347722974395  0.00067257324763697688
8141.0  0.0135388890113858577  0.00064892623110181463
8168.0  0.0099024311145117748  0.00050697625607549492
8195.0  0.0054752845960910198  0.00045874027290925570
8222.0  0.0047908282426826921  0.00045151286503834233
8250.0  0.0052124864420203983  0.00040964978541188206
8277.0  0.0058634344970414313  0.00047298089138555734
8305.0  0.0064084257053410596  0.00073137053485239660
8333.0  0.0070357190500983866  0.00075404938506342474
8360.0  0.0076112934295682350  0.00052802035039286287
8388.0  0.0088599092999099970  0.00043206020746181038
8416.0  0.0108955433325394514  0.00053962646033459615
8444.0  0.0146533452049704693  0.00081482575121930229
8472.0  0.0200565892545398541  0.00055572772871216385
8500.0  0.0264770257702260439  0.00090607192983759249
8529.0  0.0320734359850963074  0.00068746851676301172
8557.0  0.0335864898952439178  0.00084987568236384863
8586.0  0.0344049086648231181  0.00082284737156477084
