#@Telescope UH88 
#@Reference Saunders et al. (2018) 
#@Redshift 0.0  
#@Spectrum Train_SN41_2.dat 
#@SN-Name Train_SN41  
#@Phase -2.925 
#@Survey SNFactory 
#@SN-Type SNIa 
#@Units Flux 
# 
# WAVE : 
# SN_SPEC : 
# SN_ERR : 
#end 
3305.0 0.044159510132006224    0.00270328942380196639
3317.0 0.051103752678899161    0.00272326750535203596
3328.0 0.047972255964674478    0.00257850461576850229
3339.0 0.050818747642072254    0.00263259290045249512
3350.0 0.054977492548504529    0.00257699555973780765
3361.0 0.053870005041687048    0.00252082969122392276
3372.0 0.059112119810504696    0.00257076214416051586
3383.0 0.060392947431614948    0.00257469381957448149
3395.0 0.058029123097652006    0.00250888463003474949
3406.0 0.062972621359576791    0.00235427568324423232
3417.0 0.065913456512159740    0.00239133948046573981
3429.0 0.063744448375244622    0.00242877368608984115
3440.0 0.068914649505383688    0.00243327603544386904
3452.0 0.081298874980719402    0.00252015630488078941
3463.0 0.082436549960526781    0.00246172436326793460
3475.0 0.087399518349419572    0.00243853364148750472
3486.0 0.083632249367649472    0.00231227903420919102
3498.0 0.092881646961022496    0.00236928376003464614
3509.0 0.097292268363762396    0.00243359078073190861
3521.0 0.097622442872533730    0.00244822372902488237
3533.0 0.097766925878966696    0.00241210206808665020
3545.0 0.095972079118425285    0.00232261930829971317
3556.0 0.097847993421716239    0.00225233944644296670
3568.0 0.103956297739643572    0.00225399330508300241
3580.0 0.098466465728490410    0.00220153242876346003
3592.0 0.093820032771044601    0.00215913336255448094
3604.0 0.086022505416074618    0.00208480435864764110
3616.0 0.084519996239584977    0.00206061398332120158
3628.0 0.075976930589216757    0.00195291001488255415
3640.0 0.064081275894787001    0.00183755582354193196
3652.0 0.057859002289091792    0.00179629695741768741
3664.0 0.048877190031299360    0.00170350067567439766
3677.0 0.042104768024143147    0.00161939015724239539
3689.0 0.033424764094145097    0.00153876503651854675
3701.0 0.031156973255206801    0.00147137902673835554
3714.0 0.029223480776450001    0.00141022085637649078
3726.0 0.028797118648066118    0.00145531953459731764
3738.0 0.032308640368558968    0.00144639708816033936
3751.0 0.034975266008486772    0.00149318847483532070
3763.0 0.037481260227834004    0.00148649465114049600
3776.0 0.043836666949845365    0.00151373134387790937
3788.0 0.050415029380139739    0.00156139874446687126
3801.0 0.053367201486170995    0.00154048553946971724
3814.0 0.059072367491998276    0.00159672519404232063
3826.0 0.072043976383950339    0.00168469686948006093
3839.0 0.082739065578203388    0.00170505722662475266
3852.0 0.093630139515523736    0.00183815967257035034
3865.0 0.109070973426902473    0.00203040059771972736
3878.0 0.121720810321403333    0.00200865361857143323
3891.0 0.126266202148077766    0.00193053584746732650
3904.0 0.136358006980505736    0.00194319331284900144
3917.0 0.139756248549569306    0.00193684245878759194
3930.0 0.137573785108567159    0.00191090654222752479
3943.0 0.135801431604097883    0.00190731310424559750
3956.0 0.132093139092622158    0.00194625869782416756
3969.0 0.116597468387462863    0.00185091277022037676
3982.0 0.113189709226066457    0.00181859370227218688
3995.0 0.113834986491042525    0.00176841812768717128
4009.0 0.110450705352414663    0.00169610844880532514
4022.0 0.111198201106419980    0.00170938137246209832
4036.0 0.122015603660103292    0.00173899635475715272
4049.0 0.123255974629065845    0.00170811385772954584
4062.0 0.132976876595174098    0.00176359060291610874
4076.0 0.137017559841401099    0.00179857002585366642
4090.0 0.138479011107472294    0.00176736141492086509
4103.0 0.139997831857129884    0.00173233298114656748
4117.0 0.125902275041763878    0.00166962464217615858
4131.0 0.119055987890366963    0.00164030484156945495
4144.0 0.119386940836683650    0.00163765209323251401
4158.0 0.112071555115723684    0.00160477128677581475
4172.0 0.111119692628289080    0.00161108226680869624
4186.0 0.106996259713134215    0.00157669965219218197
4200.0 0.103244324913049509    0.00154733594853961052
4214.0 0.099764243981425596    0.00150009855417249809
4228.0 0.092960556701375069    0.00149597925491419515
4242.0 0.087070735276156053    0.00146295622621279747
4256.0 0.084100199599469933    0.00143996590108867208
4270.0 0.076899134629526272    0.00138953613803560034
4284.0 0.067967892579340355    0.00130959388595329289
4299.0 0.066621013065652671    0.00128913753079879672
4313.0 0.068989111899785335    0.00128584768673660780
4327.0 0.078838557965989792    0.00134813751990124739
4342.0 0.082130975937398432    0.00137719902448197912
4356.0 0.085535900168312695    0.00139413141703861789
4371.0 0.086820396385396043    0.00136737821796847534
4385.0 0.088900635176440354    0.00137793421145383939
4400.0 0.087212081955315365    0.00137789860550574950
4415.0 0.083752455876482751    0.00133746689186613416
4429.0 0.083565254733409325    0.00133596771217454739
4444.0 0.085930860849961904    0.00134608330460025700
4459.0 0.094541901535990361    0.00136873153762099025
4474.0 0.097715797540488314    0.00139024833024741748
4489.0 0.104968555666138386    0.00141073506661322924
4504.0 0.107566272329854440    0.00141703491173049965
4519.0 0.110013929769531782    0.00142469243735180166
4534.0 0.106122820951865579    0.00139779654513955674
4549.0 0.104505066526718857    0.00138723358519604362
4564.0 0.108003299412236173    0.00138657949562071719
4579.0 0.103525908156806762    0.00137505145419230114
4594.0 0.104101034903502226    0.00137331627679095005
4610.0 0.102499629178826657    0.00134565565835828549
4625.0 0.097000318671841515    0.00133139610732386018
4640.0 0.087607228826389508    0.00127684016539295455
4656.0 0.083915207284678356    0.00125116729831566478
4671.0 0.079434907371748534    0.00124879725353485680
4687.0 0.076591304827447845    0.00124341542521361876
4703.0 0.077692768437097617    0.00123038904485049043
4718.0 0.074964860370384745    0.00120595649150006179
4734.0 0.074237929051429716    0.00120781474769774268
4750.0 0.070259302687019756    0.00120363018661373881
4766.0 0.068365522663285425    0.00121941134980069221
4781.0 0.070705356687197102    0.00127049504140999301
4797.0 0.071042061103563606    0.00131761241804696544
4813.0 0.067783901748020917    0.00136611771084128083
4829.0 0.062278022948953474    0.00141050739525540726
4846.0 0.056348146831904068    0.00145841534688661081
4862.0 0.056896782195059677    0.00155689567426851557
4878.0 0.054953802164830798    0.00160014697462774937
4894.0 0.059264326286180280    0.00166013778059586454
4910.0 0.064037894411104385    0.00166679696388971101
4927.0 0.057997216774649404    0.00156094978570231295
4943.0 0.060888746081943876    0.00142162984211652061
4960.0 0.059467771748018081    0.00138340756303745598
4976.0 0.059689035205327701    0.00148035611022508638
4993.0 0.066384117055332606    0.00211325053047074817
5009.0 0.064469510359878593    0.00177397354796146557
5026.0 0.063386421220275588    0.00156901066937570680
5043.0 0.069804056777413817    0.00155800401266803089
5060.0 0.069098763762817803    0.00153852498406735851
5076.0 0.077038723722957475    0.00156140497623417094
5093.0 0.082524586060426522    0.00153310321349253340
5110.0 0.085328841306690606    0.00146468128121596567
5127.0 0.084446882916299371    0.00139313518562332941
5144.0 0.080778014529264017    0.00131099909419587135
5162.0 0.079201798629895959    0.00124574777702360731
5179.0 0.080533731613646742    0.00120015861475571226
5196.0 0.081315853641187499    0.00117787124362897576
5213.0 0.081042758186638225    0.00113198234889894870
5231.0 0.071385703288072366    0.00104761961517283331
5248.0 0.063180663821500713    0.00099552108709257715
5266.0 0.060683820630410577    0.00095157889182043566
5283.0 0.053500307781211794    0.00088712646115530678
5301.0 0.052614845499077446    0.00086160211546850579
5318.0 0.054456984848280966    0.00086664637524209976
5336.0 0.059962757778881846    0.00088197637725120881
5354.0 0.063006723834652875    0.00088655841192780542
5372.0 0.063719990180124628    0.00086705680220547105
5390.0 0.059655329910051513    0.00103980369415662991
5408.0 0.057159879216199500    0.00086507526793035193
5426.0 0.051761777701030888    0.00076494351959625873
5444.0 0.050174117423164549    0.00074503422561564736
5462.0 0.048674593052723591    0.00072902846081389144
5480.0 0.053519294717528920    0.00073498975811258434
5498.0 0.060195088330367005    0.00074570395200053289
5517.0 0.067583613969050327    0.00075713561944157446
5535.0 0.072054620931904900    0.00075467035366454387
5553.0 0.071006755615886097    0.00074554178908795737
5572.0 0.070354969507714402    0.00073752763469076238
5590.0 0.071265791214245158    0.00072638059253849743
5609.0 0.071043916977396593    0.00071335300585003119
5628.0 0.072290813145217625    0.00071679417857007418
5647.0 0.073171460642721037    0.00071135791080631158
5665.0 0.072389762262449892    0.00070170874263816201
5684.0 0.071465965426044942    0.00069690909154518658
5703.0 0.066632620192314182    0.00069585857704299752
5722.0 0.062843236742713401    0.00064974033263785454
5741.0 0.059785163981277013    0.00062914534935417656
5760.0 0.059702458694094754    0.00062138615239519415
5780.0 0.058328036997478572    0.00060838472093488114
5799.0 0.061772411744796335    0.00061429668239680396
5818.0 0.063653650073046270    0.00060606203425782866
5838.0 0.064949371871903139    0.00060407083515799556
5857.0 0.064754507909758591    0.00060055836062289391
5876.0 0.066372079064832168    0.00059419645765981756
5896.0 0.064087695473818512    0.00057508683233670004
5916.0 0.065010875157554174    0.00057553206994408494
5935.0 0.066719631494108617    0.00058018500117960610
5955.0 0.067855442715520686    0.00058298827243128521
5975.0 0.064438569277090407    0.00057001681578579559
5995.0 0.061712858280658978    0.00055465773728273038
6015.0 0.060613418047808482    0.00054363410735092967
6035.0 0.052802306651755261    0.00051842660040039130
6055.0 0.043625741132649776    0.00048047779900076045
6075.0 0.033393252268260711    0.00043780273924590645
6095.0 0.027070694477414958    0.00054875582203823398
6116.0 0.025648274038730691    0.00038640004957899576
6136.0 0.025883953116501209    0.00038083069749584642
6157.0 0.028560712157976530    0.00044331077452002600
6177.0 0.035053762725358061    0.00041014359609908792
6198.0 0.041327481634190248    0.00043001914600400507
6218.0 0.048502325413343823    0.00045079808706832133
6239.0 0.054309684290080866    0.00046849832265936903
6260.0 0.058012572404217241    0.00047892633835941374
6281.0 0.061202864529057960    0.00048755953641029562
6302.0 0.064309406194307916    0.00049102766338191201
6323.0 0.063717704778778431    0.00048586308902817221
6344.0 0.063067557647110972    0.00048232792260533063
6365.0 0.062549396084269751    0.00047095488005709034
6386.0 0.061357448174083853    0.00046419315032473547
6407.0 0.060642268136684621    0.00045386427466908219
6429.0 0.058374965732610237    0.00044474247176248756
6450.0 0.055237230160230882    0.00043509528375580757
6471.0 0.055548254279856366    0.00042928834635833524
6493.0 0.051955509494257895    0.00041448678835809765
6515.0 0.051784288061446929    0.00041192866242558188
6536.0 0.049276311425564004    0.00040548969619234648
6558.0 0.047850065471088409    0.00041766358840711657
6580.0 0.044968730948289175    0.00039976480703743416
6602.0 0.045048714517220756    0.00039970568375209930
6624.0 0.043641400617959077    0.00038842370324549113
6646.0 0.042701099496747129    0.00041660300530574671
6668.0 0.040894232721958482    0.00039350245555505733
6690.0 0.041330155637303571    0.00038075554404777226
6713.0 0.039909260272389849    0.00037245845268276203
6735.0 0.037802202441420761    0.00035858934761438902
6757.0 0.037226352201048730    0.00035131648472623442
6780.0 0.036532910252506344    0.00034761312277815573
6803.0 0.036412171426363389    0.00034112196579267820
6825.0 0.035846321264053287    0.00033919863270115360
6848.0 0.035049588711503002    0.00033597680167004945
6871.0 0.034071002182768373    0.00032836870179677629
6894.0 0.034586417117506908    0.00033105948893773993
6917.0 0.033759012028317957    0.00032987195422951303
6940.0 0.033551345604447273    0.00033177262945137539
6963.0 0.033941796452230583    0.00033428284464234422
6986.0 0.034036291633652134    0.00032878683594475652
7009.0 0.033239809835426293    0.00036259005188802516
7033.0 0.032892296893105057    0.00035007313646818518
7056.0 0.033259593272368222    0.00033707050513121336
7079.0 0.033511708149684113    0.00034282479388119622
7103.0 0.031926417245555033    0.00033819508678726526
7127.0 0.032588139759783051    0.00033545379290700859
7150.0 0.032299885377060709    0.00032179798922460883
7174.0 0.031611587342059280    0.00031084013784991892
7198.0 0.030897155529844112    0.00030919979024653191
7222.0 0.031285159642901510    0.00031240086959623134
7246.0 0.030167513565688642    0.00030765742040428991
7270.0 0.030209680947404113    0.00031166220239772975
7295.0 0.029394962845750092    0.00030405613129796944
7319.0 0.027682357161918816    0.00030603371445330358
7343.0 0.026770068869752715    0.00035845956587229167
7368.0 0.026532134636824235    0.00040581655073949392
7392.0 0.025759274141373516    0.00035085102346170979
7417.0 0.024420815559083722    0.00029828291873894059
7442.0 0.021248384499021916    0.00027889897397534972
7466.0 0.021288213984031711    0.00031010047964923228
7491.0 0.021571287257014449    0.00029956713229625803
7516.0 0.022298961672545310    0.00029250353016061073
7541.0 0.024118006354717784    0.00030672623052477560
7566.0 0.023932637131131515    0.00030969320974376971
7592.0 0.024854459593237340    0.00032142871919960733
7617.0 0.025542390304242102    0.00031534360275935506
7642.0 0.024939339189650599    0.00031289288465670488
7668.0 0.024223622410980711    0.00032024998155570048
7693.0 0.023581521478899786    0.00029903077099945416
7719.0 0.025553205520440301    0.00031201390452090635
7745.0 0.025455543836681936    0.00030983594243787639
7770.0 0.026787729771151170    0.00031042827947866413
7796.0 0.028065101192869264    0.00030924416096544889
7822.0 0.026974049805353506    0.00029768290358927080
7848.0 0.026475489166032901    0.00029660947311259259
7874.0 0.023723647403580236    0.00028845546011009446
7901.0 0.022522293663431784    0.00028606911897977353
7927.0 0.021963284423452141    0.00028142271541743794
7953.0 0.019713855592642715    0.00027460336061161706
7980.0 0.018102294040700462    0.00026495692376233361
8007.0 0.017040133179219492    0.00029442924313556476
8033.0 0.016108540305449597    0.00029409426556143819
8060.0 0.016891899317625518    0.00029000232181340831
8087.0 0.017249033987463653    0.00029730918345633698
8114.0 0.016930345554440122    0.00029602685390531014
8141.0 0.017330686493657006    0.00029725392098681912
8168.0 0.017113188630116880    0.00028929605785923469
8195.0 0.016285609005866477    0.00028224887206566927
8222.0 0.015886782954518213    0.00027414345064908963
8250.0 0.015537905104350975    0.00024955189379725657
8277.0 0.015817390788873995    0.00025600696648956300
8305.0 0.016444047666396226    0.00025547064655496879
8333.0 0.017429051616502156    0.00028220867141811061
8360.0 0.018735523026078466    0.00030662413757193531
8388.0 0.020750737063168257    0.00030978448826756778
8416.0 0.022462864843945891    0.00028088136448644317
8444.0 0.025178091394045348    0.00028503416113868089
8472.0 0.025897456441939627    0.00034555469404528514
8500.0 0.026522775441589840    0.00033753812523090249
8529.0 0.026359512921199302    0.00035480413108810458
8557.0 0.027407221914809442    0.00033773876512107161
8586.0 0.025642249949128709    0.00034788684948934724
