#@Telescope UH88 
#@Reference Saunders et al. (2018) 
#@Redshift 0.0  
#@Spectrum Train_SN6_6.dat 
#@SN-Name Train_SN6  
#@Phase 10.350 
#@Survey SNFactory 
#@SN-Type SNIa 
#@Units Flux 
# 
# WAVE : 
# SN_SPEC : 
# SN_ERR : 
#end 
3305.0 0.056383122040650602    0.00507577868478103003
3317.0 0.068478555012306416    0.00503598405543391383
3328.0 0.077482345891141266    0.00505220125287587744
3339.0 0.082784583969112341    0.00493240998219869262
3350.0 0.077115181240019967    0.00475353219757663949
3361.0 0.073083816753353223    0.00466547993129857053
3372.0 0.088947272506032390    0.00461900789806058299
3383.0 0.083553846327184836    0.00455208504619735669
3395.0 0.089836735176535731    0.00463902724994065974
3406.0 0.084574999126477327    0.00448968869961702613
3417.0 0.076843186679711725    0.00446852277249453270
3429.0 0.091531802754039673    0.00446899490488259638
3440.0 0.101527798732223076    0.00436464832721539676
3452.0 0.093821416371657709    0.00432742464483639334
3463.0 0.093037112815255674    0.00438685655271137901
3475.0 0.103560423993548478    0.00436765879211149788
3486.0 0.122167804197668692    0.00437943050976984105
3498.0 0.143095074332714595    0.00444926128427614899
3509.0 0.155108180852183697    0.00449552684461486038
3521.0 0.165643957913902046    0.00462678985044857102
3533.0 0.169414065837304645    0.00460479777904960336
3545.0 0.191612715169924369    0.00461344659260162944
3556.0 0.198476695717960838    0.00448229081245467807
3568.0 0.213481285039149954    0.00446749711260462090
3580.0 0.227937097670455363    0.00451682988515245739
3592.0 0.217069995952867106    0.00435842049910143640
3604.0 0.211533465013205385    0.00431413851725513144
3616.0 0.202557743572380738    0.00421828549895511985
3628.0 0.203916474368036255    0.00417996888374928821
3640.0 0.212855719513657587    0.00420412346019625755
3652.0 0.241349237709743314    0.00433202965178669953
3664.0 0.264494980394184342    0.00443338062382400613
3677.0 0.257120086368903988    0.00437943745227430473
3689.0 0.222923879601686775    0.00415151303975106172
3701.0 0.188100286239561043    0.00386562973672013128
3714.0 0.170764048626212028    0.00366009145731690426
3726.0 0.146246728295854583    0.00349230244035946642
3738.0 0.137807103734691433    0.00334588249126756927
3751.0 0.115348106536531228    0.00327540943688087605
3763.0 0.107527348428910569    0.00325788926356140179
3776.0 0.100478270462278252    0.00315061791114289603
3788.0 0.097933034415002562    0.00303941243856152609
3801.0 0.111713091824908947    0.00311485623385978792
3814.0 0.122291878517394176    0.00317706789725915326
3826.0 0.150440727085111831    0.00333523805575381164
3839.0 0.185941472755615789    0.00359144250243193918
3852.0 0.219245026040293278    0.00374110098096290793
3865.0 0.269795153881342065    0.00399900526517831065
3878.0 0.308280900125944557    0.00425824669655667978
3891.0 0.335371283937317632    0.00450506749043672744
3904.0 0.364150539372491422    0.00443783280377663038
3917.0 0.374315091359253227    0.00428944541612941849
3930.0 0.372596005728546620    0.00419868939222340243
3943.0 0.377961538980416178    0.00418738606431092071
3956.0 0.364693352143440674    0.00413231679280249946
3969.0 0.333877684550441922    0.00402501609322695672
3982.0 0.292641992995664069    0.00396958627603955904
3995.0 0.272882359251744200    0.00380999450396677947
4009.0 0.261969033992219991    0.00361601036089859726
4022.0 0.257300965237717394    0.00354820228635399117
4036.0 0.272885144916633515    0.00356081837863194122
4049.0 0.278715922536194038    0.00350977473101638134
4062.0 0.290634429177565656    0.00360104838356502168
4076.0 0.285718000695979857    0.00357698821937525290
4090.0 0.292760117816409038    0.00354347498405131875
4103.0 0.285619397501179095    0.00344148456413838127
4117.0 0.287744035064662229    0.00343898930598997158
4131.0 0.284677784461862871    0.00342828009977876698
4144.0 0.289056398776388113    0.00343886447125731293
4158.0 0.291736381418601476    0.00349462773527527094
4172.0 0.304012790152939028    0.00354228442501163584
4186.0 0.305573418707644262    0.00353809448780777538
4200.0 0.300170801981376745    0.00349768090628813219
4214.0 0.289932882976210560    0.00344596989115658441
4228.0 0.280698666349824932    0.00338525936274843876
4242.0 0.269354407694658238    0.00333967842449549735
4256.0 0.249870228818526635    0.00323145108209577049
4270.0 0.243940129015294993    0.00316166669563421304
4284.0 0.225561382367881230    0.00304654595904785708
4299.0 0.217238065939017427    0.00296166072561157524
4313.0 0.205278745373852656    0.00289022611461538454
4327.0 0.199314904106473095    0.00287061930607628198
4342.0 0.186940686911591464    0.00284309023782966302
4356.0 0.179582082376172625    0.00278769868126184980
4371.0 0.174130228622990879    0.00271235215726161206
4385.0 0.169728706586393857    0.00268209467938242824
4400.0 0.167733770059897952    0.00269096249919577877
4415.0 0.179536805941539451    0.00270493497841297389
4429.0 0.188275232637555134    0.00273976035340198253
4444.0 0.208700403620370650    0.00282323595035628358
4459.0 0.222986053839972331    0.00285796241921529087
4474.0 0.235189414281998133    0.00293724523703968367
4489.0 0.254093427990801535    0.00299482753365311110
4504.0 0.266331043941569978    0.00304769126201676630
4519.0 0.281182871236860199    0.00310306232867500666
4534.0 0.303239524737865196    0.00317174704978275641
4549.0 0.309761335140883221    0.00318881395861700997
4564.0 0.311846611170927102    0.00317090173516823516
4579.0 0.309796013832987771    0.00318476650680736507
4594.0 0.309156472454273079    0.00316459837681552260
4610.0 0.304474930081338802    0.00312147100585986144
4625.0 0.291415906110643441    0.00310640275198803941
4640.0 0.287214000017768811    0.00308706702991045972
4656.0 0.247139672515227116    0.00288713010935445682
4671.0 0.240037109007003147    0.00289074251248697209
4687.0 0.229446960137319411    0.00287363724384181573
4703.0 0.205819461226954409    0.00276091079279076413
4718.0 0.186451242046958482    0.00265442006013009036
4734.0 0.168930497933752449    0.00256502084270922347
4750.0 0.154579697877912703    0.00249696388654716082
4766.0 0.156730672248558939    0.00254825969944359916
4781.0 0.158031365554203079    0.00261817315331422341
4797.0 0.155921035579106498    0.00267595571087314186
4813.0 0.148631437571866726    0.00276890666396390275
4829.0 0.137802158295449700    0.00284356100998558580
4846.0 0.129470769608992148    0.00296328606416748066
4862.0 0.134400236002018530    0.00320206854066994520
4878.0 0.147385072484083862    0.00348808971127217765
4894.0 0.170398279036726108    0.00380568714658569181
4910.0 0.187769452076207793    0.00385080790403090952
4927.0 0.181587651387807303    0.00349593442691451331
4943.0 0.158010309024143009    0.00332069368610668231
4960.0 0.142684447116457891    0.00432626435565138055
4976.0 0.145460720402594224    0.00598129652737404687
4993.0 0.126512535673303006    0.00515522060299978407
5009.0 0.123191929182101936    0.00425228759595257331
5026.0 0.139506864345530834    0.00357871511761150484
5043.0 0.151816259697558797    0.00343329291262752401
5060.0 0.164785533668435874    0.00342832764077223530
5076.0 0.170867211721562440    0.00342188058655383412
5093.0 0.184803645905873032    0.00342363898340227553
5110.0 0.188223616492227519    0.00328786975446347185
5127.0 0.202673846709691186    0.00319275686578010488
5144.0 0.214127852632353399    0.00310419357002257243
5162.0 0.223666604086637910    0.00298539911446303553
5179.0 0.233786011697083129    0.00288990299411167814
5196.0 0.236155251449754466    0.00281903141197101638
5213.0 0.234742736255814904    0.00270751634715864697
5231.0 0.230792969823876370    0.00260467447505396445
5248.0 0.218436612821990311    0.00252088931767499320
5266.0 0.201930332701876325    0.00237459169857859699
5283.0 0.190397967531179851    0.00224997734964444210
5301.0 0.186954898092500210    0.00218861574718503746
5318.0 0.187058646104307447    0.00216746961840832324
5336.0 0.183067212444918387    0.00214423133952116500
5354.0 0.174554111005062018    0.00207325399236749563
5372.0 0.168575471946386002    0.00212886214962912379
5390.0 0.172022661121196435    0.00197781924076992832
5408.0 0.163272297568421931    0.00190217091733462570
5426.0 0.165130052357916640    0.00186704510064902439
5444.0 0.162467442036643456    0.00183529794461699080
5462.0 0.148489812943304600    0.00174889500489829194
5480.0 0.149244925865452127    0.00173564452579098882
5498.0 0.151924739294298589    0.00170060934585641974
5517.0 0.155734428501852901    0.00166344989744413680
5535.0 0.158354186580108081    0.00164023469534193308
5553.0 0.153443988617793042    0.00160237832684207208
5572.0 0.150275332163113090    0.00157583157197294533
5590.0 0.145931144794028217    0.00153142420980746240
5609.0 0.141807931329424070    0.00149108751936410195
5628.0 0.134132527170224863    0.00146298807429794922
5647.0 0.133648449158420002    0.00144168094587235622
5665.0 0.128106125504372975    0.00141070011934786924
5684.0 0.124036778022710487    0.00139848480447499635
5703.0 0.116965573910719711    0.00133028622344793460
5722.0 0.120462082133952209    0.00133115777204879091
5741.0 0.122657251603693798    0.00132565817451082220
5760.0 0.130747307818904895    0.00132932691147524492
5780.0 0.141676464005093039    0.00134706890888514519
5799.0 0.154327159083225585    0.00137355026703796386
5818.0 0.164476547195261280    0.00137975709550902615
5838.0 0.170430092337718525    0.00138908027463578807
5857.0 0.173990086080414358    0.00138871994326174092
5876.0 0.177532292732954206    0.00137319538930691571
5896.0 0.170841967721566873    0.00133030452397961602
5916.0 0.171171678162350877    0.00131904223996413827
5935.0 0.159488085147685948    0.00128104563446688005
5955.0 0.153892958032420729    0.00126551690621216125
5975.0 0.146747209223480918    0.00123876324308800061
5995.0 0.140009774488817018    0.00120452811478289333
6015.0 0.132762270399053417    0.00117424625133464287
6035.0 0.128433729688747084    0.00114953294623379183
6055.0 0.107404595491042851    0.00107868776210884548
6075.0 0.075711230951485853    0.00096647743523036204
6095.0 0.056525395167180546    0.00083208577131977258
6116.0 0.045527068382245656    0.00076611147934682686
6136.0 0.045705895369229803    0.00076207106347022107
6157.0 0.046504457102035594    0.00076018036102165393
6177.0 0.063169045193827655    0.00082834532799221550
6198.0 0.084263266380364757    0.00089179236536199519
6218.0 0.096890271199910158    0.00093488666077910288
6239.0 0.103434159214968097    0.00095884977154370101
6260.0 0.106899290927442811    0.00095906483070278990
6281.0 0.107616477210943973    0.00095545075366974450
6302.0 0.107191681722334439    0.00095259943742996317
6323.0 0.107407224936732271    0.00093825378498036435
6344.0 0.104187856268376455    0.00091992474461645424
6365.0 0.102723204060183565    0.00089957067023767659
6386.0 0.101149118424115628    0.00088773819708697944
6407.0 0.099338602169049536    0.00086639487641248039
6429.0 0.099032500290181194    0.00086347317169073641
6450.0 0.097772290124663291    0.00085736050712630215
6471.0 0.099922374883716580    0.00085328298059236796
6493.0 0.096880855345258796    0.00083180376804987022
6515.0 0.096109047307967224    0.00082058443048580571
6536.0 0.094678967063237404    0.00081656298662002359
6558.0 0.089295611922439289    0.00081979581070628900
6580.0 0.087610284856993487    0.00081728976841821308
6602.0 0.080695862080563688    0.00078351016972556516
6624.0 0.075312199991641918    0.00083216468806719169
6646.0 0.074163651846978734    0.00079173504863442950
6668.0 0.069671926272774798    0.00075360561277474627
6690.0 0.064593828125140820    0.00071443125732932773
6713.0 0.062764686175487597    0.00069424479183443537
6735.0 0.060155385778804839    0.00067672991360511381
6757.0 0.057269179367442039    0.00065781910041136599
6780.0 0.057462065219602072    0.00065585353945590537
6803.0 0.057333271205981057    0.00064944361671192424
6825.0 0.056434074150901105    0.00063977265914733040
6848.0 0.055533721858193143    0.00063655683831396548
6871.0 0.053724684815339561    0.00062742498100709849
6894.0 0.053280591894867627    0.00062809986209490828
6917.0 0.051201965309739000    0.00064010245525629678
6940.0 0.050004685767567544    0.00063411581903259271
6963.0 0.048202698029786710    0.00062456736055845801
6986.0 0.047993557882234555    0.00067031219728056401
7009.0 0.045482537008065399    0.00066741074207983260
7033.0 0.045064863828563027    0.00062778793914448818
7056.0 0.044404481114623279    0.00062514354192338983
7079.0 0.043889457624072016    0.00061839675222634112
7103.0 0.042779076137178969    0.00061238885143440362
7127.0 0.042598807475987627    0.00059711750471211865
7150.0 0.041536816111599532    0.00056945677393607558
7174.0 0.041221410798208617    0.00056795714723528452
7198.0 0.040968571192994324    0.00057656456941838051
7222.0 0.041144640122069830    0.00056577336646448538
7246.0 0.040070585568166457    0.00058257354300545535
7270.0 0.039787011948469890    0.00055751312321563836
7295.0 0.037092707926188351    0.00056072719237777410
7319.0 0.037303966977376500    0.00077764299634651586
7343.0 0.035652993982525173    0.00075868518144776387
7368.0 0.033146449351793485    0.00063819240309256073
7392.0 0.030138010490039953    0.00053426461937054488
7417.0 0.030028490899734316    0.00051711393148478832
7442.0 0.026323645552773639    0.00055543450398887163
7466.0 0.023975749490944172    0.00054186871962478439
7491.0 0.025105790758890602    0.00051074967956993376
7516.0 0.025286382760191371    0.00053962473962904664
7541.0 0.025297330992932559    0.00053847212849607827
7566.0 0.024199655177635043    0.00056343631789538054
7592.0 0.022563346767748849    0.00054093653310822846
7617.0 0.024271359607495820    0.00055043338064829340
7642.0 0.023383406751452371    0.00053310131032024716
7668.0 0.022026312234878106    0.00053529179381835482
7693.0 0.023086819979449582    0.00054856935519066599
7719.0 0.025216302918710007    0.00051485025683144974
7745.0 0.024904085465325885    0.00051672314787455783
7770.0 0.026554013249709362    0.00052167645890349181
7796.0 0.028089118662877326    0.00051846941802341897
7822.0 0.028314122694614020    0.00051242097893790467
7848.0 0.029313410569687143    0.00053498884909463219
7874.0 0.030205360468850442    0.00054855032509160031
7901.0 0.029039564076855127    0.00053484297931560008
7927.0 0.030175785319269430    0.00054825074882345172
7953.0 0.028004193401198970    0.00052104111105890087
7980.0 0.027397544070280895    0.00060420661898390269
8007.0 0.026564304775402257    0.00057616422149992940
8033.0 0.026844393165255342    0.00060891144900167347
8060.0 0.023390437652677357    0.00054271727645833069
8087.0 0.020485401229666765    0.00057116771450814625
8114.0 0.018823798046530674    0.00056604044636955955
8141.0 0.013612525841131330    0.00047971330022355098
8168.0 0.010928627241125715    0.00046488991396443258
8195.0 0.010303901428727136    0.00045676569908516327
8222.0 0.010625922440367067    0.00042391647824444333
8250.0 0.010012725053378286    0.00041583197634339705
8277.0 0.010917274853311841    0.00042155715556060734
8305.0 0.012083042882668614    0.00046130919151579251
8333.0 0.013784446614945434    0.00049192798434902370
8360.0 0.014625930873079595    0.00047604768851481049
8388.0 0.019096946427571905    0.00046962722906297553
8416.0 0.022860333852172364    0.00048298543105022184
8444.0 0.029194083445702033    0.00064375966322561976
8472.0 0.033358556657446192    0.00059183603996050310
8500.0 0.036200589092472556    0.00069728393613745665
8529.0 0.036157529831932884    0.00060937322735383191
8557.0 0.041326756587778804    0.00068855973177926668
8586.0 0.042287331405875803    0.00070794872707383909
