#@Telescope UH88 
#@Reference Saunders et al. (2018) 
#@Redshift 0.0  
#@Spectrum Train_SN22_23.dat 
#@SN-Name Train_SN22  
#@Phase 62.496 
#@Survey SNFactory 
#@SN-Type SNIa 
#@Units Flux 
# 
# WAVE : 
# SN_SPEC : 
# SN_ERR : 
#end 
3305.0 -0.00901780302559492854 0.00567835562148254810
3317.0 -0.00394236081389103248 0.00547231844967827064
3328.0  0.00601765844270279234 0.00523201662738142018
3339.0 -0.00282481678993788243 0.00507499743382900173
3350.0  0.00275564486005771539 0.00484346946669782837
3361.0  0.00844563915376937528 0.00495702946570765728
3372.0  0.01325395295928240465 0.00479122061465561341
3383.0  0.00421184129956437420 0.00478776835417582883
3395.0  0.00055155539315228754 0.00469315638249436732
3406.0  0.00564673305084044223 0.00450098382326339762
3417.0  0.00510436175174587992 0.00443461007142897413
3429.0 -0.00666462465722421956 0.00428100847645282879
3440.0  0.00373720471695277237 0.00429042910999340079
3452.0  0.01268101128782157631 0.00447708563533711842
3463.0  0.00012856008347469144 0.00437497718848547761
3475.0  0.00939891466140600415 0.00405857942243780748
3486.0  0.00301052846064663602 0.00376757989030920186
3498.0 -0.00154192360531796194 0.00386098851205766850
3509.0 -0.00135310388506858464 0.00384554385909329725
3521.0  0.01014604470304722277 0.00393483428645857117
3533.0  0.00710604393746717966 0.00396455131123987520
3545.0  0.00447076523819770442 0.00381017192306389594
3556.0  0.00149694878044626632 0.00371324515503209350
3568.0  0.00018686989193612629 0.00361621690695472031
3580.0 -0.00493501705137612458 0.00350411506646284643
3592.0  0.00243926320226859955 0.00355234068807638165
3604.0  0.00482252440168522666 0.00356479861616119595
3616.0  0.00481854756328816292 0.00353937381828514251
3628.0  0.00293966712733994022 0.00342810653544950569
3640.0  0.00257022273215897976 0.00331512594622232742
3652.0  0.01225119558706538186 0.00329335531315219816
3664.0  0.00508972463590750147 0.00325700841927351872
3677.0  0.00928584137150837742 0.00334903759723020628
3689.0  0.00842404291768571525 0.00324042474480110707
3701.0  0.01685691354579955947 0.00322334734799089272
3714.0  0.01173191383957712317 0.00302177691216990460
3726.0  0.01052448999321131673 0.00282104548208820301
3738.0  0.00380736328677711445 0.00286585162111404907
3751.0  0.00483013626810878394 0.00298058012369639041
3763.0  0.00135324813528265317 0.00295634597567603430
3776.0  0.00452292115177209842 0.00286147038835016633
3788.0  0.00542961099123866631 0.00290333976255604132
3801.0  0.00580785740035725216 0.00295106084866234757
3814.0 -0.00196537438515271157 0.00286206481607774194
3826.0  0.00830425678863432395 0.00257171233225146623
3839.0  0.00243393180521127685 0.00274034146724204180
3852.0  0.00983646279866838731 0.00280545954763895952
3865.0  0.00405480007317203604 0.00267719315293646039
3878.0  0.00449048945287519510 0.00299739722024280073
3891.0  0.00826564175831118360 0.00291830805262642762
3904.0  0.00652871550954219754 0.00281591777521102800
3917.0  0.01191142384861419538 0.00278549494573553449
3930.0  0.01202003567691655762 0.00271423118105579633
3943.0  0.00801048048041022066 0.00263295248123183870
3956.0  0.00981294345620368873 0.00267076619502120034
3969.0  0.00984896350164616782 0.00272847867141493916
3982.0  0.01145905229702325924 0.00280790512391552527
3995.0  0.01148545282405496679 0.00264179613547009789
4009.0  0.01212102644471365655 0.00262097404318372557
4022.0  0.01172743662309562451 0.00258323402388030768
4036.0  0.01243731381837254873 0.00251652172588430131
4049.0  0.01154561958185679367 0.00245919970528291976
4062.0  0.01157912730216654855 0.00242641729656725832
4076.0  0.01191483818793617581 0.00242349557519715847
4090.0  0.00981091314581879030 0.00237299220767612238
4103.0  0.00438829451333743858 0.00232726846728721062
4117.0  0.00569052565423580192 0.00227511283509514595
4131.0  0.00645178034906168478 0.00227457600069956795
4144.0  0.00914873184600863490 0.00228685324430013236
4158.0  0.00555665858815455362 0.00225422618978793343
4172.0  0.00450086462439685218 0.00222960645404161710
4186.0  0.00420903301774525843 0.00209877225073505473
4200.0  0.00869753693302612214 0.00217293185573273328
4214.0  0.00619287761080381579 0.00219578328991419571
4228.0  0.00636158296559223568 0.00217984621503931756
4242.0  0.00759910210810072536 0.00223357615848242003
4256.0  0.00648518502788811291 0.00221182949236605527
4270.0  0.01142624618292052696 0.00214354533935924010
4284.0  0.01599842478687466332 0.00213037532426500363
4299.0  0.01256185171777324250 0.00211581994356251730
4313.0  0.00903768437848695601 0.00208227905487357902
4327.0  0.00828985414163304658 0.00209338401647693895
4342.0  0.00854953735757590753 0.00208409571951075588
4356.0  0.00789935302888937485 0.00209401404350734264
4371.0  0.00646247864217045203 0.00204720707996631406
4385.0  0.00608035000411969329 0.00206330021632559688
4400.0  0.00433624502168095984 0.00203933698623964994
4415.0  0.00453627197344033412 0.00199309324438355943
4429.0  0.00635858293104300896 0.00198269032056537899
4444.0  0.00606762965346704843 0.00200916101511126183
4459.0  0.00499666796144506657 0.00195650983007072477
4474.0  0.00546575233663671150 0.00194904923273444674
4489.0  0.00719821198283740298 0.00194351961740439443
4504.0  0.00727695172910064296 0.00193571234101066699
4519.0  0.01283853235698024717 0.00191740102631641194
4534.0  0.01336833755154771645 0.00191049411472448555
4549.0  0.01125350016402327374 0.00186732067910322938
4564.0  0.00869039465639631116 0.00186016325435363144
4579.0  0.00991148609428843183 0.00184862940016493034
4594.0  0.01364106409362602843 0.00187477660538159087
4610.0  0.01115456374529375481 0.00184256963826153028
4625.0  0.01317179557361759790 0.00185973276070315846
4640.0  0.01354763071320163118 0.00182687639060290707
4656.0  0.01714919354319123512 0.00183234018891078655
4671.0  0.01234421529163710722 0.00182990040239646400
4687.0  0.01349677766902317860 0.00185683918850494613
4703.0  0.00876584910074117672 0.00181570802040857768
4718.0  0.00662950275634976906 0.00176162511607484413
4734.0  0.00932519629742900764 0.00172023242175441582
4750.0  0.00744000061054152402 0.00177854878159540907
4766.0  0.00485506577541834974 0.00180830461821369567
4781.0  0.01019542593931923626 0.00184501490796330531
4797.0  0.00884023094648051823 0.00191957011248477215
4813.0  0.00655520220058198374 0.00200436756459827737
4829.0  0.00667012319967209659 0.00210940266812940490
4846.0  0.01080232635951142162 0.00230292208306076811
4862.0  0.00645605210796851726 0.00250043050318639196
4878.0  0.00761894511379243751 0.00270511693281876194
4894.0  0.00336711300130066934 0.00283592965128454154
4910.0  0.00871755012124892856 0.00288648203036396232
4927.0  0.01088815113657546317 0.00289432766530740284
4943.0  0.00802402898845048888 0.00278612688098772319
4960.0  0.01053571318996482549 0.00261752994660731765
4976.0  0.00838700954625015357 0.00238238131973320024
4993.0  0.00602206987667716544 0.00242174145651697162
5009.0  0.00305708568730535517 0.00256345950107374210
5026.0  0.00600783098319029266 0.00247025658463871775
5043.0  0.00462756996662381462 0.00211791278965021241
5060.0  0.00084024588553661950 0.00201500763531839867
5076.0  0.00231345400445487175 0.00198361431654830393
5093.0  0.00418228078285473245 0.00194430754012981538
5110.0  0.00107849125479961695 0.00183522694888257811
5127.0  0.00434264961357388578 0.00172284602907742460
5144.0  0.00268637558167094705 0.00161289297575046881
5162.0  0.00145305873216272511 0.00153028338939968406
5179.0  0.00142077774179095355 0.00140390330545140285
5196.0  0.00363408963053507648 0.00134774529253396690
5213.0  0.00449355228507279138 0.00130566605776337441
5231.0  0.00243393947497437405 0.00123771971868742226
5248.0  0.00302695906873375400 0.00120920256092336173
5266.0  0.00477583736036431804 0.00115742310573853390
5283.0  0.00666985026369132285 0.00112483660648684722
5301.0  0.00547394227720300434 0.00107695377706337639
5318.0  0.00605906938483074652 0.00105944399964013518
5336.0  0.00548230205457223962 0.00104424330948391336
5354.0  0.00765667199653617160 0.00103077698835881402
5372.0  0.00700755104626616960 0.00100250156126397870
5390.0  0.00814381912502209690 0.00098303491204681137
5408.0  0.00494212503490833524 0.00094103969777295700
5426.0  0.00577879239973200579 0.00111600490282171309
5444.0  0.00778343977554031563 0.00092269518738017416
5462.0  0.00399694479811229554 0.00089235447677348391
5480.0  0.00870699150478753021 0.00087800426829015251
5498.0  0.00763708065394622711 0.00084711136497983824
5517.0  0.00905982862812861924 0.00081721743541728932
5535.0  0.00894753964336263662 0.00080032054737545777
5553.0  0.00941353912951448102 0.00078505561116519516
5572.0  0.00777863054760220482 0.00076994815956795673
5590.0  0.00769932991357037948 0.00075661264294256403
5609.0  0.00735161933183532505 0.00073284351926160784
5628.0  0.00560868693103425565 0.00072276309953557083
5647.0  0.00498919237057966151 0.00070767432334385976
5665.0  0.00303415284790751636 0.00068730850341774887
5684.0  0.00328115138420488834 0.00068118907948815663
5703.0  0.00241340007556105265 0.00066580045581241421
5722.0  0.00188721095102286750 0.00068392649261527459
5741.0  0.00236807974673308849 0.00071625508368543028
5760.0  0.00175889591857102796 0.00064325119284201575
5780.0  0.00325059522405943919 0.00064082480507308113
5799.0  0.00444171148291336131 0.00063257942317374645
5818.0  0.00736404367412756087 0.00062388852875842589
5838.0  0.00717108100105791780 0.00061241522292367068
5857.0  0.00756406708409252705 0.00060064036125961244
5876.0  0.00745416253718550817 0.00058946143412278796
5896.0  0.00650876561020557239 0.00057161878982274191
5916.0  0.00663417930853902032 0.00056224538055055337
5935.0  0.00648441020043728777 0.00055697623118099269
5955.0  0.00538449296378053135 0.00055056052065665035
5975.0  0.00376012226490142270 0.00054116418820121591
5995.0  0.00343499981241754578 0.00052538374227488482
6015.0  0.00407875140335171513 0.00052093675959959096
6035.0  0.00288509587892107292 0.00051244940331691892
6055.0  0.00235352056540510945 0.00050467301682431394
6075.0  0.00335681891817451788 0.00050475750986169170
6095.0  0.00359050337562028237 0.00049338711709773556
6116.0  0.00329703533726679980 0.00049207832548027767
6136.0  0.00639725594404691802 0.00057129466743299231
6157.0  0.00402412379289787160 0.00047641191965822050
6177.0  0.00433212541923491158 0.00046974078127732003
6198.0  0.00417194107372321609 0.00048387024032184799
6218.0  0.00321514116518515454 0.00044721919503907604
6239.0  0.00406935209948367915 0.00044299118101215210
6260.0  0.00385927357262949361 0.00043498534005123151
6281.0  0.00431233215337007043 0.00043722855421718295
6302.0  0.00359375729290199123 0.00043750288240826141
6323.0  0.00328443816144301974 0.00043105665620341764
6344.0  0.00339306362844432651 0.00041984652942434386
6365.0  0.00248876645448192248 0.00041613383671296883
6386.0  0.00452559199263849812 0.00041132910328291476
6407.0  0.00446990873220178518 0.00040679981518614049
6429.0  0.00489463903331956249 0.00040178257830948526
6450.0  0.00514221474048198821 0.00040007932910399104
6471.0  0.00499217966973933627 0.00039028023627376304
6493.0  0.00498801821038867988 0.00038548708791779306
6515.0  0.00522653616606135948 0.00038431994966638681
6536.0  0.00543119930248902021 0.00038278966824772487
6558.0  0.00578303324631296127 0.00038123863104354153
6580.0  0.00505953429535688920 0.00037572891860278643
6602.0  0.00373190024893354979 0.00036717924254566696
6624.0  0.00323504798044600955 0.00035848055465631236
6646.0  0.00124552039285690994 0.00038170062110711968
6668.0  0.00179065857467988320 0.00035936976466776168
6690.0  0.00114203545864292335 0.00039589276701015229
6713.0  0.00134353374376456019 0.00036742589933504052
6735.0  0.00138632524045551454 0.00035716215276947763
6757.0  0.00036438253947497073 0.00034469474625324409
6780.0  0.00114134297726953184 0.00033566295807485315
6803.0  0.00079919858598265182 0.00032802418764558435
6825.0  0.00113199044062197644 0.00032285050939159088
6848.0  0.00099020343832834394 0.00031659184895592153
6871.0  0.00117636396822801722 0.00031830425027537843
6894.0  0.00153235962013842570 0.00031863424725110456
6917.0  0.00147533833070323246 0.00031262255966936167
6940.0  0.00179863313574191012 0.00031276779140106061
6963.0  0.00189136769557195716 0.00031254823817902176
6986.0  0.00193442890425340802 0.00031252109916517158
7009.0  0.00210616822334050392 0.00030793922706197927
7033.0  0.00128085708419798348 0.00031455902608197957
7056.0  0.00326355573635285631 0.00037719974195525097
7079.0  0.00242254698479943929 0.00036684748885582573
7103.0  0.00227372726255436509 0.00033228095566737413
7127.0  0.00292979794853705016 0.00035535554886058428
7150.0  0.00208123126119666609 0.00034979845557320146
7174.0  0.00327759649617312887 0.00034278827902079980
7198.0  0.00384002704623398168 0.00033158584591949734
7222.0  0.00347024653865104105 0.00030530236933705792
7246.0  0.00343490678877484638 0.00031221314036102840
7270.0  0.00311200196537192789 0.00032527676203671671
7295.0  0.00338668919500583442 0.00031110271255156837
7319.0  0.00337680764854504135 0.00033423784613099999
7343.0  0.00329914826567852867 0.00030994117259031757
7368.0  0.00318248120967150024 0.00032020244976826279
7392.0  0.00338840940890120781 0.00044733024332060977
7417.0  0.00328614316032574969 0.00045573524815920464
7442.0  0.00232057671254638645 0.00037772933756652214
7466.0  0.00365420618198495197 0.00032195848844858384
7491.0  0.00348686811634201779 0.00031299136021851570
7516.0  0.00305500814781471241 0.00037651022873235639
7541.0  0.00300064820663642354 0.00036488914802809143
7566.0  0.00296120093339483775 0.00032814325564759579
7592.0  0.00312689184014135375 0.00035681877839692635
7617.0  0.00203722930764125816 0.00034963277727132787
7642.0  0.00270795335707825144 0.00039014649945234039
7668.0  0.00235953007027106271 0.00036712213665334906
7693.0  0.00390328637837971532 0.00036947487539233610
7719.0  0.00199847157415347166 0.00034933194686800044
7745.0  0.00329829474335225324 0.00035799791964383090
7770.0  0.00319064744445890025 0.00037156334407647504
7796.0  0.00312787764646561264 0.00033819142544665561
7822.0  0.00277872999261850277 0.00033526744341511814
7848.0  0.00259420434056260559 0.00032333382576981486
7874.0  0.00194060032175758564 0.00030207116906580129
7901.0  0.00175059973935035138 0.00029247928082035140
7927.0  0.00186569766886058750 0.00029805868584406202
7953.0  0.00127759717373585654 0.00028798485164992297
7980.0  0.00081657381823000037 0.00029013158475496630
8007.0  0.00113049272591478909 0.00028709382723265194
8033.0  0.00082656896722082922 0.00028555066294058635
8060.0  0.00127992672769127228 0.00038586832986673699
8087.0  0.00160908738532592409 0.00035876467743881693
8114.0  0.00188905789325866666 0.00040211948841216411
8141.0  0.00028191706147769876 0.00034826226773706977
8168.0  0.00019986735113643222 0.00038820478654370615
8195.0  0.00091916575798046604 0.00040069497080643486
8222.0  0.00046890505096941736 0.00034227971369974673
8250.0 -0.00034055409243055775 0.00034376006044874006
8277.0  0.00036784701322652987 0.00034268309395575988
8305.0  0.00027208467084718376 0.00029441301261407899
8333.0  0.00017466134842017574 0.00029182516813030271
8360.0  0.00102952220794614267 0.00029488108143664311
8388.0  0.00015719112741088357 0.00033302943519059785
8416.0  0.00083980538830326313 0.00035752927740727747
8444.0  0.00065612973976134764 0.00033558838593970706
8472.0  0.00106149848857454640 0.00029264860866808366
8500.0  0.00140526283686277678 0.00028682607542124960
8529.0  0.00283865778324571966 0.00045868034393278573
8557.0  0.00188129171622226075 0.00037431041001972118
8586.0  0.00208770312143813754 0.00046431424435179180
