#@Telescope UH88 
#@Reference Saunders et al. (2018) 
#@Redshift 0.0  
#@Spectrum Train_SN55_8.dat 
#@SN-Name Train_SN55  
#@Phase 17.089 
#@Survey SNFactory 
#@SN-Type SNIa 
#@Units Flux 
# 
# WAVE : 
# SN_SPEC : 
# SN_ERR : 
#end 
3305.0 0.0035495391351178301    0.00445180349176543897
3317.0 0.0191057554545045645    0.00438602905339310033
3328.0 0.0186351785558648460    0.00418043275465788608
3339.0 0.0131465719919742936    0.00403232883939626686
3350.0 0.0189431803777332063    0.00397392908316313454
3361.0 0.0164970990330908368    0.00390527247113432209
3372.0 0.0105595348407063108    0.00375661122821752298
3383.0 0.0064680867719403914    0.00369853943066802797
3395.0 0.0067189615276219642    0.00370985612861284052
3406.0 0.0061452584741295826    0.00344884914513277985
3417.0 0.0036602534406738503    0.00337725812117147797
3429.0 0.0119848896464816342    0.00351298648169772083
3440.0 0.0089327489787071751    0.00342808585381425800
3452.0 0.0165423829147715688    0.00345777649853259419
3463.0 0.0168430595393500998    0.00341066453733408770
3475.0 0.0134167879092484139    0.00324742325186740946
3486.0 0.0148902598202859827    0.00318012945339483672
3498.0 0.0161844773138623277    0.00311486801841611739
3509.0 0.0228246330378269920    0.00317566667963900887
3521.0 0.0227245936919467130    0.00322782191538714376
3533.0 0.0296847463646757945    0.00323252621357179035
3545.0 0.0252062879048918949    0.00308848142850136603
3556.0 0.0236261554785697978    0.00298324596277001718
3568.0 0.0206747982139880437    0.00284059200235003192
3580.0 0.0258872826709250874    0.00288250020838514386
3592.0 0.0210132146919473038    0.00278621304408071266
3604.0 0.0184042543594482334    0.00277222680856630205
3616.0 0.0267270430393858442    0.00278798355515874922
3628.0 0.0235589670966835259    0.00269851906955826575
3640.0 0.0292331727369669579    0.00274349649066803246
3652.0 0.0324418276015487755    0.00273821364483353268
3664.0 0.0392504354283775975    0.00276646928518860767
3677.0 0.0401783322410178209    0.00274996465372150632
3689.0 0.0396938932547265047    0.00272116986875567922
3701.0 0.0301686037404337720    0.00248351880251342257
3714.0 0.0303173229202541653    0.00241075018675949038
3726.0 0.0287147300274494775    0.00249137191260468847
3738.0 0.0280922323546664264    0.00239888541262055959
3751.0 0.0232279199825772241    0.00242563655621128634
3763.0 0.0221787071063468053    0.00239485586022782733
3776.0 0.0200231807231671666    0.00234533489721909082
3788.0 0.0207259866594643183    0.00231593603568915930
3801.0 0.0173424993709803375    0.00217413462252336997
3814.0 0.0161205955234070102    0.00211950882729357738
3826.0 0.0296785174041819359    0.00230907762741669985
3839.0 0.0330875378948947904    0.00227054013869848687
3852.0 0.0337465424718392526    0.00235263711464536772
3865.0 0.0390708752363203710    0.00257993582456892464
3878.0 0.0454693351080510746    0.00271040394537464891
3891.0 0.0456375931169769253    0.00251439206044833151
3904.0 0.0519998117235677265    0.00245576461467485229
3917.0 0.0525322252376090384    0.00235674470359200153
3930.0 0.0544428004617302161    0.00230666069612861426
3943.0 0.0569654882961526179    0.00233761379532509452
3956.0 0.0599812342828031295    0.00241185530879563627
3969.0 0.0645738297590954524    0.00245080084059493952
3982.0 0.0591762413918287683    0.00249821866513475757
3995.0 0.0547527877547840103    0.00238963036761897759
4009.0 0.0463673961080507055    0.00224019551861379682
4022.0 0.0466390710907731085    0.00224138575509270389
4036.0 0.0417003596097234794    0.00213795099371999345
4049.0 0.0407434296758867054    0.00205245828789465913
4062.0 0.0473913419975762890    0.00212607911706219925
4076.0 0.0437375853572591483    0.00209641060661473104
4090.0 0.0385957698093613161    0.00201793865963982621
4103.0 0.0412018248302530241    0.00199466410717064318
4117.0 0.0423073508951121238    0.00200418234391330904
4131.0 0.0401974237961248426    0.00198655295259006839
4144.0 0.0383635754685885677    0.00196842326202651199
4158.0 0.0332707480832715174    0.00190731147642942398
4172.0 0.0393581633088100347    0.00192347136506685733
4186.0 0.0407230921627385750    0.00196618339182544431
4200.0 0.0380620390915434384    0.00191740804083766160
4214.0 0.0432251569735660132    0.00199918057749672116
4228.0 0.0422035094052898851    0.00198724354701843931
4242.0 0.0429112932160529911    0.00195699893041816108
4256.0 0.0475113260446855395    0.00199371522636146740
4270.0 0.0450656712905159740    0.00195081328233838100
4284.0 0.0435919915978814909    0.00191723830713217791
4299.0 0.0501118974315838059    0.00192585900131172442
4313.0 0.0525608152698673059    0.00191868356067912684
4327.0 0.0480822045722160557    0.00192272123807591929
4342.0 0.0465372581689447659    0.00190884355292862055
4356.0 0.0426106992348372696    0.00189551881173126262
4371.0 0.0297608764446595057    0.00175508008564902326
4385.0 0.0293196070680283201    0.00173705375692002483
4400.0 0.0320135565600419697    0.00176808864200537845
4415.0 0.0243897348770455574    0.00168824135496013533
4429.0 0.0281328843751712590    0.00171687003885140962
4444.0 0.0248108321872774346    0.00167353779904118641
4459.0 0.0291237387208331533    0.00167605713208288185
4474.0 0.0327739465664098131    0.00172274252176162781
4489.0 0.0344127201162533342    0.00172185066376990452
4504.0 0.0384603882578617579    0.00175277016759774955
4519.0 0.0469612937480470005    0.00180230458529975269
4534.0 0.0579835726971415499    0.00186166094696416985
4549.0 0.0668069335633304645    0.00192114366024520133
4564.0 0.0798926353852531940    0.00197369881577943735
4579.0 0.0924763381057287226    0.00204467651046279404
4594.0 0.1032814159250466240    0.00209006390263396678
4610.0 0.1014341198381072534    0.00205839983914841117
4625.0 0.1018326918210766679    0.00208614691094737839
4640.0 0.0969261905431320764    0.00204392697761536773
4656.0 0.0797255790823801491    0.00193475168116699278
4671.0 0.0680645836870584914    0.00187612905487589683
4687.0 0.0515633952753168090    0.00178573735464538524
4703.0 0.0412981055644443748    0.00169869288867824527
4718.0 0.0383465155657728152    0.00166802079966462649
4734.0 0.0384908554588196949    0.00169298080902003409
4750.0 0.0393261159689532597    0.00170531232627745347
4766.0 0.0394295669723157202    0.00173031337507091295
4781.0 0.0445648117575496092    0.00181092919630310568
4797.0 0.0454721583025002457    0.00187667597183527497
4813.0 0.0502522430828247352    0.00202115476103654134
4829.0 0.0471506963687529715    0.00210855320261029659
4846.0 0.0508954319834605332    0.00227641803086016045
4862.0 0.0562012966184605653    0.00248600462799281182
4878.0 0.0506183181156353440    0.00259831617923685521
4894.0 0.0565634293434272226    0.00276077584555735897
4910.0 0.0664479661437996777    0.00282591661361842857
4927.0 0.0734877669599571792    0.00285340199822144798
4943.0 0.0764501598121399145    0.00257216144874032647
4960.0 0.0727153984973239742    0.00249678231086395688
4976.0 0.0619616908309941691    0.00247090639917839231
4993.0 0.0380683624797777953    0.00391001796671756278
5009.0 0.0473595196819559180    0.00341899527183437595
5026.0 0.0454502854665980727    0.00274432947468170214
5043.0 0.0397925060499483910    0.00254381398151786462
5060.0 0.0361973967774692346    0.00241710594694672168
5076.0 0.0382027528052737084    0.00240231986101786376
5093.0 0.0397540074604160326    0.00234856786242218030
5110.0 0.0385805612489732302    0.00221200349265151912
5127.0 0.0349540460416905285    0.00203662572004861472
5144.0 0.0441143674620388185    0.00199723719999293087
5162.0 0.0411359298119464006    0.00185324488592751037
5179.0 0.0433752770234290819    0.00177164343590550792
5196.0 0.0574207206341474444    0.00179254225520613427
5213.0 0.0596242611364068906    0.00174720590003888407
5231.0 0.0727660718066845680    0.00175983850957154306
5248.0 0.0764665326253834987    0.00175231644017034924
5266.0 0.0869232762630557515    0.00173631928665395215
5283.0 0.0870208986511295246    0.00167122540820848799
5301.0 0.0849872094652506099    0.00162301900445318312
5318.0 0.0856659790913234381    0.00160451912183536319
5336.0 0.0873795970679808881    0.00159798094460746314
5354.0 0.0782905302664172326    0.00153151968093046811
5372.0 0.0828778697654851820    0.00151524128750645361
5390.0 0.0858991248767728560    0.00155476369006064732
5408.0 0.0915656239309631387    0.00159807406810519976
5426.0 0.0916081634003105688    0.00145608610633664575
5444.0 0.0966383639335934852    0.00144871611397666021
5462.0 0.0940920557951612224    0.00143401200377014622
5480.0 0.0898866573049475343    0.00139979675252049451
5498.0 0.0855526908540853726    0.00132397782472308718
5517.0 0.0811893552886228803    0.00126515759272434903
5535.0 0.0772300133193904864    0.00121435924548350042
5553.0 0.0740943932654889725    0.00118894009014809503
5572.0 0.0684233107974415167    0.00115144551145819423
5590.0 0.0633416472709940614    0.00109863261868215346
5609.0 0.0575537099087170129    0.00105739975254530525
5628.0 0.0534800477487736570    0.00103347644030664897
5647.0 0.0501383717603297793    0.00100169375697977650
5665.0 0.0461389800289803073    0.00097471897423274403
5684.0 0.0429777745925817439    0.00094258457730729420
5703.0 0.0384360320303399269    0.00092364119381840924
5722.0 0.0391152506351392648    0.00090137564764614195
5741.0 0.0409795184431851964    0.00089889127218258070
5760.0 0.0454484352921365603    0.00090005051578593393
5780.0 0.0485632863855450098    0.00090674326556567210
5799.0 0.0563036271215536094    0.00092549733219504161
5818.0 0.0606458075906180158    0.00092670356177484124
5838.0 0.0646808906201828127    0.00093744085415591375
5857.0 0.0742846153031497813    0.00096460744729083190
5876.0 0.0774433672470759005    0.00095810556500767943
5896.0 0.0772055578960937905    0.00093543835949414260
5916.0 0.0712308973237791299    0.00090723754390899366
5935.0 0.0644374263050350310    0.00087779216075127369
5955.0 0.0572900904766137642    0.00084923453931989770
5975.0 0.0520199020431774198    0.00082059655075889990
5995.0 0.0520838162196849419    0.00081273445092273813
6015.0 0.0477431134267601587    0.00078453563185525003
6035.0 0.0464569908499534376    0.00077677042198343971
6055.0 0.0452499517822163924    0.00075719498492835382
6075.0 0.0442175765336362686    0.00074051331828390676
6095.0 0.0403423055426450489    0.00076603870514074769
6116.0 0.0326655845626934865    0.00066673604759584981
6136.0 0.0264452388002512535    0.00062023800504082166
6157.0 0.0252573171021994655    0.00063861715060595193
6177.0 0.0280661744554792612    0.00062454539299486138
6198.0 0.0317903502683527656    0.00063148755257196596
6218.0 0.0347446786291848650    0.00063804041858658530
6239.0 0.0374030943320211515    0.00065034801723459583
6260.0 0.0426061872816405479    0.00066242491657899781
6281.0 0.0455641449718166280    0.00066837463070446978
6302.0 0.0493127039858403324    0.00068166325681605019
6323.0 0.0550830956046167233    0.00069772348869791138
6344.0 0.0583556847013435090    0.00070196146501424399
6365.0 0.0636170980522179630    0.00070832639987800984
6386.0 0.0625728161915578562    0.00070032669912026974
6407.0 0.0638919927523067255    0.00069126901229131965
6429.0 0.0655938455807360127    0.00069411921167674947
6450.0 0.0662878451723415002    0.00069342188279816622
6471.0 0.0668187233859944968    0.00068836783851087798
6493.0 0.0671286795013522758    0.00067802883697022089
6515.0 0.0647119344598871826    0.00066938170100107309
6536.0 0.0631987852342054818    0.00066350375149196487
6558.0 0.0602941976506406879    0.00067470932072423505
6580.0 0.0570677582993067076    0.00064778136460581369
6602.0 0.0513969566835568992    0.00062020426764702267
6624.0 0.0446906922008958873    0.00059325326718506733
6646.0 0.0406327498351139599    0.00060994900338153337
6668.0 0.0375823321998973031    0.00058590171974672511
6690.0 0.0343834369818409175    0.00055556427232330847
6713.0 0.0331833061486451406    0.00053087174879459516
6735.0 0.0326521636528669806    0.00052354095816234067
6757.0 0.0304559859171408334    0.00050611461213290133
6780.0 0.0274661770279671091    0.00048953690276186705
6803.0 0.0260657371536741587    0.00047768517493367789
6825.0 0.0258275204485025889    0.00047472301108166215
6848.0 0.0257079411418015373    0.00047275652429876820
6871.0 0.0263219506899905129    0.00047149327685514555
6894.0 0.0259753157813762021    0.00047073463370183552
6917.0 0.0259233636657420219    0.00046783688608785029
6940.0 0.0254404260676444824    0.00046650567085363413
6963.0 0.0245529437725569080    0.00046333109021870760
6986.0 0.0245304431639857892    0.00045410699500545148
7009.0 0.0251452144674682784    0.00048699161756679158
7033.0 0.0248896808115879782    0.00046828126553219272
7056.0 0.0251029170807336929    0.00047569336273174217
7079.0 0.0235585224318242588    0.00046701054668819581
7103.0 0.0242625518610253520    0.00047421229366523710
7127.0 0.0253614463422618987    0.00047370780346689954
7150.0 0.0250762918462020638    0.00045661873309779758
7174.0 0.0265756597652583061    0.00045848915452610434
7198.0 0.0249324589249446081    0.00044833624767835116
7222.0 0.0262621384952679039    0.00045294081560948916
7246.0 0.0270562828509956811    0.00046250447507892154
7270.0 0.0275570139393297060    0.00045968073965364223
7295.0 0.0285469373550014741    0.00047075027659936817
7319.0 0.0279550925469696891    0.00046482498410994536
7343.0 0.0265752384709013814    0.00048356859104706657
7368.0 0.0262319593548848463    0.00069330835823013426
7392.0 0.0267784265818686029    0.00058804870962345622
7417.0 0.0261450963109796930    0.00049174328619846662
7442.0 0.0234200841706665476    0.00044298164190121518
7466.0 0.0217881402663472751    0.00046248435217124506
7491.0 0.0214981387969907373    0.00044620759604505587
7516.0 0.0211072320624783351    0.00044770785407410911
7541.0 0.0207422991103691327    0.00045092255828739437
7566.0 0.0219453958343971585    0.00046379055213586909
7592.0 0.0219571153672010570    0.00045544514445309533
7617.0 0.0243711406165843109    0.00047222467375606422
7642.0 0.0254236367994776329    0.00046671780048094136
7668.0 0.0249347138246554904    0.00048842722689742982
7693.0 0.0241588499773766861    0.00044760816420245909
7719.0 0.0230787322145766249    0.00046181489672805467
7745.0 0.0222381444731431996    0.00045756225000689253
7770.0 0.0220400206644063672    0.00045259186944259205
7796.0 0.0219731627484539387    0.00044580761473638235
7822.0 0.0221371432321755268    0.00043828433995055311
7848.0 0.0221921477002208489    0.00043864849404092468
7874.0 0.0219650176441933583    0.00043642135891590539
7901.0 0.0200221273026392997    0.00042706970324868186
7927.0 0.0184054837197108641    0.00042113624524920534
7953.0 0.0179426499283798849    0.00041902177355705267
7980.0 0.0173043217846293902    0.00041872045322321794
8007.0 0.0171635084039709930    0.00042737816151489842
8033.0 0.0174239980685485761    0.00045725832258481307
8060.0 0.0167440683041921341    0.00041703547169725662
8087.0 0.0152208845692593381    0.00047129852865805064
8114.0 0.0140809559219658084    0.00041614093566717022
8141.0 0.0118279602341138379    0.00043390089290542573
8168.0 0.0094774428637177839    0.00041700862248457773
8195.0 0.0085151062065820585    0.00040180087890161393
8222.0 0.0057113728604660744    0.00037190638239612694
8250.0 0.0066450035669633131    0.00035401682770859022
8277.0 0.0068277439277121916    0.00036350429586659837
8305.0 0.0077908204056570248    0.00036727040637940750
8333.0 0.0078936592906652687    0.00037328695723899376
8360.0 0.0087690299680461842    0.00041799182106657334
8388.0 0.0102358400680646229    0.00042973164270797043
8416.0 0.0120431066872252295    0.00039544175079339876
8444.0 0.0147984836206079759    0.00039958635913570821
8472.0 0.0199354221146197802    0.00045535161680057947
8500.0 0.0237699026919810132    0.00050355968514076822
8529.0 0.0252413873603215301    0.00047022614745284748
8557.0 0.0281336385605177527    0.00054410508357204048
8586.0 0.0302949112262890924    0.00050252947736744672
