#@Telescope UH88 
#@Reference Saunders et al. (2018) 
#@Redshift 0.0  
#@Spectrum Train_SN80_14.dat 
#@SN-Name Train_SN80  
#@Phase 32.306 
#@Survey SNFactory 
#@SN-Type SNIa 
#@Units Flux 
# 
# WAVE : 
# SN_SPEC : 
# SN_ERR : 
#end 
3305.0  0.0024751941888710234  0.00695345196666648582
3317.0 -0.0020372453472715726  0.00679753579789218586
3328.0  0.0106963724777819867  0.00692892795656943963
3339.0  0.0045167711842029057  0.00648364283108349582
3350.0 -0.0072498882209621890  0.00621371436515291437
3361.0  0.0053120608550225011  0.00629396390972000123
3372.0  0.0122830942160295498  0.00623952458411220195
3383.0  0.0120747427199746314  0.00626518519136832347
3395.0  0.0053581397032289738  0.00593269142294116768
3406.0  0.0001271480191667721  0.00563087886785529866
3417.0  0.0156715650482997203  0.00594000238059580032
3429.0  0.0138294741344908122  0.00587336168281707167
3440.0  0.0066649357869398218  0.00555340011368705803
3452.0  0.0076379197136251719  0.00542140010183103302
3463.0  0.0123700577441120639  0.00546350836807237700
3475.0  0.0116061511605378524  0.00532896745845198687
3486.0  0.0114889701182148054  0.00497174444500337199
3498.0  0.0113630379359221812  0.00500717788093801505
3509.0 -0.0020726048684839267  0.00465893256405516647
3521.0  0.0169866218164673420  0.00482907617790934683
3533.0  0.0139004779783427953  0.00465762722731237217
3545.0  0.0113659487311799437  0.00445187877355814055
3556.0  0.0239633333776011967  0.00458714724857236210
3568.0  0.0129310860798459021  0.00445157137893468970
3580.0  0.0054348933968690408  0.00429187065883432708
3592.0  0.0162046947312714414  0.00427514618007031333
3604.0  0.0183232745615797728  0.00422598843112607144
3616.0  0.0103491804273303043  0.00408117831454810846
3628.0  0.0111700489307998817  0.00398361972057239937
3640.0  0.0230749349812967748  0.00407782949304139747
3652.0  0.0211010191068676869  0.00394594283555493256
3664.0  0.0254089232633757031  0.00390124752616826135
3677.0  0.0261917480626509581  0.00385135343903887433
3689.0  0.0253758318243447016  0.00382704048368426959
3701.0  0.0280730646819541130  0.00385097675636554299
3714.0  0.0206863196468343620  0.00375032988606571922
3726.0  0.0156115867438897278  0.00367455737825456152
3738.0  0.0201627142831689379  0.00369226408789231735
3751.0  0.0159983582145620598  0.00349085080860564835
3763.0  0.0142813512932679094  0.00348655238266678451
3776.0  0.0119550551145533764  0.00338098413178034279
3788.0  0.0086648477223489895  0.00326838642432786871
3801.0  0.0156226300180275814  0.00344325943594937876
3814.0  0.0122847585936138315  0.00331479355810185847
3826.0  0.0151385793088234921  0.00343373847179308505
3839.0  0.0192632402194948156  0.00365453955975510733
3852.0  0.0195142690565365193  0.00347571567002038020
3865.0  0.0276805736999378334  0.00335148697054956377
3878.0  0.0294947984288516617  0.00324549859258260786
3891.0  0.0310828189781185878  0.00322213535356076887
3904.0  0.0359107628301284926  0.00329858279034040682
3917.0  0.0287682250013844426  0.00323683618128532691
3930.0  0.0329238409812831964  0.00336699432086753903
3943.0  0.0322641294356977928  0.00336071412697524011
3956.0  0.0392702585628984177  0.00331099249443419109
3969.0  0.0429906232577965466  0.00319607698734578017
3982.0  0.0331751885730032434  0.00310036338662356137
3995.0  0.0236506637462052388  0.00293379766469873890
4009.0  0.0304777763041533117  0.00294446524857558487
4022.0  0.0210667576436416246  0.00287497374134013540
4036.0  0.0204625831866254472  0.00280595071415696683
4049.0  0.0172985904955599672  0.00271962483995886019
4062.0  0.0230615999646432077  0.00278666622786603911
4076.0  0.0277119003190745110  0.00283171567225284004
4090.0  0.0221050087897286356  0.00270699619103195776
4103.0  0.0233642084332920177  0.00261665149482715300
4117.0  0.0216739874628071316  0.00264591681497652323
4131.0  0.0240651218204205875  0.00264148977168205757
4144.0  0.0191087826663596007  0.00263415717914893422
4158.0  0.0257389351026828528  0.00275643378031178434
4172.0  0.0241215251484935764  0.00272869133979518688
4186.0  0.0266726859750916583  0.00273222441249034321
4200.0  0.0294201230213080728  0.00272287543947891250
4214.0  0.0197354801832083440  0.00261975246879385480
4228.0  0.0190846194015030848  0.00259879662271549072
4242.0  0.0253391923928625203  0.00266738976189870693
4256.0  0.0268645109983002284  0.00268771429388419292
4270.0  0.0258437533998744536  0.00260277403112877054
4284.0  0.0229811422078951902  0.00255428100281405047
4299.0  0.0263286646221720239  0.00255351986841136124
4313.0  0.0269100300222998648  0.00256275853823014410
4327.0  0.0282896903923783305  0.00256404498992066771
4342.0  0.0228778782261992511  0.00251943782904316162
4356.0  0.0199753620093459476  0.00247005717321584954
4371.0  0.0186295903939866815  0.00243900724313628756
4385.0  0.0191355379216003145  0.00241074012966554325
4400.0  0.0128211163339689970  0.00234992924076977408
4415.0  0.0143105126604838196  0.00234787447722496333
4429.0  0.0101010512606133866  0.00228927259020337377
4444.0  0.0153229776934940571  0.00231507897433484711
4459.0  0.0162762959987192632  0.00231915142224397523
4474.0  0.0189847615773109345  0.00235496166974804915
4489.0  0.0182050966179038883  0.00233745986984798928
4504.0  0.0281791847902926988  0.00243136067727621735
4519.0  0.0275807747654656342  0.00239106349203958976
4534.0  0.0371577969245764569  0.00248429293337082847
4549.0  0.0311890729616623730  0.00248621743873323224
4564.0  0.0402243528194726752  0.00253148412509872313
4579.0  0.0450954155314944385  0.00255607338272595018
4594.0  0.0468046700821481212  0.00258567232759248202
4610.0  0.0528129757111402073  0.00261791442243188531
4625.0  0.0488297600424156195  0.00263224919762977900
4640.0  0.0416563153672019071  0.00255788512644971504
4656.0  0.0381860997124831361  0.00249265207939777540
4671.0  0.0370472264728930467  0.00250586307021746172
4687.0  0.0281557749544501974  0.00249870930591532389
4703.0  0.0283010312742950874  0.00250438192980203221
4718.0  0.0238075371583080196  0.00248024234663873173
4734.0  0.0275892824699427372  0.00261843406276320630
4750.0  0.0183772504037851177  0.00263934737107670951
4766.0  0.0176651203816907514  0.00281639708129141804
4781.0  0.0291543882811357742  0.00317282854490996994
4797.0  0.0236493356858786495  0.00336468426448273015
4813.0  0.0271143349712828392  0.00374451964356082396
4829.0  0.0289110330883267166  0.00399361017546650578
4846.0  0.0214342164903322668  0.00400746050713153990
4862.0  0.0222344943793880007  0.00388478266688620146
4878.0  0.0298217041397829223  0.00356625509949056417
4894.0  0.0328852798627135914  0.00354735925902643304
4910.0  0.0378766537054636906  0.00444699243063199998
4927.0  0.0206674135123257191  0.00605562021367847796
4943.0  0.0413921031802394410  0.00523085273889919641
4960.0  0.0442467648048485637  0.00418534216827214003
4976.0  0.0361629854287847038  0.00348415976036715001
4993.0  0.0270966481627102247  0.00321341540185116981
5009.0  0.0186686890259777291  0.00308337859229039501
5026.0  0.0338878313690235689  0.00310724359966598482
5043.0  0.0206777954486494844  0.00286680533270289696
5060.0  0.0227045473257074908  0.00273849512408910149
5076.0  0.0207372824126868631  0.00256427269463404238
5093.0  0.0199589244688362574  0.00231980482548917784
5110.0  0.0182143759660053847  0.00222286809427987972
5127.0  0.0218888447992826758  0.00212070022770775683
5144.0  0.0203313586746596379  0.00201006159403846821
5162.0  0.0205267281013278464  0.00193214096579553442
5179.0  0.0265328069369594674  0.00192968039072321336
5196.0  0.0281754081448161199  0.00188812286680283253
5213.0  0.0304667576034378801  0.00183343864269861737
5231.0  0.0328277915961562722  0.00178507975781076397
5248.0  0.0414394371401230546  0.00184666190064226789
5266.0  0.0405607245177055306  0.00179931099988355327
5283.0  0.0406071900466140681  0.00174747796536661899
5301.0  0.0442666337284964712  0.00172467073486333466
5318.0  0.0475036555063236832  0.00221050068478611823
5336.0  0.0460308471115179751  0.00176897248955146637
5354.0  0.0496354958388343787  0.00170349282742011487
5372.0  0.0495475939848864927  0.00166786335185300388
5390.0  0.0523310345192948764  0.00163112987763047355
5408.0  0.0534774367384912644  0.00160290676494626375
5426.0  0.0503010072502887012  0.00155790322946433731
5444.0  0.0562403333822302648  0.00156185140509910417
5462.0  0.0630584756400017626  0.00158588556927230701
5480.0  0.0645137986684204134  0.00156516437405613781
5498.0  0.0696765928022440723  0.00154531706282873336
5517.0  0.0732629918662881796  0.00153592471048303930
5535.0  0.0767485567930252938  0.00151837605968479822
5553.0  0.0775376481770459897  0.00150908776702884571
5572.0  0.0737159632427818040  0.00148969507522377933
5590.0  0.0705278878042784330  0.00145503115211627473
5609.0  0.0621797881938251501  0.00141867667593526784
5628.0  0.0571698569510485990  0.00147129308950449305
5647.0  0.0551701078130034869  0.00134272106867887320
5665.0  0.0485550505115087266  0.00127829377004133713
5684.0  0.0431519305511484166  0.00122957684429860002
5703.0  0.0439717195504758587  0.00119914849408669856
5722.0  0.0464241687946740367  0.00118496077741774507
5741.0  0.0444627097270637317  0.00115878106179283409
5760.0  0.0464370923485411674  0.00114619081868226115
5780.0  0.0567935447824681680  0.00117701727038043639
5799.0  0.0594082610753826346  0.00118330766800018704
5818.0  0.0587510647602680902  0.00115972543922762987
5838.0  0.0585712014805940609  0.00114711577672586655
5857.0  0.0572185477058952327  0.00113829128887998725
5876.0  0.0537931760713537127  0.00110586187972122347
5896.0  0.0499024362399864627  0.00106474471083993884
5916.0  0.0463461548758118472  0.00104128547419746393
5935.0  0.0426839788467104561  0.00101334081038332397
5955.0  0.0415539425041763361  0.00104721932420943605
5975.0  0.0385524309902312845  0.00101767261310558958
5995.0  0.0331414235933562631  0.00097153078143884350
6015.0  0.0266840964363783406  0.00114227024418918940
6035.0  0.0298327053839859448  0.00090889524375192886
6055.0  0.0311297468158124070  0.00088311536571755820
6075.0  0.0301314923955592132  0.00094415467782870441
6095.0  0.0284062530497491625  0.00083857015018320969
6116.0  0.0285637886809601386  0.00081343861435398759
6136.0  0.0293666352826248249  0.00081127421325638332
6157.0  0.0325865206926887682  0.00083826762028102269
6177.0  0.0341100771909079239  0.00087878094163211669
6198.0  0.0359376464079635138  0.00086951233909371320
6218.0  0.0333980717141537931  0.00082552429849734339
6239.0  0.0346593180897134465  0.00085006817384857122
6260.0  0.0335565886290903614  0.00084851358221178243
6281.0  0.0291075377352432822  0.00079266706538329659
6302.0  0.0305877136542896250  0.00077376231354625460
6323.0  0.0313169519106093960  0.00076573723919140600
6344.0  0.0320019919900855279  0.00075384892164561909
6365.0  0.0357270711289842599  0.00075756912222332427
6386.0  0.0385986438190529246  0.00077321838488991301
6407.0  0.0426025672730348873  0.00078595794436260070
6429.0  0.0484119703203457069  0.00080237468491925555
6450.0  0.0493857187679501500  0.00080697987349727677
6471.0  0.0542155569833193754  0.00081488737436245058
6493.0  0.0548060770535638980  0.00081058505091599164
6515.0  0.0534506439949941140  0.00087803995569133840
6536.0  0.0545272450199168132  0.00083916797813846599
6558.0  0.0534071021409785462  0.00096262039400923244
6580.0  0.0518402933052151474  0.00088687394664219263
6602.0  0.0510308434259608146  0.00086033659451362102
6624.0  0.0486536838016208839  0.00083361484669595759
6646.0  0.0429714315833305896  0.00076922429978670804
6668.0  0.0397001519139079384  0.00074047493767968029
6690.0  0.0339232649788995394  0.00069857897858897932
6713.0  0.0282485593025040733  0.00064541373172626417
6735.0  0.0287093904091184626  0.00064351121597400771
6757.0  0.0287091019587263283  0.00064464800167369021
6780.0  0.0295199356987942418  0.00064401870772152093
6803.0  0.0310443309344246229  0.00064956754891437683
6825.0  0.0274311454147124281  0.00063541928254798069
6848.0  0.0300937034893838801  0.00065681469678664621
6871.0  0.0279085270665082354  0.00063979894513871048
6894.0  0.0266939865206701869  0.00064497140694119292
6917.0  0.0227748873671953234  0.00079872961920653585
6940.0  0.0237194206057671116  0.00077602893607199499
6963.0  0.0234812673932791142  0.00068510886047019643
6986.0  0.0222003490958070510  0.00073417173072461541
7009.0  0.0231778335435194743  0.00073001363362206926
7033.0  0.0227354448385110007  0.00070240054350839047
7056.0  0.0194204504601811490  0.00063648725320918748
7079.0  0.0191392712452168393  0.00057893964880919625
7103.0  0.0184804474215183208  0.00059043669968988715
7127.0  0.0187440907886634728  0.00063403576344391358
7150.0  0.0207919539894090948  0.00060706290548179459
7174.0  0.0226972810604182187  0.00067163385869999169
7198.0  0.0239456725628478945  0.00060864004947087491
7222.0  0.0247050819063703159  0.00065778795056816287
7246.0  0.0263132857133708022  0.00091066874760423850
7270.0  0.0252018816223566998  0.00094390743918631006
7295.0  0.0272104285571654683  0.00079010065892256090
7319.0  0.0246215384606700873  0.00064632575342088016
7343.0  0.0243346814357115748  0.00062006129338938786
7368.0  0.0280743383267044386  0.00080451088381726312
7392.0  0.0273170613690921424  0.00077218775795573401
7417.0  0.0293184534668554202  0.00071491980757303118
7442.0  0.0292853947033636722  0.00076875853915339275
7466.0  0.0306573931528221696  0.00076888891819202547
7491.0  0.0275871378248494850  0.00084121033071851204
7516.0  0.0252006443668046191  0.00077399206629244846
7541.0  0.0227937613761643419  0.00076617215087096738
7566.0  0.0226552239401236442  0.00076724939181914637
7592.0  0.0243899305570166938  0.00076199929323371570
7617.0  0.0244571880722736466  0.00077446084056136425
7642.0  0.0285186382354181076  0.00072700002882797798
7668.0  0.0321175468801646047  0.00074903036560295235
7693.0  0.0338391815066342305  0.00071295182995155678
7719.0  0.0351679078477934656  0.00067158383327802114
7745.0  0.0332907406094906239  0.00065121576186235144
7770.0  0.0331688857212980998  0.00066797327415182113
7796.0  0.0324594331692226665  0.00065645981915861840
7822.0  0.0309918091526138854  0.00064833300681028743
7848.0  0.0282461913658962026  0.00063514094371552431
7874.0  0.0256470477237936909  0.00060841807939169873
7901.0  0.0208311320761335253  0.00080798531136479972
7927.0  0.0214540687074316269  0.00078576480106047793
7953.0  0.0138838840396347373  0.00082592717655071226
7980.0  0.0198255005407644673  0.00076418799889323131
8007.0  0.0152655096748621436  0.00082521085371986015
8033.0  0.0165150843421303130  0.00082077396591939407
8060.0  0.0147517002567460649  0.00070704196085435327
8087.0  0.0158910604324451858  0.00072855445465569511
8114.0  0.0141870407169731039  0.00068242503680225706
8141.0  0.0088324090649510908  0.00052214370402637038
8168.0  0.0060486717695655470  0.00051647466551749642
8195.0  0.0036636319177420561  0.00048427315297833233
8222.0  0.0035433779876759921  0.00055078362577251595
8250.0  0.0047532850378389363  0.00061652747294772738
8277.0  0.0064225445784368935  0.00059227728345668629
8305.0  0.0049060786348404696  0.00049690337496988688
8333.0  0.0056043918874831167  0.00047909734835490238
8360.0  0.0067852228202991858  0.00086957067394137770
8388.0  0.0106473074430198811  0.00075009049182929227
8416.0  0.0137794220569716231  0.00095667116633445823
8444.0  0.0192596993172738928  0.00076063376851079063
8472.0  0.0231344665139691132  0.00092941642094346983
8500.0  0.0280548464870978426  0.00096283784641079597
8529.0  0.0250105587142709640  0.00080826569517879101
8557.0  0.0282421970594200870  0.00086227538540350416
8586.0  0.0257386237351615380  0.00084637328863379642
