#@Telescope UH88 
#@Reference Saunders et al. (2018) 
#@Redshift 0.0  
#@Spectrum Train_SN62_5.dat 
#@SN-Name Train_SN62  
#@Phase 13.144 
#@Survey SNFactory 
#@SN-Type SNIa 
#@Units Flux 
# 
# WAVE : 
# SN_SPEC : 
# SN_ERR : 
#end 
3305.0  0.0435583960711553378  0.0187879557904367493
3317.0  0.0451481099975233405  0.0194839329110857926
3328.0  0.1005433970450072823  0.0191637382628281061
3339.0  0.1009996702376537575  0.0179988617851777402
3350.0  0.0479083597792273608  0.0173627713504464452
3361.0  0.0341538615824868094  0.0180920507851575207
3372.0  0.0679287567650059959  0.0167111247163994094
3383.0  0.0839630392643549300  0.0178839459827687015
3395.0  0.0631007307271571755  0.0163948373984054672
3406.0  0.0507673249828839782  0.0157480727128034362
3417.0  0.0196667481541984192  0.0149397106636530563
3429.0  0.0839506267125136180  0.0164928042378006123
3440.0  0.0039169563415963225  0.0144126563391779438
3452.0  0.0817494139004804193  0.0154939821196704592
3463.0 -0.0234508950906502853  0.0146441912957981351
3475.0  0.0889768201839087475  0.0149292268214094824
3486.0  0.0370684325978252391  0.0132622191022037459
3498.0  0.0766842305473827146  0.0136207719010758427
3509.0  0.0798891468869806498  0.0134554200510912467
3521.0  0.0524821623357227818  0.0133353058108843792
3533.0  0.0657961551194131827  0.0127416473922683932
3545.0  0.0946133282313036811  0.0131677236595373632
3556.0  0.0462539355240114414  0.0128807221111155584
3568.0  0.1000480494572895118  0.0123061764190391752
3580.0  0.0634420772346514089  0.0121490418393424508
3592.0  0.0816606244105301526  0.0121090554198274580
3604.0  0.0888540767455672648  0.0119406555796464798
3616.0  0.0548757778909273741  0.0111512979456245345
3628.0  0.1293666805292557620  0.0128711594209990100
3640.0  0.0875537434597989384  0.0113736609602644867
3652.0  0.1391892383763707608  0.0119194671151487026
3664.0  0.0758295869485623164  0.0112062133242485460
3677.0  0.1032176810927360050  0.0111491743494959265
3689.0  0.0499448182336233379  0.0111266478982659876
3701.0  0.1254136787337644388  0.0119182311160244882
3714.0  0.1506327063589966431  0.0116477709507249779
3726.0  0.0856760584133971353  0.0114847300346336261
3738.0  0.0834179946025658536  0.0111183717333228783
3751.0  0.0238048312332191023  0.0108702111305856997
3763.0  0.0457806723927407025  0.0113751405814934321
3776.0  0.0690382368477960445  0.0110824036619479524
3788.0  0.0666159141235236202  0.0101389085880254533
3801.0  0.0800186958904908485  0.0098251395568135971
3814.0  0.0205893272110711824  0.0094160865488302267
3826.0  0.0849191878433845915  0.0103009470446451690
3839.0  0.0884377785531215849  0.0105581524516607187
3852.0  0.1204937978576733626  0.0105309879623298585
3865.0  0.0844448687140774978  0.0100810043044381303
3878.0  0.1126834106616896453  0.0098675133620471731
3891.0  0.1473263184120082170  0.0098395667823811591
3904.0  0.1407087121268196794  0.0097278893715064627
3917.0  0.1440044307693860715  0.0093979820007040124
3930.0  0.1845383789275454045  0.0098854472553409189
3943.0  0.1959801164049521927  0.0098083199478878162
3956.0  0.1976071325009977897  0.0096865722171320320
3969.0  0.1920672828022506884  0.0096215579687697755
3982.0  0.1619213553782521686  0.0092347345319048306
3995.0  0.1940505493845401386  0.0092939989086027550
4009.0  0.1131537254820750987  0.0089368791706893134
4022.0  0.1128538459172514913  0.0088068203957096160
4036.0  0.1518703321324360866  0.0089595674687322716
4049.0  0.1396367608333807242  0.0088747583678868269
4062.0  0.1268565699132858660  0.0087884158514640650
4076.0  0.1689593337972796760  0.0090569156578400260
4090.0  0.1119521078656416924  0.0084662244784672186
4103.0  0.1120273650998135917  0.0082949546368702512
4117.0  0.0517423252850582119  0.0077760592752089096
4131.0  0.1180689693432339371  0.0085680370690592832
4144.0  0.1017662315510610704  0.0083976424433449218
4158.0  0.1596622810712884089  0.0087924660544683106
4172.0  0.1794138342601779845  0.0090012253286298385
4186.0  0.1291523777418098762  0.0084699609587041182
4200.0  0.1400059280493743952  0.0084952065912758355
4214.0  0.1439370718014989781  0.0086077830109697485
4228.0  0.1364295630422957539  0.0084455630211194288
4242.0  0.1225815540297311990  0.0083071150134584118
4256.0  0.1242089857607216880  0.0082325086553144671
4270.0  0.1646441464308556202  0.0083678827508199289
4284.0  0.1230613937617061615  0.0077289017680632743
4299.0  0.1525541249253764831  0.0078033917676446976
4313.0  0.1186272488287813676  0.0074972964064859418
4327.0  0.0737848080664418177  0.0072952278642942790
4342.0  0.0676228920326282096  0.0073112070199391459
4356.0  0.1225401862148127602  0.0073228824692680916
4371.0  0.0895152433451332219  0.0071931322502152882
4385.0  0.1100831873002661859  0.0074415203358288778
4400.0  0.0761876232523278907  0.0073776557501417424
4415.0  0.0817337164733852456  0.0069154972869693880
4429.0  0.0916222224802248492  0.0069764245316041255
4444.0  0.0799688713772243459  0.0075168401718930080
4459.0  0.0948476886829573290  0.0071846558743097729
4474.0  0.0838980346077284472  0.0073198607726475753
4489.0  0.1087417562435880891  0.0073737010521222838
4504.0  0.1267445249789110884  0.0074697995856628395
4519.0  0.1244810311905705791  0.0074400314680882042
4534.0  0.1104235542440833440  0.0073644973213343482
4549.0  0.1591623310655404522  0.0077752162678085216
4564.0  0.1757223328383923089  0.0078961736398676322
4579.0  0.1796774028985531346  0.0080600885304321843
4594.0  0.1972921015145310819  0.0081021324871036037
4610.0  0.1905943104311617342  0.0083584231950733275
4625.0  0.1892150752394111679  0.0086546646452870055
4640.0  0.1381847049878957012  0.0089535625773039720
4656.0  0.1470498159006919936  0.0091687304332805711
4671.0  0.1744733783872248478  0.0100978260618509470
4687.0  0.1491468389396122807  0.0108752190389059464
4703.0  0.1810284184992003997  0.0119295654706105866
4718.0  0.1229551992133207095  0.0122336923053579707
4734.0  0.0878932372856973398  0.0111767712409486589
4750.0  0.1131522577890073378  0.0113619007950539197
4766.0  0.0741474144364361043  0.0105067481247866027
4781.0  0.1529281192209268891  0.0237126170493282377
4797.0  0.0735546714716357602  0.0230517745639291019
4813.0  0.0976323010384416712  0.0194818323215862309
4829.0  0.0802020887556362666  0.0152815122696046204
4846.0  0.0655875689714838228  0.0123778233592552155
4862.0  0.0805670875230743155  0.0115807049156706719
4878.0  0.0572781672285406288  0.0110678126790561410
4894.0  0.0603263249816668248  0.0109039656910508102
4910.0  0.0892663768458167306  0.0108343778468400157
4927.0  0.1089230489936850038  0.0104398620334964064
4943.0  0.1050239228613005088  0.0097966036748818007
4960.0  0.0801846644203811632  0.0087903490608736319
4976.0  0.1008334047965856600  0.0083019139594823575
4993.0  0.0793293027664291883  0.0078079121292883753
5009.0  0.0886736032683728415  0.0075292884588007139
5026.0  0.0706129800348149483  0.0069488700295543332
5043.0  0.0739427688968364027  0.0067733374548093767
5060.0  0.0918942371344260711  0.0065645627108076501
5076.0  0.0868976897558846190  0.0063867785302233956
5093.0  0.0814658319858538038  0.0061563545030237973
5110.0  0.0991286196940896341  0.0061349255051008295
5127.0  0.0977328535129667053  0.0059630578252769318
5144.0  0.1071867362842205129  0.0059677412025882816
5162.0  0.1055424505225746878  0.0066387949964694711
5179.0  0.1438098009086995199  0.0086834712228300911
5196.0  0.1323328935229381442  0.0057538636696686293
5213.0  0.1281937560201230897  0.0055155393941458321
5231.0  0.1361533209821651491  0.0054328936633357945
5248.0  0.1557590180107542854  0.0054234100010123647
5266.0  0.1429768165085123777  0.0052742404034547188
5283.0  0.1246681156705991972  0.0050200943941374572
5301.0  0.1272747206870958048  0.0048931903276965144
5318.0  0.1207495115245076633  0.0047578974552727506
5336.0  0.1224832862037960463  0.0047057976260707571
5354.0  0.1155813253323508261  0.0045750595904500034
5372.0  0.1196236648042219575  0.0044727121834848898
5390.0  0.1134868872668635675  0.0043661377495219965
5408.0  0.1135463557528112594  0.0042747887440609698
5426.0  0.0972417460339099482  0.0041457972511605452
5444.0  0.1118983612197802513  0.0042724264693317282
5462.0  0.0995358177447757536  0.0046048183066694963
5480.0  0.0881402053068365693  0.0041107450551974289
5498.0  0.0846186315319276267  0.0039373753968564833
5517.0  0.0847837788431729106  0.0038383025707784228
5535.0  0.0805114228224193818  0.0037036039730637808
5553.0  0.0899170534975250457  0.0036844499958000451
5572.0  0.0821746752438023698  0.0036071323394354484
5590.0  0.0802036121917535649  0.0035023229136663930
5609.0  0.0780310728737867443  0.0034234877167768152
5628.0  0.0644778937150087550  0.0032942144908876627
5647.0  0.0587997448210503607  0.0031664698587970230
5665.0  0.0599379472628779678  0.0031438963115691418
5684.0  0.0529301787343537805  0.0030929841964559123
5703.0  0.0556782936344921014  0.0030519771032525350
5722.0  0.0511316312483765592  0.0030081295214070430
5741.0  0.0526417209265982733  0.0029305168372427276
5760.0  0.0569902241232479734  0.0029732655963161832
5780.0  0.0617476614621315506  0.0030950650435670507
5799.0  0.0738076551226159172  0.0031051670221428815
5818.0  0.0772623865580090441  0.0030565500254262326
5838.0  0.0995408805262692487  0.0036554308619835721
5857.0  0.1026274083818208976  0.0032063486469647764
5876.0  0.1049720707086421734  0.0030300223340062669
5896.0  0.1022392059721194818  0.0031169639640224989
5916.0  0.1018969956968467372  0.0028913507104757572
5935.0  0.0952304356193895696  0.0028073572385665124
5955.0  0.0849024970554661806  0.0027459435930062945
5975.0  0.0773971502717966109  0.0026991020121281640
5995.0  0.0802208779431816538  0.0027908891822945622
6015.0  0.0694392580895265982  0.0026055659075687734
6035.0  0.0815865333525507275  0.0027522262091624230
6055.0  0.0651325498307944867  0.0026272463260539852
6075.0  0.0481235687178927368  0.0025158210822991780
6095.0  0.0400342009019607897  0.0023996670066453222
6116.0  0.0281631058942686321  0.0021956243242131370
6136.0  0.0242119981973993835  0.0021263430222382396
6157.0  0.0304885751081610291  0.0021653633304842645
6177.0  0.0286739758014974214  0.0021138566544508684
6198.0  0.0340660890351327725  0.0021129394335079963
6218.0  0.0494380324843393254  0.0021882475314620774
6239.0  0.0544408048844971862  0.0021701833831524091
6260.0  0.0593935619391077543  0.0021668039661617159
6281.0  0.0640069261269830131  0.0021940615371033598
6302.0  0.0647497900252897302  0.0021600250598669524
6323.0  0.0722489750070952896  0.0022644063314190077
6344.0  0.0705981512735288225  0.0024307338496483404
6365.0  0.0713187524956725438  0.0025958934291997592
6386.0  0.0684172750163327958  0.0024549873021315369
6407.0  0.0678702200978136966  0.0023738875644618751
6429.0  0.0687333554863652496  0.0022944148181410539
6450.0  0.0632297126821783489  0.0022774537457842035
6471.0  0.0633195321873890188  0.0022101334156256897
6493.0  0.0665980087212895838  0.0021129921081889116
6515.0  0.0582413185953942411  0.0020173591098393289
6536.0  0.0635722046681213987  0.0020970925455638489
6558.0  0.0637772226940674786  0.0020938031305768193
6580.0  0.0505818730262874924  0.0019894481469420432
6602.0  0.0512033142850382428  0.0019476088395861762
6624.0  0.0475969483843661223  0.0019689264515049126
6646.0  0.0463369367734866727  0.0019628377886557660
6668.0  0.0426218963922623192  0.0019652514416904289
6690.0  0.0366309945192942465  0.0018571410212630144
6713.0  0.0417158118506612829  0.0025475435862370886
6735.0  0.0369656983059523589  0.0021264719878261351
6757.0  0.0302433767769411596  0.0024357707340543324
6780.0  0.0264038442316926435  0.0022751413684565375
6803.0  0.0313569280530628519  0.0023202164773599254
6825.0  0.0334985140196309775  0.0021546827458292575
6848.0  0.0334164612364665076  0.0019769296104936453
6871.0  0.0299759314646614802  0.0019557041292437962
6894.0  0.0244327463595129316  0.0018841854131436146
6917.0  0.0274081484224054685  0.0017744242155192799
6940.0  0.0254682735670121833  0.0019623459000858833
6963.0  0.0330871776912894239  0.0017683623625244392
6986.0  0.0368937977553082039  0.0020279548146071753
7009.0  0.0268240556667664644  0.0018119851116731784
7033.0  0.0258063481184467626  0.0019412802323668444
7056.0  0.0292841280448131076  0.0034652281353368345
7079.0  0.0251897462427384602  0.0026873539489720003
7103.0  0.0251120554260704960  0.0020641997892366331
7127.0  0.0228544998317410340  0.0017717200869143477
7150.0  0.0263360589351557019  0.0024580322100700882
7174.0  0.0259732967049054013  0.0019958805405945342
7198.0  0.0318674133248277452  0.0023254341508959424
7222.0  0.0259444521220092220  0.0022704151393984290
7246.0  0.0240890248010996559  0.0023336398415052537
7270.0  0.0225388878714388556  0.0021127435394174715
7295.0  0.0268885825680789808  0.0025468799988044894
7319.0  0.0249945992550381739  0.0022331374975898041
7343.0  0.0247423795904285759  0.0026268959712816417
7368.0  0.0159498384101557956  0.0019723821098904986
7392.0  0.0180340800939973282  0.0023191103361211579
7417.0  0.0187279583271188904  0.0022467553315539332
7442.0  0.0168564465159669469  0.0022118140385463591
7466.0  0.0177868651408289551  0.0018805806700599246
7491.0  0.0110274333116020546  0.0017591979435911385
7516.0  0.0114662313259655951  0.0017960765486406190
7541.0  0.0083769922597005143  0.0016968636676485921
7566.0  0.0147531530615727362  0.0017601994879357255
7592.0  0.0192887896004777237  0.0017952871145583676
7617.0  0.0156852507593210726  0.0017158157860327160
7642.0  0.0119581197324699039  0.0017817364892044108
7668.0  0.0130115643056633156  0.0019567516498547278
7693.0  0.0192709942646491703  0.0028091853445020311
7719.0  0.0179223316850949839  0.0018680559013913764
7745.0  0.0257713342163441508  0.0029894440720990394
7770.0  0.0167052081895272611  0.0020999596211918959
7796.0  0.0176384309252445373  0.0026372364013267087
7822.0  0.0209608717946823155  0.0025850623359618048
7848.0  0.0270446568331235600  0.0025413778587009836
7874.0  0.0152795426679481379  0.0020466521485645352
7901.0  0.0180822297082617149  0.0019043160430573807
7927.0  0.0149541907753773552  0.0019316666495935711
7953.0  0.0148597288764663951  0.0017387339610234192
7980.0  0.0158045564791015718  0.0019827976171295468
8007.0  0.0144181157039105119  0.0028729214812430043
8033.0  0.0214514156697202668  0.0030006156682575256
8060.0  0.0187098492971519911  0.0020776462498315060
8087.0  0.0077831388875707038  0.0017330969006656423
8114.0  0.0048925668280280412  0.0021841579505677642
8141.0  0.0159480354827092261  0.0031951879618654640
8168.0  0.0106057629350442238  0.0018710425475194381
8195.0  0.0159396384856044376  0.0034397395115512153
8222.0  0.0098079357267706058  0.0022405041254272111
8250.0  0.0138386336443972503  0.0029873298631679854
8277.0  0.0079117822648498218  0.0029011580969828758
8305.0  0.0096352195330461979  0.0029007722152665921
8333.0  0.0128854395643689026  0.0023373955722322841
8360.0  0.0118518621771222400  0.0023585664685011275
8388.0  0.0124827391819850326  0.0023018450903065095
8416.0  0.0118426808002191439  0.0019586868460947835
8444.0  0.0156500201953189422  0.0021345488486396941
8472.0  0.0158412591456910390  0.0019543883804398802
8500.0  0.0211949661252045021  0.0021747147651586403
8529.0  0.0272241295655230586  0.0020629390136123684
8557.0  0.0320200812060664336  0.0023498988389698476
8586.0  0.0314901044776186162  0.0022888284078053747
