#@Telescope UH88 
#@Reference Saunders et al. (2018) 
#@Redshift 0.0  
#@Spectrum Train_SN45_0.dat 
#@SN-Name Train_SN45  
#@Phase -6.654 
#@Survey SNFactory 
#@SN-Type SNIa 
#@Units Flux 
# 
# WAVE : 
# SN_SPEC : 
# SN_ERR : 
#end 
3305.0 0.0978432519591294209    0.0218054293466791310
3317.0 0.0538072458753101265    0.0216535701714614323
3328.0 0.0444472984028760135    0.0207007931633810607
3339.0 0.0719040625317342308    0.0199151636774238909
3350.0 0.0354026872100253256    0.0187172942740666051
3361.0 0.0631068147915098271    0.0186928808361340910
3372.0 0.0479686358832075790    0.0183704241863961309
3383.0 0.1060426867531079897    0.0190259128542808569
3395.0 0.1216588452871844028    0.0188913899113028090
3406.0 0.1379487807595911331    0.0179299521109030843
3417.0 0.1591504641403356513    0.0179883555407761228
3429.0 0.1815032517090107711    0.0176476217451749726
3440.0 0.1949816573328007896    0.0171631726887158352
3452.0 0.2171672208342248778    0.0173478819996591531
3463.0 0.1898044195252453770    0.0173078502072017797
3475.0 0.1757336771381692586    0.0168955927586756822
3486.0 0.2160783772721000806    0.0165315420117674271
3498.0 0.1677176403768645130    0.0158069734625993774
3509.0 0.1610898191952604419    0.0157483820697286656
3521.0 0.1469552853310863993    0.0154568314840733169
3533.0 0.1173012551988027174    0.0147815404904402606
3545.0 0.1144528873678213737    0.0140116779991869469
3556.0 0.0562121041096656365    0.0133543137216419784
3568.0 0.0590611740625920367    0.0131009791860994158
3580.0 0.0533353203237641321    0.0129779140286627407
3592.0 0.0436928839858050921    0.0129322629929250147
3604.0 0.0490034700346375987    0.0130196405913081924
3616.0 0.0440923572584869805    0.0127692492706300391
3628.0 0.0254346472000750064    0.0120431659657871080
3640.0 0.0427546785209785771    0.0120143840971621962
3652.0 0.0460948693249929181    0.0120852064595093449
3664.0 0.0528629993832461093    0.0122053478553268372
3677.0 0.0597582494485453808    0.0120647425644003076
3689.0 0.0542856865120132231    0.0121920426961420695
3701.0 0.0695371612090564806    0.0126401962644803641
3714.0 0.1003419819818167913    0.0130195191069707745
3726.0 0.0719328713866848463    0.0118744564221356704
3738.0 0.1022065030297149985    0.0115282768000659550
3751.0 0.1173708178068900432    0.0113847608639192008
3763.0 0.1285754648825603030    0.0113905612313534594
3776.0 0.1263470517938390381    0.0110124663633976300
3788.0 0.1603127200667650853    0.0113766176525003249
3801.0 0.1688541366150358713    0.0117686206425979007
3814.0 0.1969012619156859378    0.0121551922295133254
3826.0 0.2096869749558888107    0.0119110292923376281
3839.0 0.2489639784699655689    0.0118684115610021932
3852.0 0.2320740226662194872    0.0113116066668528161
3865.0 0.2369251593744479134    0.0112470141953233630
3878.0 0.2429402300951716553    0.0111157053173955491
3891.0 0.2456524021512645206    0.0111446407123838454
3904.0 0.2466782371724628720    0.0111404295987613706
3917.0 0.2591850266710663542    0.0110914368939332292
3930.0 0.2655539668425374034    0.0109594617585901735
3943.0 0.2360469162584816760    0.0105415869875892659
3956.0 0.2041426521518255044    0.0103126418576136338
3969.0 0.2031818982714509170    0.0101615014005108362
3982.0 0.1968251372376290109    0.0101580074613172693
3995.0 0.2130546574799617732    0.0101204596516077678
4009.0 0.2272280134619482639    0.0100946856189283903
4022.0 0.2243328830592184464    0.0101428729074187728
4036.0 0.2366732364906118380    0.0100292653703189048
4049.0 0.2533440968310217145    0.0100124092570719643
4062.0 0.2422678074776617729    0.0100356427202665053
4076.0 0.2433341286280363003    0.0101043788910994588
4090.0 0.2465172658983812437    0.0099519905251850942
4103.0 0.2310124182248385338    0.0096788623474933794
4117.0 0.2209432932389488458    0.0095854359576304365
4131.0 0.1960788523033339670    0.0094012829710999023
4144.0 0.1980794075224521500    0.0095379012201146710
4158.0 0.2056085752770077657    0.0096909125031879022
4172.0 0.1789935545634660508    0.0094515521582083251
4186.0 0.1636725442725455171    0.0092653578515383295
4200.0 0.1498042525638284828    0.0090893355885484760
4214.0 0.1511757586393592812    0.0090152842042748298
4228.0 0.1484788798813565791    0.0090057553876974270
4242.0 0.1182485184847401061    0.0087858527520995270
4256.0 0.1363509102204078227    0.0088482522645729946
4270.0 0.1296245323564119978    0.0086642781349471724
4284.0 0.1154459680673484562    0.0085051351996268034
4299.0 0.1206272595137444226    0.0083057113137710702
4313.0 0.1307334345573841206    0.0083092596642906202
4327.0 0.1357715585112109213    0.0084259638772713422
4342.0 0.1123996501399945058    0.0083300306772477444
4356.0 0.1364949500136557192    0.0083942657303674745
4371.0 0.1416166577883441746    0.0082710869913187011
4385.0 0.1472625152230468693    0.0082846962556215806
4400.0 0.1252100381980836563    0.0081231678582181135
4415.0 0.1238168727280799242    0.0080986102658515899
4429.0 0.1347614066135014999    0.0081618697075747770
4444.0 0.1645906638404150135    0.0083261505521468448
4459.0 0.1657074442868012587    0.0083150448838037981
4474.0 0.1709634544889286067    0.0084241056668071801
4489.0 0.1667469871812625737    0.0082990812307104610
4504.0 0.1643526039787380211    0.0082337881512460735
4519.0 0.1620988181804636774    0.0082949008991636784
4534.0 0.1521919906051021620    0.0082484417143741384
4549.0 0.1536912735515119366    0.0082312313257927750
4564.0 0.1461233764750343167    0.0082038452520415035
4579.0 0.1317916764255319950    0.0083181995658741931
4594.0 0.1153428293445492442    0.0084698416827912598
4610.0 0.0991928520326159080    0.0084819436822837872
4625.0 0.1329630593460500998    0.0093185206372941101
4640.0 0.1275526287660936342    0.0098076174358909616
4656.0 0.1123149887405409802    0.0104785335688502568
4671.0 0.1213070002149174154    0.0115239684419193612
4687.0 0.1161683343387839434    0.0126611929460223420
4703.0 0.1279022569746120219    0.0132595936829357011
4718.0 0.1150020206383036425    0.0131292475290652483
4734.0 0.1199661739486283241    0.0127738429192670241
4750.0 0.1206250310906922113    0.0124299851317542787
4766.0 0.1018707654757263770    0.0121844483377737591
4781.0 0.1101046856720030165    0.0114120738731962046
4797.0 0.0923146183142679461    0.0116068985054113283
4813.0 0.0957290570231045385    0.0122410480797513731
4829.0 0.0620594675255117245    0.0130254338644954105
4846.0 0.0465417540336501567    0.0111576848324106605
4862.0 0.0707005481080224263    0.0106849402636536046
4878.0 0.0985125130028652457    0.0108630875496073566
4894.0 0.1261783694961447211    0.0106974791928599235
4910.0 0.0924172916320542687    0.0099785380116786081
4927.0 0.1189396444034145073    0.0097567449077342727
4943.0 0.1129921428119229493    0.0090081474268183352
4960.0 0.1146995238164004866    0.0082675374509060783
4976.0 0.1230021175414302143    0.0078851739136068764
4993.0 0.1065572449834263496    0.0074366815635237178
5009.0 0.1140233101156678530    0.0072131263848775815
5026.0 0.1175708744488371399    0.0066979029853622253
5043.0 0.1259969336539880358    0.0066257477103817937
5060.0 0.1262540498857255000    0.0063568808922018945
5076.0 0.1449330438707661095    0.0062707893289944260
5093.0 0.1378760994637307224    0.0060567229481529100
5110.0 0.1190980916475845725    0.0057444650162922018
5127.0 0.1257967395948386413    0.0056826364969285214
5144.0 0.1234247748551704216    0.0055765718397934681
5162.0 0.1142032617586635906    0.0053388863190845315
5179.0 0.1076602923002575318    0.0051560143355393736
5196.0 0.1033140670437434627    0.0051213826740295187
5213.0 0.0858505531112791070    0.0053497651672899747
5231.0 0.0932826828391691981    0.0066348063217580109
5248.0 0.0923458994592152166    0.0047152893629876288
5266.0 0.0813432445879778421    0.0044990091383845937
5283.0 0.0865599458680721690    0.0043485165862641858
5301.0 0.0782579641005556881    0.0042048088306255119
5318.0 0.1024533753090193788    0.0043029264632737513
5336.0 0.0862200513146182540    0.0041854716233372608
5354.0 0.0859887021057007539    0.0040764901029156937
5372.0 0.0805615593309308153    0.0039767955441935158
5390.0 0.0856131953511304611    0.0038762725505601626
5408.0 0.0819816982596589389    0.0038049797676222661
5426.0 0.0816649992439145989    0.0037600557969999730
5444.0 0.0835208001936283695    0.0037155896967647076
5462.0 0.0852470628081283543    0.0037126889590842682
5480.0 0.0928073689973982485    0.0037172511362455148
5498.0 0.0958035559580004137    0.0037772492052604929
5517.0 0.1049750161256742809    0.0044743836920434349
5535.0 0.0996549985504068259    0.0037512434745078072
5553.0 0.1006818278962287316    0.0036651779678033521
5572.0 0.0943012730157850171    0.0035726796500237523
5590.0 0.0935684923879714914    0.0034656965718442303
5609.0 0.0980521675415705340    0.0033653869144402940
5628.0 0.1038078922199958537    0.0033486621049809823
5647.0 0.0922270361300247948    0.0031815367266724548
5665.0 0.0984394897025423071    0.0031629971333854692
5684.0 0.0933221477040450664    0.0030683478725030298
5703.0 0.0943070940931360208    0.0029991424633202157
5722.0 0.0883433717901344062    0.0029580367308425499
5741.0 0.0857701158271300529    0.0029113695594216028
5760.0 0.0847557671705171378    0.0028748231878397432
5780.0 0.0886433376970788417    0.0028758824107771117
5799.0 0.0873354048299938013    0.0028167742752687164
5818.0 0.0898105197079470535    0.0028017748930339635
5838.0 0.0910661521449429856    0.0029071828956449032
5857.0 0.0867686655101466003    0.0028372373506444014
5876.0 0.0836940786699681000    0.0027726785944526427
5896.0 0.0679374566531142504    0.0038215130317033031
5916.0 0.0625721310219874566    0.0028123804078619479
5935.0 0.0539001521198362449    0.0024801338007999578
5955.0 0.0531717519671733932    0.0028977094511962228
5975.0 0.0563670078588607848    0.0025137174751811899
5995.0 0.0521141160442438467    0.0022991098593852744
6015.0 0.0484106760678021109    0.0022362483354422653
6035.0 0.0480250743198742253    0.0022190002028579336
6055.0 0.0439987178276730895    0.0023004457223803594
6075.0 0.0402654773540655903    0.0021475623873095633
6095.0 0.0358962081904724215    0.0021702523419967379
6116.0 0.0445036043340818477    0.0021561034549518457
6136.0 0.0534313478464007036    0.0022173652197181280
6157.0 0.0604177879494283629    0.0022444510615665073
6177.0 0.0664717276854834976    0.0021706333489531987
6198.0 0.0724415872422949775    0.0021273817850694572
6218.0 0.0773532113015577144    0.0021287930336227816
6239.0 0.0766433783566272259    0.0021086483025848646
6260.0 0.0820325105004421906    0.0020910975998131628
6281.0 0.0730338911787129508    0.0020524281049351337
6302.0 0.0695658504129361699    0.0020131722705255019
6323.0 0.0734625598614598446    0.0020114556952351794
6344.0 0.0681362197226418193    0.0019482324124547631
6365.0 0.0786049392939793951    0.0019750358138183009
6386.0 0.0795124835327110646    0.0020424762157804370
6407.0 0.0757485727853157292    0.0022103866604752400
6429.0 0.0737280226749050943    0.0023223097615022864
6450.0 0.0780629109669945392    0.0022197914619668559
6471.0 0.0722804330392169542    0.0021346294107379999
6493.0 0.0663649404129617454    0.0020354091890613111
6515.0 0.0691615939145434344    0.0020204723808634061
6536.0 0.0688014298225536891    0.0019764937032169675
6558.0 0.0654709524132995185    0.0018695267301517726
6580.0 0.0696549471508066120    0.0018480345374158871
6602.0 0.0652205577387471452    0.0018397469386322986
6624.0 0.0680294563014364334    0.0018206159922862580
6646.0 0.0643906263013750008    0.0017973227331754859
6668.0 0.0577452432031164489    0.0017380159672893930
6690.0 0.0570203492712451285    0.0017282985568499245
6713.0 0.0564419742716041686    0.0017044940774120895
6735.0 0.0568870075888052509    0.0017255683096587622
6757.0 0.0571001741023118708    0.0017046784748100253
6780.0 0.0536676088870047391    0.0022887837652963987
6803.0 0.0561660463834324081    0.0019353898205801013
6825.0 0.0569560410363451342    0.0022351046446567281
6848.0 0.0539602334548729481    0.0020895342483591914
6871.0 0.0475608797206267600    0.0021109680492753060
6894.0 0.0487758470537753078    0.0019884170139075133
6917.0 0.0502954027649182914    0.0018308074030407148
6940.0 0.0438015283124448887    0.0017907144295548007
6963.0 0.0453734237540044313    0.0017321528673123192
6986.0 0.0461968448662324060    0.0016830708829538414
7009.0 0.0468591722280440742    0.0019085741267604291
7033.0 0.0495839530224001790    0.0016609121102062932
7056.0 0.0494628776091710770    0.0019613451566015709
7079.0 0.0463709404455806065    0.0017194320017031993
7103.0 0.0517185119353632539    0.0019081537067395494
7127.0 0.0489873276024969176    0.0030758176446889982
7150.0 0.0454838611215445318    0.0023886013781878545
7174.0 0.0427966308034752399    0.0018917121045284157
7198.0 0.0454919706732399495    0.0016412873334432098
7222.0 0.0460103869481881186    0.0021279017308494484
7246.0 0.0397317814876864059    0.0018087395391843122
7270.0 0.0417015570940098904    0.0021071716287226479
7295.0 0.0398644678133803013    0.0020232268718898658
7319.0 0.0402369773022521332    0.0021038160070155458
7343.0 0.0330811263570964104    0.0019325785081026514
7368.0 0.0320773783397523965    0.0023994842300987078
7392.0 0.0348310424316270670    0.0019496625137554165
7417.0 0.0330188448998077963    0.0024809771350917270
7442.0 0.0360470953801093549    0.0018587147804414853
7466.0 0.0276993672328019018    0.0022091079566049906
7491.0 0.0321456920737473104    0.0021440932762021598
7516.0 0.0306844636960331360    0.0021038946953803954
7541.0 0.0358810666306361575    0.0017916101065899828
7566.0 0.0281885737532889917    0.0016140975336517197
7592.0 0.0349835361776370188    0.0016900995931281068
7617.0 0.0356113185690641668    0.0015667047401940774
7642.0 0.0318791632874377145    0.0015740123579266404
7668.0 0.0298055238618227906    0.0015453423314714628
7693.0 0.0220236956452895746    0.0014391932344051399
7719.0 0.0208683713988647296    0.0014600772134430698
7745.0 0.0111943213835518571    0.0016556013248578488
7770.0 0.0119404292814473713    0.0025604719482132951
7796.0 0.0060774702670346268    0.0015384621821108594
7822.0 0.0132343761447408503    0.0027335388913184689
7848.0 0.0019727239177605637    0.0017676608184560845
7874.0 0.0030907796035839403    0.0023605580908975473
7901.0 0.0068094516198248184    0.0023139337244451994
7927.0 0.0108285701788374458    0.0022710249210783034
7953.0 0.0075634767310245581    0.0017297741924181907
7980.0 0.0121210892360376962    0.0016298722318940277
8007.0 0.0186633648128572693    0.0016733177158836010
8033.0 0.0202620814737293868    0.0014297887409541873
8060.0 0.0185172923821827241    0.0015414973211772358
8087.0 0.0228036879082824592    0.0018381995310976949
8114.0 0.0264648280745134919    0.0019200948685814147
8141.0 0.0217527025161894060    0.0015492700998578116
8168.0 0.0222205109639162374    0.0014259587114682963
8195.0 0.0145263563244269582    0.0019141252322230108
8222.0 0.0260117416522773794    0.0029111884134864303
8250.0 0.0195061711864479154    0.0016267746148648820
8277.0 0.0251493785622354422    0.0031030503301163665
8305.0 0.0259595148304277573    0.0020246862206116556
8333.0 0.0339619727534928792    0.0027376637430234097
8360.0 0.0325200982683779838    0.0026319827859068246
8388.0 0.0283836118691171806    0.0026179206109676919
8416.0 0.0307248616661748679    0.0020152660177481575
8444.0 0.0311904891272376562    0.0020377686383485638
8472.0 0.0290549895925647401    0.0019738095032632505
8500.0 0.0328041382217830399    0.0016349394970883253
8529.0 0.0286945268780739275    0.0017974064257017157
8557.0 0.0310441115126603231    0.0016192757087586812
8586.0 0.0285253118378460818    0.0017390312382282716
