#@Telescope UH88 
#@Reference Saunders et al. (2018) 
#@Redshift 0.0  
#@Spectrum Train_SN115_11.dat 
#@SN-Name Train_SN115  
#@Phase 30.709 
#@Survey SNFactory 
#@SN-Type SNIa 
#@Units Flux 
# 
# WAVE : 
# SN_SPEC : 
# SN_ERR : 
#end 
3305.0  0.0059097001660110837  0.00477613352021724526
3317.0  0.0142841585543115202  0.00489826238253210020
3328.0  0.0097541113146008308  0.00475638572239867486
3339.0  0.0059203426789995644  0.00473513208512539672
3350.0  0.0059343611028860729  0.00464007099914557752
3361.0  0.0027554167143791154  0.00450576786294390203
3372.0 -0.0059358979385501238  0.00428010551668822452
3383.0  0.0142854193346424324  0.00453634463372131619
3395.0  0.0279183001258751610  0.00458381274892306206
3406.0  0.0114923163759875144  0.00436960170706439822
3417.0  0.0112821612046029515  0.00432124453744381701
3429.0  0.0038441132840779800  0.00416151757979232959
3440.0  0.0034107771529769122  0.00413659720500257448
3452.0  0.0013819945819071146  0.00397418239154897525
3463.0  0.0096243780538077667  0.00405646798502902386
3475.0  0.0040322158165533393  0.00381034929416232187
3486.0  0.0092897418929645433  0.00367184182603514644
3498.0  0.0093882755635136123  0.00369352613767091409
3509.0  0.0218943450371476417  0.00371335204200659748
3521.0  0.0240571777174720322  0.00372851978968687884
3533.0  0.0237884379186850924  0.00376434833345565701
3545.0  0.0234136812174393465  0.00359758552713280782
3556.0  0.0276021865923572786  0.00357396101106027602
3568.0  0.0252899554740803473  0.00359281636758845228
3580.0  0.0260515241676716851  0.00352043377944834474
3592.0  0.0216385183467998968  0.00338756702517548991
3604.0  0.0225951004503060111  0.00336191851880747114
3616.0  0.0174483497309385234  0.00318482846326797542
3628.0  0.0254259611642023674  0.00316642935982407083
3640.0  0.0327503994729652706  0.00323476782150989911
3652.0  0.0275260631816804449  0.00310788288265103491
3664.0  0.0339140350677924751  0.00315865644819632915
3677.0  0.0352386193722556834  0.00332853616014008999
3689.0  0.0324486470655545242  0.00344896188752553999
3701.0  0.0338101480086169595  0.00337092982826214544
3714.0  0.0244807292359238773  0.00301600958078339495
3726.0  0.0304478355170096915  0.00313402664772218084
3738.0  0.0184768953594932617  0.00298641489998611922
3751.0  0.0162391152019150387  0.00289700430383637870
3763.0  0.0120241269533760305  0.00299764344137746011
3776.0  0.0161679775423701107  0.00291346725270456245
3788.0  0.0239714075508799286  0.00298624481727986823
3801.0  0.0239296111803924648  0.00313759564641763163
3814.0  0.0274631799866912607  0.00310404907961163695
3826.0  0.0277124171750767062  0.00287898074348685168
3839.0  0.0335234687690604480  0.00280374356782951868
3852.0  0.0317134823740161040  0.00275638146825424269
3865.0  0.0460552227343846640  0.00295672225862254239
3878.0  0.0490152665874383983  0.00293830978018147894
3891.0  0.0542448225905417178  0.00309972941124970515
3904.0  0.0502529902258077935  0.00315565566471723291
3917.0  0.0503131345941565111  0.00305805362537367106
3930.0  0.0528169319424417333  0.00294211116425014112
3943.0  0.0472442909798867494  0.00285430553047433819
3956.0  0.0574638955887101927  0.00290405629743028691
3969.0  0.0606527037813435199  0.00280644075245803154
3982.0  0.0551576146736081074  0.00280083753292257676
3995.0  0.0451997311294722037  0.00270780429577495863
4009.0  0.0374810839253629721  0.00255066747032433889
4022.0  0.0426808744387089309  0.00257373186438414900
4036.0  0.0382115470297137022  0.00254479662685016877
4049.0  0.0364260818790640567  0.00248382699801788205
4062.0  0.0409764578914847410  0.00251341107228783252
4076.0  0.0332228983457301605  0.00243950858832055759
4090.0  0.0340402368705923150  0.00239367049987133018
4103.0  0.0365495958570361823  0.00236882096732455400
4117.0  0.0374554746127693655  0.00235988685704658935
4131.0  0.0400339979177716243  0.00240041858946694409
4144.0  0.0394518923880364525  0.00238847998344861399
4158.0  0.0386642138924226039  0.00240393304412241451
4172.0  0.0423540566098374247  0.00246171851704057214
4186.0  0.0439046057099288164  0.00243212511495471831
4200.0  0.0392002497294338670  0.00239176620134379323
4214.0  0.0316436643504667964  0.00233881585945450990
4228.0  0.0347622509077514866  0.00234186335814458258
4242.0  0.0432129790888976240  0.00244083225975458935
4256.0  0.0429019163696797226  0.00241990924432113671
4270.0  0.0410368370037438590  0.00236786584960573063
4284.0  0.0410484647750952378  0.00234615355077952238
4299.0  0.0363107979819475638  0.00230092182054633275
4313.0  0.0343417319017352909  0.00228711265272725072
4327.0  0.0381454536838519917  0.00230872781845329776
4342.0  0.0401491485007912721  0.00230694212376099427
4356.0  0.0341371222365772428  0.00222469201941169568
4371.0  0.0303458274417010253  0.00213666635462066417
4385.0  0.0307350497577003404  0.00213291365560125228
4400.0  0.0337633316591566465  0.00214221942677856507
4415.0  0.0263021840813745036  0.00205269452717065206
4429.0  0.0215997409168198623  0.00201791724407334111
4444.0  0.0266255990335115926  0.00205164456224066856
4459.0  0.0233650496354603290  0.00204432276139063576
4474.0  0.0289849888962105014  0.00211590936507353045
4489.0  0.0333708942312586493  0.00210152197499262946
4504.0  0.0355676701977799617  0.00212460419421639382
4519.0  0.0389687430446088376  0.00216299510971662817
4534.0  0.0489956996505233541  0.00224812768270940457
4549.0  0.0604591049654814722  0.00234810534814998027
4564.0  0.0726967860238633273  0.00239893441745104566
4579.0  0.0805784700836911366  0.00246974034579575683
4594.0  0.0814215161697517537  0.00243205377741799672
4610.0  0.0807034537972021321  0.00248339163799621027
4625.0  0.0857468140280222835  0.00254584218505945472
4640.0  0.0854222941784392870  0.00253101625886237736
4656.0  0.0610134914021079749  0.00232559508968429142
4671.0  0.0531842865779467988  0.00236247208748276497
4687.0  0.0391398965246245525  0.00232294857791525517
4703.0  0.0414201317557722215  0.00235788455912376051
4718.0  0.0358034500049737650  0.00241695510015860768
4734.0  0.0392576350658478540  0.00258929904509392792
4750.0  0.0311275109924593132  0.00270359816161851131
4766.0  0.0356970982723054941  0.00299774399743144536
4781.0  0.0367268490768403177  0.00323360335599383189
4797.0  0.0467336560510953763  0.00347950683768850130
4813.0  0.0435393764315087639  0.00349826369162747723
4829.0  0.0432871041814280461  0.00290405553660338153
4846.0  0.0309739732920260163  0.00276083401875149275
4862.0  0.0344039917051832886  0.00277986142981837773
4878.0  0.0385826749184579737  0.00460722765232135685
4894.0  0.0366893025021342856  0.00396317574857992308
4910.0  0.0464861007868119097  0.00335342354978433298
4927.0  0.0505982450336681586  0.00293956310135146809
4943.0  0.0633566741758137264  0.00281901101648667678
4960.0  0.0507534248648915040  0.00268141964087071673
4976.0  0.0404179009140405304  0.00252371495339234579
4993.0  0.0271848193175287280  0.00230205806360110664
5009.0  0.0362075443214541909  0.00232652063270211932
5026.0  0.0320495489361449087  0.00206144810500917368
5043.0  0.0275470727551374861  0.00193826293293858712
5060.0  0.0312053656273175752  0.00182899651955670218
5076.0  0.0274620694836565683  0.00170575505290417018
5093.0  0.0296396484998604874  0.00167887018893665696
5110.0  0.0274227457864870856  0.00157942013123113251
5127.0  0.0307172676521211725  0.00156325394951287752
5144.0  0.0322278058654290253  0.00154011886859148394
5162.0  0.0290338726038172831  0.00148231594961398738
5179.0  0.0362446561494171107  0.00146584101995762481
5196.0  0.0410283565955124399  0.00149939710194445393
5213.0  0.0485929157621120197  0.00150771543940512380
5231.0  0.0522107839906071833  0.00149537142068261754
5248.0  0.0511747071393876124  0.00150761522466412272
5266.0  0.0604333291024366087  0.00184217011574620143
5283.0  0.0649558506796581864  0.00193980856970528263
5301.0  0.0620619994083307092  0.00148444430758764537
5318.0  0.0673792229438410217  0.00149173420317215530
5336.0  0.0644841696809354131  0.00146009457152009871
5354.0  0.0619671540053479131  0.00142694543742341432
5372.0  0.0681135514758366423  0.00144116990916710245
5390.0  0.0715265479041353319  0.00142387656713177028
5408.0  0.0717470343515010656  0.00138701326101313503
5426.0  0.0791391955997287483  0.00140800113895588053
5444.0  0.0805451183216970706  0.00141287808325658674
5462.0  0.0876941811161450480  0.00142409918908184530
5480.0  0.0974478047884845128  0.00143621916782465486
5498.0  0.0994002699132946616  0.00142128882770468489
5517.0  0.0972114852483462466  0.00138687345177350148
5535.0  0.0966963148131914779  0.00136247826935751771
5553.0  0.0962713832200509517  0.00137872641272514989
5572.0  0.0902434841723161463  0.00148907150130994062
5590.0  0.0816514069559400590  0.00128747357811599336
5609.0  0.0802000663711470718  0.00126076279646896122
5628.0  0.0726591954832760678  0.00121960120185321953
5647.0  0.0675587724265348660  0.00116997418822094149
5665.0  0.0603131080157924548  0.00109233526951866265
5684.0  0.0516406331869133026  0.00105075821340151602
5703.0  0.0465091195107750141  0.00100320191200125295
5722.0  0.0448889124392610195  0.00096877432804158992
5741.0  0.0504890587728478099  0.00098274235080935248
5760.0  0.0534714410573172289  0.00098708103836295876
5780.0  0.0623092947769570832  0.00100581735518115315
5799.0  0.0637039507867818572  0.00101465399638261608
5818.0  0.0692372221971291613  0.00103195812721911277
5838.0  0.0749234702158196736  0.00105730515073786308
5857.0  0.0794852925483230111  0.00106656292049649918
5876.0  0.0774941976424849688  0.00105240093768534148
5896.0  0.0753543567239993856  0.00104995860154376785
5916.0  0.0768405771270991855  0.00103285439933657286
5935.0  0.0659555197047978214  0.00099144015635390238
5955.0  0.0614298629540946314  0.00141181142786170940
5975.0  0.0478162704996576426  0.00091321463911532379
5995.0  0.0442918401394056388  0.00085136984288229482
6015.0  0.0406314140893942952  0.00102335047742089960
6035.0  0.0414909046585383648  0.00081634048654336596
6055.0  0.0406858846362492046  0.00078005755630862874
6075.0  0.0411769095082157727  0.00078060510996279264
6095.0  0.0432443229309284541  0.00076427721518554576
6116.0  0.0387997220163728423  0.00077757042264473193
6136.0  0.0316903305315821004  0.00071242684366967725
6157.0  0.0332206569697435089  0.00072888212484637752
6177.0  0.0388903892405336946  0.00075993711869400170
6198.0  0.0449928798591567869  0.00078393568295648470
6218.0  0.0486996599516541923  0.00078210857101091488
6239.0  0.0456322938058824693  0.00074229346100041697
6260.0  0.0430213422071898943  0.00071605341409255628
6281.0  0.0413420090034711044  0.00070030225961862746
6302.0  0.0425380638420064724  0.00070142801626072891
6323.0  0.0451294555231444711  0.00070675909695995303
6344.0  0.0494553839452294627  0.00071893046873128133
6365.0  0.0533045010219187557  0.00072909057672746261
6386.0  0.0604568554114778556  0.00075293194496085499
6407.0  0.0661063045218457934  0.00076479271788560278
6429.0  0.0707198858742970754  0.00077908750487144015
6450.0  0.0740557650386826499  0.00082729373275061777
6471.0  0.0764943367269399072  0.00083704824070939747
6493.0  0.0752889627174791048  0.00090465648967391523
6515.0  0.0753483289936985601  0.00085899213534211224
6536.0  0.0746617667753708275  0.00084643447337954809
6558.0  0.0752547219312037219  0.00085051640191233875
6580.0  0.0711269548874768204  0.00081063239192971919
6602.0  0.0667298950233153471  0.00077085020527290437
6624.0  0.0618064051215465315  0.00073026661202296988
6646.0  0.0551886741902927122  0.00068538076942092495
6668.0  0.0484558240408690249  0.00067041521695442659
6690.0  0.0419957922107842829  0.00062964351616828903
6713.0  0.0401259292886127286  0.00061241299190497656
6735.0  0.0377368293646433914  0.00059132457533283200
6757.0  0.0354860552488596437  0.00058742675486008562
6780.0  0.0340187734418208321  0.00058220601528522625
6803.0  0.0315242822981461404  0.00056721871682465419
6825.0  0.0313003246188662057  0.00055458753486106597
6848.0  0.0295418970350893283  0.00072070617162214932
6871.0  0.0319562059388793160  0.00063908583390581805
6894.0  0.0295786081974330102  0.00066414909223569505
6917.0  0.0301153157228208554  0.00066815013644886117
6940.0  0.0334071909974492584  0.00066723876640395864
6963.0  0.0310128446576861776  0.00065170491049150968
6986.0  0.0282093900552064479  0.00057481887335426374
7009.0  0.0295316660613806660  0.00057654651740106095
7033.0  0.0275676871110067181  0.00056565356208991796
7056.0  0.0257265502943447473  0.00055421792287826499
7079.0  0.0245742192132953480  0.00058072930516451474
7103.0  0.0284434478684405211  0.00057918051233008341
7127.0  0.0290391205714305468  0.00061120243162589218
7150.0  0.0277019867935843836  0.00058270223249913262
7174.0  0.0307910950036055509  0.00064949978793963704
7198.0  0.0342343240809678540  0.00092262674462513766
7222.0  0.0341155111742217979  0.00077249704382865005
7246.0  0.0325398314075246234  0.00062551408422053525
7270.0  0.0312444859855652360  0.00058480543231582570
7295.0  0.0339167743200349744  0.00074380263228271783
7319.0  0.0345719980822190021  0.00068126673914227856
7343.0  0.0380138931899051957  0.00069683605637926383
7368.0  0.0381914459428758166  0.00070261392951007518
7392.0  0.0418286651793105396  0.00073869369157920331
7417.0  0.0394418725082927302  0.00072908242354350662
7442.0  0.0401679307556301254  0.00078033424578702825
7466.0  0.0371284064136175804  0.00067499192676479165
7491.0  0.0361687885145605542  0.00081739892582828773
7516.0  0.0323865433444238890  0.00062175846830721856
7541.0  0.0309327952496442592  0.00071814117746874147
7566.0  0.0343848387132115602  0.00071607219219696754
7592.0  0.0348797990205297823  0.00070369209959005919
7617.0  0.0360487558265361260  0.00064558356371010477
7642.0  0.0372883408480553027  0.00060450684750613004
7668.0  0.0416445353753159275  0.00062956449379116279
7693.0  0.0400045283637353657  0.00061416152282927174
7719.0  0.0417493312627716870  0.00060459652950819759
7745.0  0.0375285143616188865  0.00059383408396210691
7770.0  0.0379232438691760945  0.00058869541772618098
7796.0  0.0342045232796825416  0.00058182421813034982
7822.0  0.0349389667691728800  0.00067611545484320328
7848.0  0.0332783984188574355  0.00081137210879078463
7874.0  0.0280006442008992190  0.00058737804194628157
7901.0  0.0260562186941829636  0.00086071917733968506
7927.0  0.0227399154688194688  0.00062676445854139130
7953.0  0.0206290493079289636  0.00074445944116336511
7980.0  0.0221690817948227217  0.00074720458851334018
8007.0  0.0182970340144983333  0.00069487116369199562
8033.0  0.0188691933997173211  0.00061684669034362948
8060.0  0.0172117315125048451  0.00048754081248047180
8087.0  0.0180214317106674668  0.00053987167483415355
8114.0  0.0149831209441106325  0.00047371402122188273
8141.0  0.0115780304714280542  0.00048809156187389513
8168.0  0.0062845271389539133  0.00057354007539385781
8195.0  0.0047941405999178599  0.00058094890862210276
8222.0  0.0038306074732257639  0.00042194968997086464
8250.0  0.0049171072720656812  0.00040240311594850873
8277.0  0.0031171725589121129  0.00064097626563260751
8305.0  0.0066072476656354713  0.00078683978041448348
8333.0  0.0069041998531112897  0.00060118995562570023
8360.0  0.0072557578009981513  0.00085812438752650929
8388.0  0.0084972113762773697  0.00062692604736701806
8416.0  0.0078943538009458285  0.00074042106307829465
8444.0  0.0217431562302668850  0.00083352476319165515
8472.0  0.0248249506082910062  0.00079822556657032132
8500.0  0.0289213189416831530  0.00072994565621013437
8529.0  0.0340728366583472678  0.00064412448787246307
8557.0  0.0349643035189274240  0.00069656400360390124
8586.0  0.0355630592775681570  0.00063013853584873521
