#@Telescope UH88 
#@Reference Saunders et al. (2018) 
#@Redshift 0.0  
#@Spectrum Train_SN9_16.dat 
#@SN-Name Train_SN9  
#@Phase 34.456 
#@Survey SNFactory 
#@SN-Type SNIa 
#@Units Flux 
# 
# WAVE : 
# SN_SPEC : 
# SN_ERR : 
#end 
3305.0 -0.00224397058597709332  0.0103329167158100130
3317.0 -0.00092370099582049503  0.0099141427766561811
3328.0 -0.00622969678948788724  0.0095047517956794308
3339.0  0.00418962533111438742  0.0096352101087423519
3350.0 -0.01712480978902204340  0.0093604650613981419
3361.0 -0.00708811652740302077  0.0092142098880843310
3372.0  0.00180840575301020401  0.0088872106960899370
3383.0 -0.00916518559873675046  0.0086845622246460655
3395.0 -0.00128020590806791879  0.0090947853583454915
3406.0 -0.01043806293934778501  0.0082264740261351280
3417.0 -0.00455445687321605428  0.0086009564795005190
3429.0 -0.00913782348194526126  0.0083640857020246609
3440.0 -0.00803570337717147802  0.0082312656485159421
3452.0  0.02202798436751091798  0.0085989751937627437
3463.0  0.01797454505255145080  0.0084432613601312569
3475.0  0.01755854676330607586  0.0079069879716393062
3486.0  0.01197384061172014798  0.0078727866209450381
3498.0  0.00241244981704871004  0.0075087585706674351
3509.0 -0.00985898310897511017  0.0073885337885639347
3521.0  0.00022594223508987205  0.0073811874871666152
3533.0  0.01421291622552118238  0.0073487373719953964
3545.0  0.01483520223305199656  0.0073552201564783702
3556.0 -0.00045018698429356423  0.0071332307547427656
3568.0  0.00626643118485239320  0.0072620843136520837
3580.0  0.00670444139234612803  0.0067330660615581009
3592.0  0.00547963890891853874  0.0068738559369996731
3604.0  0.01069797690133977852  0.0062871424861431031
3616.0  0.00626685324104632804  0.0058805520061636545
3628.0 -0.00264052688924827942  0.0060227978037861694
3640.0 -0.00503528506433003308  0.0059344803925265510
3652.0 -0.00207317113473884460  0.0059918834594864488
3664.0 -0.00542798746310687447  0.0060126394703712890
3677.0  0.00837142848582702291  0.0064324824289197753
3689.0  0.01637978982400105712  0.0065179392227565315
3701.0  0.00938504181563647351  0.0059369026909275825
3714.0  0.00590395870132583416  0.0052592146372169701
3726.0  0.00449543600500865951  0.0057448652120084013
3738.0  0.01273271193499168376  0.0054871346274223340
3751.0  0.00320958394004090992  0.0058110331907151990
3763.0  0.00403465290958261030  0.0062769166982204931
3776.0  0.00323995103898151032  0.0063707999536566353
3788.0 -0.00854578250232975074  0.0065049127180133309
3801.0  0.00377039351728743416  0.0060882348437375031
3814.0  0.02429122852251709708  0.0058288741052056380
3826.0  0.00156942138736763438  0.0055043130551458187
3839.0  0.00189180748014779925  0.0054992318920730624
3852.0  0.01184127608408953869  0.0055415517913186161
3865.0  0.01780055570432862236  0.0055919167534084309
3878.0  0.00978501472587027521  0.0058657178780286224
3891.0  0.00484185724813113085  0.0059045724020827606
3904.0 -0.00428840575459066720  0.0056846081908458329
3917.0 -0.00077333203125620645  0.0054033869967605817
3930.0 -0.00207040720325400414  0.0053047320147822132
3943.0  0.00945698854091019461  0.0051707160836492036
3956.0  0.00432070989137628772  0.0050554919576141525
3969.0  0.01535924463995210626  0.0051411171935557198
3982.0  0.00173542128118418359  0.0049455226179094692
3995.0  0.01242710905353448109  0.0049150543469010880
4009.0  0.01649310055826468113  0.0048743086146221509
4022.0  0.01978697417380679072  0.0048100170894940491
4036.0  0.00404731813523862179  0.0046382912008185789
4049.0  0.00739742929928434260  0.0045274492406183649
4062.0  0.02214749840051096277  0.0043898959244995563
4076.0  0.01750724002132138593  0.0047083654178407463
4090.0  0.02712774446703769202  0.0046720211044364284
4103.0  0.00882299570209984715  0.0045726259979918336
4117.0  0.00936960626585841075  0.0046041783370461354
4131.0  0.00201275298710687891  0.0044520086407438342
4144.0  0.00216288392777531880  0.0044822385485116245
4158.0  0.00564502627413584167  0.0045360250258817481
4172.0  0.01178510581939096538  0.0046526356830319934
4186.0  0.00999088826435612885  0.0045690091234805415
4200.0  0.00137387852664438786  0.0044634479299711077
4214.0  0.01229809650266419120  0.0044878912588159174
4228.0  0.00551918739933997173  0.0044837100518287706
4242.0  0.00724059834402625800  0.0044785674490051205
4256.0 -0.00096631550353393539  0.0044501171659268183
4270.0 -0.00130288140806193958  0.0042791180449389269
4284.0  0.00380965246288746812  0.0042430828743929587
4299.0  0.01417100517068148845  0.0042638321375547197
4313.0  0.00768570563199282887  0.0041837220848471909
4327.0  0.00457472240865011443  0.0041435788713759065
4342.0 -0.00249819715289722544  0.0041554308368614550
4356.0  0.01910314036620117464  0.0042201351087628796
4371.0  0.01412836252747691826  0.0041420391696943221
4385.0  0.01243002626807957790  0.0040698602166531180
4400.0  0.00525336316368505730  0.0040329389090374927
4415.0  0.00681025948901088380  0.0039895522638341797
4429.0  0.01324757623122216517  0.0039907948000206103
4444.0  0.00703841560944678309  0.0039552525064308133
4459.0  0.01463930131779727500  0.0039416743186228365
4474.0  0.00344315978661493887  0.0038723230028027966
4489.0  0.00940768463137799625  0.0038843976458342519
4504.0  0.00678009804303126001  0.0039024547984678848
4519.0  0.01000927960449634821  0.0038852100195379529
4534.0  0.01003877998072490868  0.0038834611944172101
4549.0  0.00632816795119724163  0.0038556410660447074
4564.0  0.01438254339185926663  0.0038248261482928610
4579.0  0.01068736482127277850  0.0037665084765893214
4594.0  0.01533428145331124440  0.0037625214814762764
4610.0  0.01462683135478678141  0.0038587969820632960
4625.0  0.00911663815052200094  0.0038787545605699172
4640.0  0.01405493085225073893  0.0038761824590907009
4656.0  0.02535324593842891786  0.0040373674781290893
4671.0  0.01128938723319160807  0.0040977975281566645
4687.0  0.01385615986605783813  0.0043177153227293794
4703.0  0.00824584198491786456  0.0044618088805605379
4718.0  0.01280282332153816552  0.0047196386734038769
4734.0  0.01475006766922208612  0.0051327629952823374
4750.0  0.01394237623903938315  0.0055690859127960467
4766.0  0.01542082737164205720  0.0059791426023315473
4781.0  0.01600043475511884333  0.0061849239172277765
4797.0  0.01011903175899253951  0.0060864948276884885
4813.0 -0.00482669547552865615  0.0051144907166650591
4829.0  0.01427873752795437608  0.0049068067004458980
4846.0  0.00721783919160038506  0.0047692938366345090
4862.0  0.00545306772360207217  0.0063096464770046471
4878.0  0.01829888761182297749  0.0061310670249367944
4894.0  0.00627165221113832987  0.0049410689093901698
4910.0  0.01264504908915810473  0.0042814894972212376
4927.0  0.01135792597251924357  0.0040328772931932967
4943.0  0.01016706830997724312  0.0039520432169072202
4960.0  0.00859849707957239390  0.0037564413828902210
4976.0  0.01093824816603822248  0.0036209189699976225
4993.0  0.01310022664750180345  0.0035456540023779499
5009.0 -0.00097010333383957495  0.0032138116582886181
5026.0  0.01008288155988106873  0.0030313656339789052
5043.0  0.01511338070763828222  0.0029742249999232355
5060.0  0.00588112340575372167  0.0027612697520562183
5076.0  0.00156919896533572623  0.0026173854448877259
5093.0  0.01011524924709012244  0.0025890851440534008
5110.0  0.00589341761903877052  0.0024357412570448246
5127.0  0.00421469263103694484  0.0023537965856594094
5144.0  0.00840687332431582467  0.0023213135747105961
5162.0  0.00755339197525070269  0.0022329478456431678
5179.0  0.00534314563913639278  0.0021417061138973418
5196.0  0.00969064510052546589  0.0021711050591660614
5213.0  0.00892025069756726546  0.0020971508941858485
5231.0  0.01138657213096129321  0.0020736891976478474
5248.0  0.00819908986785831267  0.0020766315926592227
5266.0  0.01403376332715173050  0.0026955446172043356
5283.0  0.01139868258193950379  0.0019092084483574177
5301.0  0.01060665050195086848  0.0018565350317154129
5318.0  0.01201018019217695194  0.0018301339714266070
5336.0  0.01212398274165026567  0.0018141096963582867
5354.0  0.01380099625115800178  0.0017856472860109170
5372.0  0.01128191313028007597  0.0017126619465912692
5390.0  0.01549790381167504352  0.0016813827681510169
5408.0  0.01372882526086075493  0.0016576909196538779
5426.0  0.01585000534745718143  0.0016273347276266343
5444.0  0.01597174350506242249  0.0016083081670425854
5462.0  0.02131018751958789481  0.0016132479363860364
5480.0  0.02388242407815314994  0.0016139450797742554
5498.0  0.02442668496067006492  0.0015838562026011787
5517.0  0.02363600891956302297  0.0015497756857231542
5535.0  0.02399803239436632332  0.0015397579602842758
5553.0  0.02358181329480821611  0.0015821923683795979
5572.0  0.02359107475615979804  0.0015256817150628038
5590.0  0.02217828403962182615  0.0014725482331178264
5609.0  0.02203387764467126461  0.0014364410579360072
5628.0  0.01621442142943670464  0.0013762720330415580
5647.0  0.01689101021638694800  0.0013564391734882345
5665.0  0.01844648831992228358  0.0013304911940275172
5684.0  0.01580570490702156577  0.0012884759353039418
5703.0  0.01953943880928593613  0.0012843606788172429
5722.0  0.01822552411116147922  0.0012627652762102236
5741.0  0.01513351341040583033  0.0012205617870613640
5760.0  0.01146779734990009160  0.0011834442060621652
5780.0  0.01725682848670469227  0.0012001842101210802
5799.0  0.01400915227841780832  0.0011733981962655201
5818.0  0.01514688874053631354  0.0011549888954577620
5838.0  0.01411539543669197184  0.0011368704692268897
5857.0  0.01726709016357520429  0.0011427814892442543
5876.0  0.01531488558819193123  0.0011274762556895857
5896.0  0.01379367246556390154  0.0010953664748325777
5916.0  0.01249490574384773574  0.0010716575016833797
5935.0  0.01577670801724228786  0.0011039923761624471
5955.0  0.01558661583147361029  0.0010793555636785534
5975.0  0.01380022961521572798  0.0010436241374382641
5995.0  0.01161133857295086440  0.0010185975729603942
6015.0  0.01147783147587338147  0.0009889958704005853
6035.0  0.01255456821645680766  0.0009735625168334147
6055.0  0.01134354663963313588  0.0009639588853942697
6075.0  0.01089630201832516264  0.0009482582285048666
6095.0  0.01119665799622806407  0.0009539988748334506
6116.0  0.01126034431040603967  0.0009306708463050766
6136.0  0.00851642873416672344  0.0009219643677083098
6157.0  0.00668281308786433919  0.0008910903310584657
6177.0  0.00829949830503877960  0.0008958043935033477
6198.0  0.00846927718490614670  0.0008660737711425901
6218.0  0.00838952662116558209  0.0008567244409951609
6239.0  0.01069250207835420116  0.0008546168924984335
6260.0  0.01039334760660623122  0.0008368461512019813
6281.0  0.01058982099975452722  0.0008366720611759498
6302.0  0.01054447639120358916  0.0008259287716495628
6323.0  0.01182193522566948700  0.0008178879805374388
6344.0  0.01023359131913886833  0.0008055706406189085
6365.0  0.01094859612403579346  0.0007927635320392199
6386.0  0.01454472803090860362  0.0008038595279052398
6407.0  0.01596113336288794080  0.0008001909282805167
6429.0  0.01771016101696028244  0.0008146064970485807
6450.0  0.01741277543410358827  0.0008689598397506264
6471.0  0.02081293100055854953  0.0008982433247118975
6493.0  0.02040261061981703608  0.0008800516709757080
6515.0  0.01892217382046475563  0.0008414897584840812
6536.0  0.01901593776190444243  0.0008258797974433997
6558.0  0.01918944966248909562  0.0008239937654234157
6580.0  0.01907643093966043119  0.0008077560437916451
6602.0  0.01791382202257778972  0.0007553775540838145
6624.0  0.01620118111065446329  0.0007413149757239391
6646.0  0.01451514939698017766  0.0007433281224218831
6668.0  0.01211575775450548544  0.0007210320924128818
6690.0  0.01154094192196031265  0.0007047772327670018
6713.0  0.00968946764074246451  0.0006798700613296063
6735.0  0.01079472619234413990  0.0006821191593851038
6757.0  0.01242656535615659780  0.0006899443573658477
6780.0  0.01238557639266708345  0.0006944761701154284
6803.0  0.01230847543617088515  0.0006801585085296483
6825.0  0.00936270235966979274  0.0007819879631108006
6848.0  0.01133728013035468704  0.0007313407086210270
6871.0  0.00972412085780985716  0.0008190948790473972
6894.0  0.00991464658735239160  0.0007503382507723212
6917.0  0.01040622725380177527  0.0007680832247988485
6940.0  0.01062070504962887678  0.0007282538446573024
6963.0  0.01070223844650284445  0.0007131829093395814
6986.0  0.01281873659739494846  0.0007048091907039331
7009.0  0.01168820470945874934  0.0006810350384445443
7033.0  0.01258145439548253447  0.0006643841442797369
7056.0  0.01067146724841962560  0.0007071278247145063
7079.0  0.01023321375406073194  0.0006410869383656226
7103.0  0.01038158262358524625  0.0007292118152500891
7127.0  0.00879019671721824498  0.0006430535556869344
7150.0  0.00974866861282344156  0.0006863496841004638
7174.0  0.01112657115173997999  0.0010309521477888069
7198.0  0.01053540579523454430  0.0008642910071446946
7222.0  0.01121897200080923529  0.0007232759258637227
7246.0  0.01246246089769232658  0.0006468759313331103
7270.0  0.01221118012062075153  0.0007841367684572099
7295.0  0.01225234978528984796  0.0007042019526079409
7319.0  0.01048296141574411693  0.0008037031917672610
7343.0  0.00964283544512514225  0.0007385626285821998
7368.0  0.00972262631325885619  0.0007412508705510957
7392.0  0.01514859053773416099  0.0007397998806954048
7417.0  0.01292831245888734389  0.0008659338928408452
7442.0  0.01235869882434975295  0.0007497672502276369
7466.0  0.01059270282686658807  0.0008535449340781905
7491.0  0.01213330880559247184  0.0007052691525059670
7516.0  0.00968047455920471173  0.0007734959096048263
7541.0  0.00963474435014105915  0.0007775525323716288
7566.0  0.00925149264475193939  0.0007434831551050092
7592.0  0.01029660097608728515  0.0006488022998529802
7617.0  0.01128192495855718201  0.0006534452898944717
7642.0  0.01261461885650636862  0.0006544686015159302
7668.0  0.01272844675966856680  0.0006359666206963701
7693.0  0.01320859553702810260  0.0006431677938959435
7719.0  0.01357640173713104553  0.0006371605091934234
7745.0  0.01346823541456200479  0.0006373677041782941
7770.0  0.01351739309450912009  0.0006468259600465910
7796.0  0.01288462552313132149  0.0006444449464394101
7822.0  0.01297457454225121008  0.0008956581928084539
7848.0  0.01264057288942846934  0.0006751743029512172
7874.0  0.01197048855596321779  0.0009557767585637716
7901.0  0.00985841743588557716  0.0007038305430587784
7927.0  0.00655012451407513061  0.0008296606570829311
7953.0  0.00834763561800925223  0.0008375043572379551
7980.0  0.00927955408851166216  0.0007964595801581209
8007.0  0.01024668549775592692  0.0006532547708956968
8033.0  0.01065774491608956903  0.0006746042208981764
8060.0  0.01055143074337320380  0.0006439875359054169
8087.0  0.00733875195079174147  0.0005792701626629576
8114.0  0.00768943383031651766  0.0006016774581574407
8141.0  0.00446147655564895201  0.0007349375850154338
8168.0  0.00410871201878486563  0.0007440233430248816
8195.0  0.00178204505897976693  0.0006043017513569046
8222.0  0.00299445504231485174  0.0005451180922689752
8250.0  0.00331163966245494757  0.0005929001043554354
8277.0  0.00324318380750312314  0.0009692393652483021
8305.0  0.00297192610970910395  0.0006191429100078910
8333.0  0.00297672543366726654  0.0010315051457798210
8360.0  0.00292064162662624858  0.0006885050135482353
8388.0  0.00455065710027945450  0.0008927608790285927
8416.0  0.00298222445348901057  0.0008813583233736274
8444.0  0.00753399178445282591  0.0008652041693859102
8472.0  0.00751443290150432229  0.0006806461749329955
8500.0  0.00885819782026500864  0.0007357384082589843
8529.0  0.01049082761783747854  0.0007023292219645244
8557.0  0.01368889504978407223  0.0006621542346790326
8586.0  0.01427148864661315075  0.0006896746212736836
