#@Telescope UH88 
#@Reference Saunders et al. (2018) 
#@Redshift 0.0  
#@Spectrum Train_SN53_9.dat 
#@SN-Name Train_SN53  
#@Phase -4.141 
#@Survey SNFactory 
#@SN-Type SNIa 
#@Units Flux 
# 
# WAVE : 
# SN_SPEC : 
# SN_ERR : 
#end 
5009.0 0.198513128491778990    0.0068131405360591941
5026.0 0.199414277956668717    0.0059633618878443123
5043.0 0.198596172857514963    0.0051201768600485564
5060.0 0.198330756797379271    0.0042703526767660762
5076.0 0.216888188872216642    0.0039011116000248554
5093.0 0.225175385810995221    0.0038159656785573806
5110.0 0.212261686328226062    0.0036694772980189081
5127.0 0.216909020169671368    0.0036021637709034646
5144.0 0.217959728664137153    0.0034866490861481048
5162.0 0.214366636411921274    0.0032977025972797426
5179.0 0.206354757115484261    0.0030776464528209659
5196.0 0.195147929807977988    0.0028838165752629731
5213.0 0.183810992428264930    0.0027028285645006663
5231.0 0.164059362393343511    0.0024996441439968367
5248.0 0.152686010895992791    0.0023917978758577685
5266.0 0.150650291705627631    0.0023025709074244731
5283.0 0.145629025354678421    0.0021898787272331523
5301.0 0.147767707261413889    0.0021363045986737507
5318.0 0.151984959743334563    0.0021119382415949418
5336.0 0.159350602834950394    0.0021158812266160753
5354.0 0.157620821425777630    0.0020842307110090111
5372.0 0.157897198131783295    0.0020345656839980100
5390.0 0.150203849423474506    0.0019667289689865937
5408.0 0.144670183906250943    0.0022190035634707447
5426.0 0.132033513512038347    0.0018333831977529367
5444.0 0.136043320394309775    0.0018107959497138055
5462.0 0.150130796691900770    0.0018374865037250707
5480.0 0.157569522968335651    0.0018398525536084218
5498.0 0.166610015759041274    0.0018277032733733454
5517.0 0.166309358603144192    0.0017698775371247988
5535.0 0.160861292776842413    0.0017148490896642954
5553.0 0.159287459437599505    0.0016889233541361071
5572.0 0.166550303554971413    0.0016922008958477077
5590.0 0.166446112334348750    0.0016559490864753057
5609.0 0.166565649213028966    0.0016116195028152576
5628.0 0.165175829064401342    0.0016033466715627319
5647.0 0.169358933312230120    0.0015875926725566845
5665.0 0.168987961476751353    0.0015693377999026928
5684.0 0.168464820890043443    0.0015584663577710510
5703.0 0.158459195459186492    0.0015407174459768672
5722.0 0.151345695859636142    0.0015026321545093253
5741.0 0.155951361387788617    0.0014706009345352871
5760.0 0.155316508727730757    0.0014478543787950968
5780.0 0.156850337315650484    0.0014367305747756977
5799.0 0.155764568952353050    0.0014124833808208388
5818.0 0.151285993678560771    0.0013669288738239053
5838.0 0.152322276464203071    0.0013598797529494890
5857.0 0.151522837692307316    0.0013421535318289819
5876.0 0.155191441119051754    0.0013268496306284841
5896.0 0.153165450018936694    0.0012940243451095941
5916.0 0.152238616260098381    0.0012752824652991334
5935.0 0.146658226751617854    0.0012522532995628290
5955.0 0.144694605070844834    0.0012479969133591658
5975.0 0.140346691528317330    0.0012241345118513870
5995.0 0.134254582735886585    0.0011886287038563449
6015.0 0.122686359011319746    0.0011407067934233719
6035.0 0.111703427944526895    0.0011015973132020331
6055.0 0.097936639331612313    0.0010556831818806837
6075.0 0.086335169533706388    0.0009979994462257634
6095.0 0.074093752123451470    0.0009564844755925142
6116.0 0.069114884953774713    0.0010105495033947045
6136.0 0.075720555479161483    0.0009014739190032900
6157.0 0.084274478622769350    0.0009315409985174276
6177.0 0.095534579377011444    0.0009866685497372429
6198.0 0.104807662869450077    0.0009604534314367980
6218.0 0.110763053310620821    0.0009681536582704484
6239.0 0.118445276046688919    0.0009873004360484506
6260.0 0.120140257348252427    0.0009845264717518473
6281.0 0.119281125857174014    0.0009831440650834656
6302.0 0.124546549494077785    0.0009956679839730621
6323.0 0.122994045593792262    0.0009749591308770724
6344.0 0.119202429638980908    0.0009651407177659331
6365.0 0.116521858847449311    0.0009498770730044795
6386.0 0.112383501451817094    0.0009218176856688425
6407.0 0.107369550382166695    0.0008892638089742932
6429.0 0.106383169133028421    0.0008806019122640095
6450.0 0.102143199839454302    0.0008627198363270013
6471.0 0.098623545516115699    0.0008426672150717477
6493.0 0.098463000613664309    0.0008273697896823985
6515.0 0.095216856320252924    0.0008134594778017175
6536.0 0.091714333590357452    0.0008003964972222812
6558.0 0.090991520530359263    0.0008178983109441431
6580.0 0.088578100589532041    0.0007926494963068015
6602.0 0.084251981500233719    0.0007676398293902871
6624.0 0.081842700994019191    0.0007802804244556316
6646.0 0.081945501686007838    0.0007719937976456168
6668.0 0.079341532878298829    0.0008137939734847987
6690.0 0.076462839096717194    0.0007611672278028298
6713.0 0.075130086887728043    0.0007350705847757480
6735.0 0.073679492460604748    0.0007160959145810524
6757.0 0.072819104713958083    0.0007026458653940526
6780.0 0.071231803191887350    0.0006903720173679932
6803.0 0.069580646918185843    0.0006772511029474685
6825.0 0.067568861287721549    0.0006651554538056501
6848.0 0.066493409592047789    0.0006627379016654339
6871.0 0.067850793179791452    0.0006603747071749598
6894.0 0.063683157130730389    0.0006445206470824490
6917.0 0.065201033412611811    0.0006468112317081206
6940.0 0.066189045255733950    0.0006491881431117888
6963.0 0.063634357969147515    0.0006534749776677618
6986.0 0.063787641425944411    0.0006461698101991866
7009.0 0.063271526369326328    0.0006656865406278392
7033.0 0.060889069822665412    0.0006813429975594282
7056.0 0.061194182829574534    0.0006860854043099419
7079.0 0.060462283660794272    0.0006470461842117257
7103.0 0.057898111788499275    0.0006506117145780815
7127.0 0.057573596672345455    0.0006455951349043453
7150.0 0.056310466340904107    0.0006260867519978668
7174.0 0.055900510120977090    0.0006132434409999826
7198.0 0.055325977732451986    0.0005954672617847708
7222.0 0.054216376260628842    0.0005912861599590051
7246.0 0.054297811781520475    0.0006027379154371888
7270.0 0.051273749416414667    0.0005787151538270103
7295.0 0.050422019963525549    0.0005971565184435502
7319.0 0.050387014946426237    0.0005828293374398981
7343.0 0.048244956328748687    0.0005830254625180575
7368.0 0.044301676188881339    0.0008184054097843472
7392.0 0.044205061305961496    0.0007418844945558695
7417.0 0.042781555714835939    0.0006506304069048658
7442.0 0.040991710951508893    0.0005585045283465219
7466.0 0.041544677723297174    0.0005644542925867925
7491.0 0.041069524030173846    0.0005955527485358756
7516.0 0.040640289641501480    0.0006011040114531915
7541.0 0.041469752180207958    0.0005651913563665623
7566.0 0.043341310125742286    0.0005955665711147961
7592.0 0.041841523192752292    0.0005956730698502856
7617.0 0.041450260112614531    0.0006142428794638126
7642.0 0.042073021744096828    0.0006050677027631944
7668.0 0.042283000121192633    0.0006120489741332316
7693.0 0.044185747737895582    0.0005840790841587135
7719.0 0.041870723171717750    0.0005876088953304977
7745.0 0.043730686008618048    0.0006043776289666594
7770.0 0.044776840203368223    0.0005914675168271320
7796.0 0.041206101892653051    0.0005644797385206591
7822.0 0.040373556425322248    0.0005596041269545564
7848.0 0.035887333205798989    0.0005392761785408095
7874.0 0.032010194189176111    0.0005120090020641656
7901.0 0.027794989180748603    0.0005101115534135947
7927.0 0.027484399879457486    0.0005059244183209737
7953.0 0.027272659132443890    0.0005017981996596483
7980.0 0.028292201330535453    0.0005171657747360514
8007.0 0.024404184375439213    0.0004883073412471769
8033.0 0.026277625425812419    0.0005887372147316246
8060.0 0.029640729135944340    0.0005454591970656181
8087.0 0.033705237336730053    0.0006176535089354389
8114.0 0.035399944365843365    0.0005632662063084722
8141.0 0.031473464741657999    0.0005848369482396831
8168.0 0.031288870461094596    0.0006015773061787507
8195.0 0.030072721165506196    0.0005567417039077931
8222.0 0.031359782257741171    0.0005415572120147047
8250.0 0.031028916979301348    0.0005405052902949978
8277.0 0.033286944368238418    0.0005338343022958579
8305.0 0.033362246306132534    0.0005247869336580741
8333.0 0.033751389080807034    0.0005259486770593221
8360.0 0.035519000847352065    0.0006024611831700105
8388.0 0.035745388610972130    0.0006150865619214763
8416.0 0.036368541658870220    0.0005796057416530932
8444.0 0.039689203562635972    0.0005450970928165023
8472.0 0.037888030561334884    0.0005337358415574215
8500.0 0.037379703704379062    0.0006789109824643579
8529.0 0.037231008983112171    0.0005670672673789146
8557.0 0.037271477717352425    0.0006815227547722790
8586.0 0.035920919762783041    0.0005726157127179702
