#@Telescope UH88 
#@Reference Saunders et al. (2018) 
#@Redshift 0.0  
#@Spectrum Train_SN21_8.dat 
#@SN-Name Train_SN21  
#@Phase 14.748 
#@Survey SNFactory 
#@SN-Type SNIa 
#@Units Flux 
# 
# WAVE : 
# SN_SPEC : 
# SN_ERR : 
#end 
3305.0  0.0212089791889983614  0.0139886088111634953
3317.0  0.0156719449607461390  0.0141641611347103433
3328.0 -0.0128262120281194981  0.0142526719823559030
3339.0  0.0171105207388309345  0.0139416133353027633
3350.0 -0.0012727389937967502  0.0124369512300907242
3361.0  0.0324427850668321041  0.0122698450544408578
3372.0  0.0384408279287064072  0.0127545811726259197
3383.0  0.0269777713857517198  0.0131899819806093922
3395.0  0.0108524078592501551  0.0124492452705563580
3406.0  0.0381598019447411049  0.0126954662517625369
3417.0  0.0331109168929436606  0.0125451167010027041
3429.0  0.0300749379692554393  0.0123955608436748417
3440.0  0.0269855789270614654  0.0126935086441864985
3452.0  0.0234446864812037394  0.0122954239604039020
3463.0  0.0308908691853243891  0.0121166634619487394
3475.0  0.0114593104560389205  0.0118502385970060079
3486.0  0.0312263911087795991  0.0113527667017023284
3498.0  0.0278003393813606448  0.0106011692380278723
3509.0  0.0269264093239133494  0.0101665491364003342
3521.0  0.0420647480740382676  0.0104623236356439688
3533.0  0.0347866349921859552  0.0106464112427215596
3545.0  0.0295077811069041247  0.0108719941311112168
3556.0  0.0508172795540738700  0.0108448666700202995
3568.0  0.0501725925467945977  0.0101868028655273477
3580.0  0.0380472064918417827  0.0099393149191598258
3592.0  0.0336025292170066270  0.0086715362831087817
3604.0  0.0473652320863327397  0.0083591096901738694
3616.0  0.0250110604434360326  0.0089198772052253000
3628.0  0.0528560243171098121  0.0088075626941614849
3640.0  0.0542491443292560382  0.0085726853830688163
3652.0  0.0580490865725484459  0.0086508024528892391
3664.0  0.0679688779779306501  0.0093029966920491688
3677.0  0.0546031755231559252  0.0095039862646249754
3689.0  0.0465704207141555693  0.0079424647417891455
3701.0  0.0250883609533471899  0.0076932475024205091
3714.0  0.0446024752181006998  0.0087371832289085821
3726.0  0.0328127611326933591  0.0071398337902306526
3738.0  0.0364462328715900868  0.0089104767219167092
3751.0  0.0650714591114445878  0.0097807095265606790
3763.0  0.0494596534865140436  0.0095877118208613273
3776.0  0.0649823524156926263  0.0093857923682585005
3788.0  0.0461384555819032427  0.0092169649880968919
3801.0 -0.0028793686319021519  0.0090440201472576781
3814.0  0.0431004980495126727  0.0086711645869980061
3826.0  0.0585724742287688296  0.0085049239656106498
3839.0  0.0801517297621257840  0.0088947818996727677
3852.0  0.0850341677126642409  0.0084582110037495876
3865.0  0.0723241466588527560  0.0089596304766479014
3878.0  0.1093908706407891729  0.0092293512273022224
3891.0  0.0991029136481341305  0.0092562506037165149
3904.0  0.1111872866787050884  0.0091371043010504138
3917.0  0.1128431101011868054  0.0086440322061693345
3930.0  0.1282306323431950112  0.0084558209095349050
3943.0  0.1123498802113044176  0.0081533841669743212
3956.0  0.1056216238803208279  0.0081889700837767324
3969.0  0.1100813952848654770  0.0078612464094115261
3982.0  0.0834827831170861928  0.0077503204994638260
3995.0  0.0660070263732464857  0.0074523675558963104
4009.0  0.0779687024548454816  0.0073733472732445647
4022.0  0.0819374166156432299  0.0074121655450601958
4036.0  0.0792620985784542736  0.0068519289689380836
4049.0  0.0678030638540455671  0.0065944150001367823
4062.0  0.0571080913244056132  0.0069976687838259003
4076.0  0.0548089399112985445  0.0069624533848992977
4090.0  0.0666876873237665924  0.0071967811896577272
4103.0  0.0688145345137678999  0.0071388595663099139
4117.0  0.0595783970708357938  0.0067292040952789071
4131.0  0.0796821429531241049  0.0069763314020261039
4144.0  0.0797278196543395185  0.0070762109056125254
4158.0  0.0575736475457931246  0.0070618327710123691
4172.0  0.0732635842835297202  0.0071753134455160650
4186.0  0.0803121152546098227  0.0070027472526822537
4200.0  0.0743508999619357097  0.0070420950493003233
4214.0  0.0772225899302896174  0.0070051023298460611
4228.0  0.0903916938910942630  0.0071803241640269674
4242.0  0.0834684508609065262  0.0070754629460734568
4256.0  0.0852194617687099115  0.0068462608597798808
4270.0  0.0757471007439824290  0.0067688693348011766
4284.0  0.0827088818893136346  0.0067336618049168165
4299.0  0.0814963561824916943  0.0066201275704961442
4313.0  0.0786759247658048166  0.0065040363816311914
4327.0  0.0604155977156991195  0.0064574939707186373
4342.0  0.0652619842800223754  0.0065317603712049584
4356.0  0.0515831248916038820  0.0062897136193843552
4371.0  0.0433727669539307539  0.0061045118149694790
4385.0  0.0504774173045084776  0.0060555727489923416
4400.0  0.0511827585801697751  0.0061480076897016261
4415.0  0.0247190610982211539  0.0057826251994985796
4429.0  0.0464036617997150569  0.0059767717820119869
4444.0  0.0534625788585739101  0.0059795674031938887
4459.0  0.0535409684027992952  0.0059241368702413720
4474.0  0.0655760843769889606  0.0059469562128716359
4489.0  0.0651474493275217559  0.0059764180022366439
4504.0  0.0764367035553155244  0.0060372046084714607
4519.0  0.0993909422278799332  0.0061379079611663450
4534.0  0.1155800276968259321  0.0061802858903218759
4549.0  0.1342444699544837194  0.0062047689601087306
4564.0  0.1522144480575592929  0.0060585505114417347
4579.0  0.1601261119590560444  0.0063057008233287680
4594.0  0.1675077814609134130  0.0063902144434164546
4610.0  0.1614777216451201980  0.0063594245432312671
4625.0  0.1498311506935239845  0.0062734401707420897
4640.0  0.1326359825132268633  0.0062424244065312330
4656.0  0.1074894649416707065  0.0061336453512395471
4671.0  0.0838920006614881086  0.0061765035053858840
4687.0  0.0660212740947404425  0.0063264359146446856
4703.0  0.0577804205226392156  0.0064466929519989566
4718.0  0.0590009833259154265  0.0068106239270556502
4734.0  0.0580663983501880296  0.0073417317729875080
4750.0  0.0575175251553694672  0.0080807966245153226
4766.0  0.0656816440822728942  0.0086248060361169814
4781.0  0.0554237726812240941  0.0087259818825034512
4797.0  0.0560457923663636726  0.0077148552568828618
4813.0  0.0687127126148334016  0.0075531169583245598
4829.0  0.0800237075514914076  0.0074125690866356257
4846.0  0.1152047956084894520  0.0144223959924698851
4862.0  0.0961451437547090199  0.0130477645250816482
4878.0  0.0752408467974910594  0.0110888680303414342
4894.0  0.0814860886791355238  0.0092950040608814136
4910.0  0.1152251797183774240  0.0085090453194907392
4927.0  0.0832202815295723652  0.0080423460987303526
4943.0  0.0824566567005376033  0.0078434973577459922
4960.0  0.0707883670930629372  0.0074403036891228427
4976.0  0.0624768021329216855  0.0070818822394088463
4993.0  0.0622924449325989379  0.0068842145685849938
5009.0  0.0667733056049754914  0.0064758254276818042
5026.0  0.0606154327265921028  0.0060028273467533453
5043.0  0.0476821181203039360  0.0056233542772802757
5060.0  0.0606302474024592516  0.0054983873229886952
5076.0  0.0525190468688905635  0.0052265637611026853
5093.0  0.0668946713393467618  0.0051751000423408558
5110.0  0.0558183675669867083  0.0049500350532821653
5127.0  0.0562411345299082474  0.0048478536648661509
5144.0  0.0636428349147238753  0.0047612203511278005
5162.0  0.0838419342034126547  0.0047720636221514727
5179.0  0.1030001843732109984  0.0047505349130907435
5196.0  0.1090798568776961547  0.0047058073350693137
5213.0  0.1433539484531567987  0.0048047920086330903
5231.0  0.1353142010929514749  0.0048887003769200925
5248.0  0.1375550278786570879  0.0047676880867152131
5266.0  0.1568575975985691817  0.0046311513850969595
5283.0  0.1371494564358290424  0.0044363206313653815
5301.0  0.1525353755570723890  0.0043682335250977474
5318.0  0.1416895044444765328  0.0042521964270093452
5336.0  0.1382408790289990641  0.0041942557457749366
5354.0  0.1273761408324514399  0.0040612014026147024
5372.0  0.1338324249987476455  0.0039681284404080976
5390.0  0.1309773754997226036  0.0038985104714959239
5408.0  0.1263252957572953139  0.0037457145413243025
5426.0  0.1255820830530031407  0.0036723719848411958
5444.0  0.1221841648800782859  0.0036011599591894284
5462.0  0.1088587589243787679  0.0035113364043016216
5480.0  0.1102280144772391085  0.0035013309887791813
5498.0  0.1060525170410720336  0.0033763722906379697
5517.0  0.1005063171900130586  0.0032978266114500627
5535.0  0.0993800438979799139  0.0032812778880082034
5553.0  0.0836747590742051572  0.0030969502281669894
5572.0  0.0836447817132493499  0.0030817492835737053
5590.0  0.0764818881393935918  0.0029677534995909373
5609.0  0.0729104511925878218  0.0028815332284002539
5628.0  0.0703579773437898598  0.0028379785362942162
5647.0  0.0569693708370777388  0.0027171332924534057
5665.0  0.0554359272491152105  0.0026472423330807255
5684.0  0.0468336216619297252  0.0025754691210077866
5703.0  0.0519144364951175247  0.0025703858740644299
5722.0  0.0526328222936589055  0.0025111229843823896
5741.0  0.0533803176350801864  0.0024630770111775803
5760.0  0.0629492016326116538  0.0024859122002476603
5780.0  0.0638567350635791675  0.0024553232524654233
5799.0  0.0736779871011723209  0.0024723744807639853
5818.0  0.0848822401076444327  0.0024990724147769534
5838.0  0.0903857754660105789  0.0025052161646038685
5857.0  0.1027097126260355098  0.0025591632019120692
5876.0  0.0990305136274167719  0.0024874366970406786
5896.0  0.0908793892811439047  0.0024015871646908462
5916.0  0.0948917991097722180  0.0026765618034097125
5935.0  0.0826770178712012555  0.0023077974628140383
5955.0  0.0785799445064627178  0.0022592324189668607
5975.0  0.0725183826741360033  0.0023115522727782398
5995.0  0.0694663034360213094  0.0021820771960664870
6015.0  0.0645046300352201535  0.0020865690566704933
6035.0  0.0551628063734936752  0.0020398350365072771
6055.0  0.0472227365144959194  0.0019770281721063670
6075.0  0.0294295690927830443  0.0018481879367753646
6095.0  0.0306094709475146637  0.0018169770749893049
6116.0  0.0299659427532272572  0.0017800235299755619
6136.0  0.0285039618212517727  0.0017758185757298000
6157.0  0.0321556060605330818  0.0017690149729044436
6177.0  0.0355583798459905426  0.0017689436170418764
6198.0  0.0404459590045802009  0.0017596319479845116
6218.0  0.0519375980887332167  0.0017860244619911946
6239.0  0.0532232818409624359  0.0017834059461279662
6260.0  0.0622796007458109174  0.0018114614684913175
6281.0  0.0608830055717496724  0.0017920979462141971
6302.0  0.0681761431807861584  0.0017932914108050586
6323.0  0.0741202070073714719  0.0018078216206491159
6344.0  0.0730110464599216941  0.0017860555556309865
6365.0  0.0700338490241906308  0.0017505987606888755
6386.0  0.0727411311965815710  0.0017437334010013813
6407.0  0.0697524025198813097  0.0017398403100435725
6429.0  0.0777115984573663598  0.0017553389887092028
6450.0  0.0796980751040078650  0.0019209856126333037
6471.0  0.0764098793477035326  0.0018248094736634565
6493.0  0.0738225311041047633  0.0017466722544240939
6515.0  0.0698653309904813391  0.0016561764327057010
6536.0  0.0665322319274792018  0.0016429544781774278
6558.0  0.0627186484491954604  0.0016211896978174235
6580.0  0.0600779911809190964  0.0015752252881104818
6602.0  0.0601239836216508755  0.0015567441460615978
6624.0  0.0524886811669768305  0.0015213106854288449
6646.0  0.0459389563945618376  0.0014740102121943593
6668.0  0.0416247450142825451  0.0014319681329023751
6690.0  0.0372042476314198220  0.0014063050694710921
6713.0  0.0352211812016209810  0.0013725412358096298
6735.0  0.0334366561416428384  0.0013565156307307515
6757.0  0.0309506494906362194  0.0013610455124082204
6780.0  0.0314100947425082488  0.0013430338636500555
6803.0  0.0302511331286652828  0.0015002957620217480
6825.0  0.0274235564326432285  0.0013993358301284729
6848.0  0.0266570936995116879  0.0013971480814106612
6871.0  0.0298042816408445946  0.0013991883919380890
6894.0  0.0283931905062522957  0.0013841835578156006
6917.0  0.0287580504067216636  0.0013557946698479410
6940.0  0.0271174429206372386  0.0012736377509958807
6963.0  0.0279822595454280107  0.0012743612293481972
6986.0  0.0263049112477589490  0.0012624086669858752
7009.0  0.0261768985588014085  0.0012522544153906654
7033.0  0.0243151561661468403  0.0012655729713123155
7056.0  0.0262079400722187682  0.0012482659298455117
7079.0  0.0251003995937342551  0.0012576050337265931
7103.0  0.0279544160340701037  0.0012818223300715206
7127.0  0.0238366909427245588  0.0014096856920874834
7150.0  0.0233394177292654478  0.0019626075510639617
7174.0  0.0247626718269785377  0.0015861996282348022
7198.0  0.0273452854276138926  0.0012944939044225768
7222.0  0.0262190877173110043  0.0012029702602558659
7246.0  0.0274199240145222983  0.0013699201872857617
7270.0  0.0251064066746458994  0.0012944496130635229
7295.0  0.0268733022227304157  0.0012932205050328889
7319.0  0.0247764976501102969  0.0013231234938089317
7343.0  0.0270192543102353820  0.0013538519838876381
7368.0  0.0240529747636783232  0.0013300675997982539
7392.0  0.0229739219566791088  0.0013374496696386593
7417.0  0.0211407271437025687  0.0012486568548010189
7442.0  0.0180947981883518502  0.0013769304833603894
7466.0  0.0254252212501525562  0.0012419130883684702
7491.0  0.0250379460912287972  0.0013315571801383115
7516.0  0.0207436950769405715  0.0012929194917297394
7541.0  0.0200985908309375613  0.0012461661676051404
7566.0  0.0198209830841917407  0.0012020020164187531
7592.0  0.0200535387986139763  0.0011480463140431203
7617.0  0.0203481362484889856  0.0011386607112615333
7642.0  0.0197139847632718697  0.0011534580490300903
7668.0  0.0214803900089184339  0.0011905436139529096
7693.0  0.0189930055022235686  0.0011614477703528032
7719.0  0.0220870735924282129  0.0011651413910674197
7745.0  0.0225882818796607522  0.0011591630667892219
7770.0  0.0200664480286034327  0.0012732665528486329
7796.0  0.0193672131773509233  0.0013968717163211166
7822.0  0.0241615694081867907  0.0012426039163644523
7848.0  0.0248593247532082513  0.0014864131564070670
7874.0  0.0217638168580937368  0.0012739086578881262
7901.0  0.0256250174620312500  0.0013579522736202521
7927.0  0.0225945639880026569  0.0013407608698954153
7953.0  0.0184400017300824955  0.0012852601562347145
7980.0  0.0203348326717564393  0.0012341601306777397
8007.0  0.0168488828178583148  0.0010894454387549515
8033.0  0.0178235092711288151  0.0011155623825157696
8060.0  0.0169287803860679181  0.0010962017484851892
8087.0  0.0126281702707127415  0.0010976835309040134
8114.0  0.0067917560622236008  0.0011817842770223590
8141.0  0.0075692444724490895  0.0011857604038586550
8168.0  0.0035887356810857833  0.0010023006522243932
8195.0  0.0052816439414554153  0.0009905574758151828
8222.0  0.0042931788874603829  0.0012478919865543240
8250.0  0.0080845823981648812  0.0013211466086790109
8277.0  0.0091034258636831407  0.0011837724825563762
8305.0  0.0096153984058844118  0.0013596414713262881
8333.0  0.0094306993757238000  0.0012796037763775120
8360.0  0.0133406193278676546  0.0012939007251911144
8388.0  0.0104959594256334599  0.0014011480773575271
8416.0  0.0172338584426194423  0.0013665356285689958
8444.0  0.0218265133752604049  0.0014022641635742664
8472.0  0.0282296240343486472  0.0013075055494191224
8500.0  0.0265955521562640587  0.0013331356137294529
8529.0  0.0261314984831678421  0.0012988010612623795
8557.0  0.0285648568255069228  0.0013120571149081621
8586.0  0.0305527166180337914  0.0013023841113555289
