#@Telescope UH88 
#@Reference Saunders et al. (2018) 
#@Redshift 0.0  
#@Spectrum Train_SN114_9.dat 
#@SN-Name Train_SN114  
#@Phase 36.009 
#@Survey SNFactory 
#@SN-Type SNIa 
#@Units Flux 
# 
# WAVE : 
# SN_SPEC : 
# SN_ERR : 
#end 
3305.0   1.84845220558682e-02  0.00663548141014787696
3317.0   1.39053515410929e-02  0.00640286824306443830
3328.0  -1.26750851114150e-03  0.00613851542209430633
3339.0   6.19995840938218e-03  0.00601544388104974931
3350.0   4.22147079815184e-03  0.00600201340531791513
3361.0  -4.47340316248221e-03  0.00574240127782396116
3372.0   5.05476864838839e-03  0.00556323476251838808
3383.0   2.26931029170364e-03  0.00553875584059452739
3395.0   5.84656159873283e-03  0.00559314826419612422
3406.0  -8.01593775260957e-05  0.00535682665446492439
3417.0   4.92156932309418e-03  0.00540026983513447727
3429.0   3.58205269286512e-03  0.00517282996861896053
3440.0   4.07718642378797e-03  0.00503365263177352803
3452.0  -3.95292840869948e-03  0.00504366359861836873
3463.0   1.05472516181352e-02  0.00511967017272005158
3475.0   1.04204465055231e-02  0.00492189544592408317
3486.0   1.93770807767747e-02  0.00487267535241297026
3498.0   4.17829958714909e-03  0.00457978698607766979
3509.0   9.78050676880177e-03  0.00467780084847288502
3521.0   2.70130592214987e-03  0.00461022819692138812
3533.0  -4.47000321311688e-03  0.00450445379385276418
3545.0   7.06402623994987e-03  0.00436501985586718391
3556.0   6.49690502517057e-03  0.00423360906595061925
3568.0   1.12597912898369e-02  0.00417079203267318923
3580.0   1.53867385040840e-02  0.00406687204201381085
3592.0   1.66545457682783e-02  0.00409521288223922437
3604.0   1.28275527898133e-02  0.00401423248267038842
3616.0   7.25029626539328e-03  0.00387494525710854959
3628.0   1.17044900682230e-02  0.00384838881627047429
3640.0   1.37255180954924e-02  0.00383053032921646481
3652.0   2.88505412877264e-03  0.00371308099316310092
3664.0   7.11741357864685e-03  0.00368736160931876352
3677.0   6.58442907263886e-03  0.00363114673741768467
3689.0   1.32161873285182e-02  0.00358571780818983622
3701.0   1.23112128722106e-02  0.00347756860853081764
3714.0   1.16170777505838e-02  0.00334662626496991635
3726.0   1.45138352363836e-02  0.00339754996404513076
3738.0   5.62879235396185e-03  0.00321501770101058782
3751.0   2.36941408309043e-03  0.00336729236698778871
3763.0   1.03789150361394e-02  0.00341691749112548035
3776.0   1.08757504252764e-02  0.00326036236684258901
3788.0   7.67042908653240e-03  0.00318894383306819523
3801.0  -2.40957672175725e-03  0.00305320876557185024
3814.0   4.92185386460883e-03  0.00301996846084932012
3826.0   7.00258574815901e-03  0.00317486293964362645
3839.0   8.90802192139928e-03  0.00313738210377804191
3852.0   8.87405885392855e-03  0.00315654818107220575
3865.0   7.97201784307337e-03  0.00319331005906457353
3878.0   1.10897070667201e-02  0.00329123349248126558
3891.0   1.80417512571354e-02  0.00333218633916827810
3904.0   1.71511008769737e-02  0.00310166777262495252
3917.0   1.68583895082814e-02  0.00297395110031619357
3930.0   1.50939546302734e-02  0.00289892366594166019
3943.0   1.75796623080636e-02  0.00286527218002951287
3956.0   2.55519142024348e-02  0.00291097814260470955
3969.0   2.18552536891712e-02  0.00295377752286924344
3982.0   1.73343944370728e-02  0.00295466428209539920
3995.0   1.40047351557951e-02  0.00284717550614148416
4009.0   1.79883960868917e-02  0.00278436542586171787
4022.0   1.62741531009348e-02  0.00268106557274856976
4036.0   1.69616193008857e-02  0.00261675933725914094
4049.0   1.31589007717852e-02  0.00254597067668377135
4062.0   1.46794815062210e-02  0.00252652113315704214
4076.0   1.75922859506628e-02  0.00253509562449691882
4090.0   1.51557748892109e-02  0.00249983149871125599
4103.0   1.04638046793491e-02  0.00241484807278720143
4117.0   9.52039358432016e-03  0.00240243139761257569
4131.0   8.53005948243563e-03  0.00236763129712505571
4144.0   1.71820937855720e-02  0.00243638496396936894
4158.0   1.13672944473762e-02  0.00238972626846924554
4172.0   1.76446592337804e-02  0.00240726651526343817
4186.0   1.91264121834117e-02  0.00243012395427661797
4200.0   1.64416738993036e-02  0.00242731304251356857
4214.0   1.71610277342412e-02  0.00241159553357987071
4228.0   1.21474881664076e-02  0.00237255118466805567
4242.0   1.07398185741713e-02  0.00237521369898223075
4256.0   1.25061199183767e-02  0.00232424870877014859
4270.0   2.10079898606670e-02  0.00232189306940340165
4284.0   1.76103335052049e-02  0.00227331292301725160
4299.0   2.47967833739866e-02  0.00229160343909942492
4313.0   1.31130595676712e-02  0.00221532578487447724
4327.0   1.67907185733005e-02  0.00220670621953626689
4342.0   1.82527220591478e-02  0.00225678243929926768
4356.0   1.24590749409127e-02  0.00218045218137659282
4371.0   1.62095620363041e-02  0.00217994377808339865
4385.0   8.56409298728278e-03  0.00212391460409035691
4400.0   1.29295090316311e-02  0.00213163009541740599
4415.0   9.61305688057465e-03  0.00208797120653525427
4429.0   1.14745917004604e-02  0.00211074402855948758
4444.0   4.91193541457656e-03  0.00203918067358668320
4459.0   1.22659824210643e-02  0.00205232476266469996
4474.0   8.77301291160973e-03  0.00203435184389030941
4489.0   1.44943736074325e-02  0.00206800374132261105
4504.0   1.01434635186051e-02  0.00207100860766736613
4519.0   1.78395926011722e-02  0.00207383306479142155
4534.0   1.69356434223940e-02  0.00206188362716591255
4549.0   2.01403364850787e-02  0.00208960189730289471
4564.0   2.29515257518720e-02  0.00207251976937919543
4579.0   2.41386775582904e-02  0.00206441573780713136
4594.0   3.28999578202769e-02  0.00210748121465169011
4610.0   3.40638029696168e-02  0.00210823325200780671
4625.0   2.97567206597074e-02  0.00208944245191742444
4640.0   3.37351033247115e-02  0.00210391875036691680
4656.0   2.91108998523704e-02  0.00204983445224247518
4671.0   2.40995563895665e-02  0.00201576629545922740
4687.0   2.04644143568753e-02  0.00203584523034978319
4703.0   1.82871917522057e-02  0.00200876706666508432
4718.0   1.57316912414559e-02  0.00197580068411664809
4734.0   9.56131450669957e-03  0.00196132377099856583
4750.0   1.07167307900266e-02  0.00199216084585926304
4766.0   1.42589482243752e-02  0.00204705151143678380
4781.0   1.24427800742508e-02  0.00209887325958298381
4797.0   1.46436049132305e-02  0.00224117929568948011
4813.0   1.85728668267381e-02  0.00238387576602824012
4829.0   1.39129859095605e-02  0.00251104696100003504
4846.0   1.24974377143197e-02  0.00274480762824817412
4862.0   1.73257553343810e-02  0.00299049246658924335
4878.0   2.66573148869253e-02  0.00326988974916169210
4894.0   2.51645586058870e-02  0.00339694723789105753
4910.0   2.94059821554700e-02  0.00302489996607795174
4927.0   3.12456749550427e-02  0.00302371229953610080
4943.0   2.64557722008506e-02  0.00294830580622491454
4960.0   3.32183388783972e-02  0.00504150543227177214
4976.0   1.63632962235849e-02  0.00443577332358400384
4993.0   2.20171306032846e-02  0.00374561582548843530
5009.0   1.91481781807354e-02  0.00297885449021701842
5026.0   1.90539973068751e-02  0.00247338675512947343
5043.0   2.15147076355012e-02  0.00235990718412425323
5060.0   1.82626993793162e-02  0.00227880468994720847
5076.0   1.65170676392373e-02  0.00220550463735747892
5093.0   1.81847199478984e-02  0.00215418465507417542
5110.0   1.84137982414000e-02  0.00200185058386401086
5127.0   1.14947873746239e-02  0.00183061076565165133
5144.0   1.49835300052467e-02  0.00176482855601330438
5162.0   1.36787903546008e-02  0.00162268208173779369
5179.0   1.85943987739987e-02  0.00154778438798733602
5196.0   1.79969338706232e-02  0.00150154198942546030
5213.0   1.91498690306146e-02  0.00146724492180029813
5231.0   2.08925409059272e-02  0.00141393639518122972
5248.0   2.64355585818918e-02  0.00140538381934049417
5266.0   2.51696028875038e-02  0.00136568395407869509
5283.0   2.33171043977886e-02  0.00130612105186176069
5301.0   2.56145166318864e-02  0.00129289949268878617
5318.0   2.85194150874162e-02  0.00128321022685346496
5336.0   2.83412957909274e-02  0.00126276457456477010
5354.0   2.27186437611853e-02  0.00146695173117053165
5372.0   2.90208031899652e-02  0.00154866261941980052
5390.0   3.17026761907582e-02  0.00119741890975321504
5408.0   3.26431538714880e-02  0.00116040709847673351
5426.0   3.36607345314630e-02  0.00114517938622119399
5444.0   3.89614726455407e-02  0.00115912803525291424
5462.0   4.09112245804346e-02  0.00115166071814014987
5480.0   4.23038938132570e-02  0.00114115061954291508
5498.0   4.47931714347340e-02  0.00113743431887572432
5517.0   4.97260007710277e-02  0.00111670038191990020
5535.0   4.61273638761303e-02  0.00107734921103881339
5553.0   4.66384156657893e-02  0.00106146830084367081
5572.0   4.56680782537094e-02  0.00104182196777599049
5590.0   4.10846588196464e-02  0.00100824690987903667
5609.0   4.15660533552288e-02  0.00098229282136569254
5628.0   3.84794985851910e-02  0.00097300801026397677
5647.0   3.42176953214709e-02  0.00097073342738444640
5665.0   2.76194938208423e-02  0.00141100225577555478
5684.0   2.88532310708003e-02  0.00090769714707042946
5703.0   2.56925821278564e-02  0.00086873776411098831
5722.0   2.90520534194538e-02  0.00085333480370249472
5741.0   2.50485671202882e-02  0.00082420090656080275
5760.0   3.04276097064662e-02  0.00083479959645680322
5780.0   3.36623067627526e-02  0.00083226234864663268
5799.0   3.69862675315948e-02  0.00083605231178668262
5818.0   3.62283200560429e-02  0.00081289550928869401
5838.0   3.75763118237671e-02  0.00081674130987950558
5857.0   3.50758505146900e-02  0.00079660039982315501
5876.0   3.51335701955898e-02  0.00077701261469287645
5896.0   3.10358252866322e-02  0.00074875605763874756
5916.0   2.93177806013028e-02  0.00073907573157724210
5935.0   2.86729788231193e-02  0.00072668368885430064
5955.0   2.55656752722323e-02  0.00070048604864705161
5975.0   2.41641341971671e-02  0.00069522733052730906
5995.0   2.34790513921331e-02  0.00070755376679134915
6015.0   1.94598094926244e-02  0.00068189225998535282
6035.0   2.07457794734351e-02  0.00067263835981335265
6055.0   2.37286048005411e-02  0.00084022853007396014
6075.0   2.00708641405938e-02  0.00065124473629695010
6095.0   1.97266239996870e-02  0.00061556835338344516
6116.0   1.94132562909034e-02  0.00066536426915783859
6136.0   1.95974136283431e-02  0.00059357881241403631
6157.0   1.87697699645659e-02  0.00056692596045873199
6177.0   1.88976415282293e-02  0.00057995783180075119
6198.0   2.00871885515423e-02  0.00056624137730000904
6218.0   2.14610784302449e-02  0.00060046766482266430
6239.0   2.09358878558673e-02  0.00057769041072141408
6260.0   2.14626862042090e-02  0.00058291741952806947
6281.0   1.95570679721488e-02  0.00057572314666290653
6302.0   2.00472469710270e-02  0.00057656607066614496
6323.0   1.91994537520253e-02  0.00056145574671530795
6344.0   1.99800523764731e-02  0.00054772690362792445
6365.0   2.36290879884345e-02  0.00054669784158692673
6386.0   2.56522465103385e-02  0.00055311449897032204
6407.0   2.81641131643865e-02  0.00055569180967136628
6429.0   3.21363387818748e-02  0.00056304651985312245
6450.0   3.50540043433256e-02  0.00057963670757524906
6471.0   3.60546301362641e-02  0.00057390221798727498
6493.0   3.72737401312390e-02  0.00056937341362693638
6515.0   3.77127261667029e-02  0.00056947755852399982
6536.0   3.72666196919274e-02  0.00056675877000106822
6558.0   3.88621468805975e-02  0.00061825662213888042
6580.0   3.46856498676543e-02  0.00059122608798082286
6602.0   3.15017245756819e-02  0.00063371547561521190
6624.0   2.86621538959625e-02  0.00057795186262049071
6646.0   2.50852096194939e-02  0.00055534503792670220
6668.0   2.01812966868488e-02  0.00051427082870136138
6690.0   1.80758986262634e-02  0.00049103563115790840
6713.0   1.67562477036935e-02  0.00048189530649628683
6735.0   1.72696514923170e-02  0.00045731505325839793
6757.0   1.57537976827317e-02  0.00043030275642927195
6780.0   1.45324650728262e-02  0.00044091304075576137
6803.0   1.52120243649751e-02  0.00043622161855793104
6825.0   1.39247666582052e-02  0.00042123117940469807
6848.0   1.56247517911129e-02  0.00042416896466450924
6871.0   1.60366628266886e-02  0.00042962143881178496
6894.0   1.53883003494289e-02  0.00043297749255536658
6917.0   1.58519941425416e-02  0.00042939386701627965
6940.0   1.52966235746274e-02  0.00042300716942390067
6963.0   1.50554501318165e-02  0.00055370645920882391
6986.0   1.59654345127120e-02  0.00049363634335983393
7009.0   1.49937363044219e-02  0.00051357050619805871
7033.0   1.41121511797697e-02  0.00050483432182497651
7056.0   1.52329056842765e-02  0.00051451590602847415
7079.0   1.31608659635594e-02  0.00048808360526267336
7103.0   1.46368891126212e-02  0.00044073401562188521
7127.0   1.33796901754514e-02  0.00043078891097981934
7150.0   1.58620296807580e-02  0.00043494941113052184
7174.0   1.67502017545826e-02  0.00043204182169655751
7198.0   1.80133304062152e-02  0.00045892821563183953
7222.0   1.91281347157348e-02  0.00044309359963825217
7246.0   1.91793818709972e-02  0.00047047206277801834
7270.0   1.91425462802052e-02  0.00045412378751912924
7295.0   1.87363735616290e-02  0.00048952665569774361
7319.0   1.84293143461677e-02  0.00070428456516379826
7343.0   1.84363044969746e-02  0.00058650957245597729
7368.0   2.00334322919353e-02  0.00047444292369894545
7392.0   2.10840241007596e-02  0.00044074185015949275
7417.0   2.27666728663261e-02  0.00057588601504519638
7442.0   2.24356859850527e-02  0.00051253089687711205
7466.0   2.24353603104976e-02  0.00053384184498542978
7491.0   2.08647584920611e-02  0.00053683583828235894
7516.0   1.97754353816652e-02  0.00054828071777264986
7541.0   1.72599774307191e-02  0.00051966478578022472
7566.0   1.69603635322907e-02  0.00055780577328874378
7592.0   1.71717185968368e-02  0.00049489464691077848
7617.0   2.10507879621733e-02  0.00061126208063614772
7642.0   2.05441381306754e-02  0.00048448230600163451
7668.0   2.31707309616066e-02  0.00056547601154764390
7693.0   2.30464121169333e-02  0.00054877380857347739
7719.0   2.57699354751120e-02  0.00054099644760633077
7745.0   2.52380140228500e-02  0.00049323258391912564
7770.0   2.31570184186973e-02  0.00045667730135620887
7796.0   2.31180848496485e-02  0.00046190023709645267
7822.0   2.04649486518508e-02  0.00044711838830230165
7848.0   1.86721301339178e-02  0.00043281461769986978
7874.0   1.81105460750651e-02  0.00042630267614862069
7901.0   1.48010388012686e-02  0.00040946857521462345
7927.0   1.24816549310093e-02  0.00040051881129225179
7953.0   1.19367516857706e-02  0.00046518140004229774
7980.0   1.31211004676311e-02  0.00058692900578111379
8007.0   1.07014002307195e-02  0.00042402779363114154
8033.0   1.35870708100733e-02  0.00065058230220230249
8060.0   1.09497769976534e-02  0.00046838590112775058
8087.0   9.98820837963754e-03  0.00056325291129592358
8114.0   8.50214159147315e-03  0.00056006377188567362
8141.0   7.42790100980001e-03  0.00050809303372240067
8168.0   4.77854097417253e-03  0.00042446469677174771
8195.0   3.52147526245047e-03  0.00034634520598506258
8222.0   3.55048869809373e-03  0.00037469383436313804
8250.0   3.24871666619549e-03  0.00033939728667497430
8277.0   3.11342672885508e-03  0.00037532440400788277
8305.0   2.94801991986812e-03  0.00048773833706274239
8333.0   2.69977068284492e-03  0.00049378335372640789
8360.0   4.22631005996905e-03  0.00036872693432340379
8388.0   4.88440871054953e-03  0.00034763858674903043
8416.0   5.30646224269519e-03  0.00049892944933504504
8444.0   6.99974973915145e-03  0.00060963024715147995
8472.0   1.02300097688761e-02  0.00047028703419166817
8500.0   1.71198872777361e-02  0.00070529554881018294
8529.0   1.98935315024297e-02  0.00056166602323177940
8557.0   1.93196106743478e-02  0.00064652284863500782
8586.0   2.05085553168598e-02  0.00065497110194670050
