#@Telescope UH88 
#@Reference Saunders et al. (2018) 
#@Redshift 0.0  
#@Spectrum Train_SN15_14.dat 
#@SN-Name Train_SN15  
#@Phase 43.552 
#@Survey SNFactory 
#@SN-Type SNIa 
#@Units Flux 
# 
# WAVE : 
# SN_SPEC : 
# SN_ERR : 
#end 
3305.0   4.851122097323008e-03 0.0085972881860734689
3317.0   4.274060135899907e-03 0.0087314178306227338
3328.0  -1.570406090617503e-02 0.0083356845830403897
3339.0   4.327602844931402e-03 0.0085527840160346744
3350.0  -3.864725820018189e-03 0.0080754341416158990
3361.0  -1.090744909978265e-02 0.0076462862425770873
3372.0   5.076504406563967e-03 0.0075756513127369007
3383.0   8.084174243073302e-03 0.0076293655612230081
3395.0  -1.691581342340519e-03 0.0076579466355622024
3406.0   7.351640069799836e-03 0.0074824280035785144
3417.0   1.535754992254439e-02 0.0075608414457120666
3429.0   3.333607905709851e-04 0.0069970994397826154
3440.0  -1.463850797861827e-05 0.0066430129559111430
3452.0   1.034772885727128e-02 0.0066884616523958489
3463.0   3.580819076413235e-04 0.0066911853176990967
3475.0   8.789214587744334e-03 0.0066566927813447273
3486.0   2.060276349687015e-02 0.0067109004589166058
3498.0   1.671274916190189e-02 0.0065072007821868703
3509.0   8.922991797237616e-03 0.0062327360213515585
3521.0   2.824140087720298e-03 0.0061631303642268329
3533.0   1.017000477582441e-02 0.0061038964541451687
3545.0   3.827786849501362e-03 0.0059091885275796086
3556.0   3.890468119125405e-03 0.0056118392295043500
3568.0   1.488583186927948e-02 0.0056684984661327558
3580.0   1.158729729314184e-02 0.0055250315457739977
3592.0   4.254616595724453e-03 0.0053119214328936782
3604.0   6.427849378753369e-03 0.0053526779593816281
3616.0   3.792663004076804e-03 0.0053182174793434461
3628.0   9.928453019117472e-03 0.0054057484806230224
3640.0   1.592048777262728e-02 0.0054306546178413666
3652.0   6.932863934504389e-03 0.0052390944708951646
3664.0   1.959732418108293e-02 0.0052755401076154708
3677.0   9.237333752645292e-03 0.0050248362981099156
3689.0   1.872626841106233e-02 0.0053078658856753856
3701.0   1.019170862144559e-02 0.0050698865435810777
3714.0   1.507048017255697e-02 0.0050119000318049022
3726.0   2.013702385918386e-02 0.0051347347341688700
3738.0   5.854556974731509e-03 0.0052751193062003541
3751.0   4.402816620076655e-03 0.0053128156608793038
3763.0   8.129083838739750e-03 0.0047940618745657493
3776.0   8.273877780184390e-03 0.0045455564034853407
3788.0   4.171138668938369e-03 0.0043714827799021224
3801.0   3.016906072901204e-03 0.0043826078980700438
3814.0   1.356591892266285e-02 0.0044159312906048558
3826.0   1.059709080153941e-02 0.0045110408320910254
3839.0   2.487361563805131e-03 0.0046116578149030703
3852.0   7.722803039449434e-03 0.0045010014669070357
3865.0   2.612885965138952e-03 0.0042863120716026938
3878.0   1.512407085530897e-02 0.0042597894090133266
3891.0   2.143772820490036e-02 0.0043407838634908491
3904.0   1.588608060401762e-02 0.0041313195565987363
3917.0   2.189312916018878e-02 0.0042106740301220483
3930.0   2.443117298066474e-02 0.0041484421335798213
3943.0   2.832707230038792e-02 0.0041608605894912880
3956.0   1.558397678247327e-02 0.0039705632723932528
3969.0   2.103029941355630e-02 0.0040191799773492002
3982.0   2.324770099680603e-02 0.0040615546029158451
3995.0   1.714374379056261e-02 0.0038934490468022350
4009.0   1.697064715559585e-02 0.0038370446566128209
4022.0   1.623784752111582e-02 0.0038153637152957189
4036.0   8.826159617007282e-03 0.0037201028125710112
4049.0   1.066079660452702e-02 0.0036593540431240292
4062.0   4.338296654978840e-03 0.0036591901274920652
4076.0   6.651966938281849e-03 0.0037240206274070805
4090.0   1.051986056845531e-02 0.0036513864215065653
4103.0   1.199236350217767e-02 0.0036298374314538023
4117.0   9.778703936220932e-03 0.0035619372292756300
4131.0   7.415044537130237e-03 0.0035460169304547609
4144.0   1.151593995896420e-02 0.0036177376485956839
4158.0   1.510142213707630e-02 0.0036095337289213879
4172.0   1.972284417008731e-02 0.0036531915785482190
4186.0   1.741498955951254e-02 0.0036166601938380102
4200.0   1.484148907264352e-02 0.0035340640019887386
4214.0   1.407361836904170e-02 0.0035194281079381452
4228.0   2.376757699465811e-02 0.0036331026590435880
4242.0   1.215171239086786e-02 0.0035320290307630383
4256.0   1.819648540605332e-02 0.0035232045573490418
4270.0   2.068912795938750e-02 0.0035198626366985523
4284.0   2.234043766001499e-02 0.0034823204564589563
4299.0   2.045611421813805e-02 0.0033894422778402724
4313.0   1.478324518694854e-02 0.0033448459171952897
4327.0   1.065496794582030e-02 0.0032621080356318851
4342.0   1.694281838927525e-02 0.0034120950222914204
4356.0   1.286700226549184e-02 0.0033045687966369174
4371.0   3.039005686252682e-03 0.0031766530892647017
4385.0   5.043366046758718e-03 0.0031572145016542114
4400.0   1.608945065232130e-02 0.0032873420950613155
4415.0   6.500010099369365e-03 0.0031334321734138412
4429.0   1.144547733415066e-02 0.0031697767798486822
4444.0   1.138417080786292e-02 0.0031671386442132313
4459.0   1.000568534940618e-02 0.0031069774495622771
4474.0   1.028847005460254e-02 0.0031545534560443456
4489.0   1.191626279599085e-02 0.0031594322616858407
4504.0   1.294803398499908e-02 0.0031608925107482646
4519.0   1.133630867705144e-02 0.0031767437234782292
4534.0   1.495457388896620e-02 0.0031989690966239825
4549.0   2.447395195776167e-02 0.0032575617375086427
4564.0   2.662201641674900e-02 0.0033179153252301235
4579.0   2.888218187798481e-02 0.0034308570325285300
4594.0   2.554060149695626e-02 0.0033970212386045190
4610.0   3.637225305845015e-02 0.0035460556706416028
4625.0   3.140098272832810e-02 0.0036578879865653783
4640.0   1.981555925368717e-02 0.0037312140837268940
4656.0   2.017872485778921e-02 0.0039658584836235466
4671.0   8.750431155804948e-03 0.0041279849964690049
4687.0   9.071163075068073e-03 0.0046193867029575399
4703.0   6.154526347636306e-03 0.0049450444887720844
4718.0   1.721808677656201e-02 0.0052907364866279045
4734.0   2.002183955788930e-02 0.0055358246244017906
4750.0   9.060518914528042e-03 0.0053906228661268363
4766.0   1.348034172952917e-02 0.0050982169480765947
4781.0   2.103069701334097e-02 0.0049595851590530241
4797.0   2.322409915971732e-02 0.0050252658909046106
4813.0   2.565151646284842e-02 0.0084213526579404036
4829.0   8.450528672429332e-03 0.0087184037850686156
4846.0   1.486818486681960e-02 0.0067170865144631263
4862.0   1.932066677506432e-02 0.0058006476685164921
4878.0   1.386016363532867e-02 0.0053965797546340795
4894.0   2.900667662592659e-02 0.0055008706604532344
4910.0   2.648670959375872e-02 0.0053401293041402389
4927.0   3.427441160608252e-02 0.0052340714851078721
4943.0   3.223833932359478e-02 0.0049276184598894155
4960.0   1.469869569840695e-02 0.0043896450513330326
4976.0   1.400329755283073e-02 0.0040308031028363318
4993.0   1.872347985100745e-02 0.0039017471028565775
5009.0   1.458448661360455e-02 0.0035954673702162229
5026.0   1.290677195290674e-02 0.0034526780919949727
5043.0   8.891467275619933e-03 0.0032909253518589024
5060.0   8.179976255144019e-03 0.0031219428052509440
5076.0   1.219463555017003e-02 0.0030284448258642476
5093.0   9.325576816837640e-03 0.0029525328018253144
5110.0   9.915304845254313e-03 0.0028439871754528541
5127.0   9.363029049352869e-03 0.0027393529774673718
5144.0   1.819909637895574e-02 0.0027516052711862478
5162.0   2.339055568207097e-02 0.0027568926554162091
5179.0   1.012107871888219e-02 0.0025394707751435915
5196.0   1.126389574016187e-02 0.0025794241049539187
5213.0   2.196899824440770e-02 0.0035912960433796171
5231.0   1.910090558106046e-02 0.0024279562138491834
5248.0   2.181260826106257e-02 0.0024133914058689582
5266.0   2.006637668813352e-02 0.0023534978375387926
5283.0   2.229462612151592e-02 0.0022774174755884162
5301.0   2.728345954286842e-02 0.0022532473508838748
5318.0   2.209021550049901e-02 0.0021842520465087520
5336.0   2.389814531329291e-02 0.0021898554542365209
5354.0   2.884207859173500e-02 0.0021841558068291821
5372.0   2.507700396366808e-02 0.0020635093308591368
5390.0   2.278294784201916e-02 0.0020108229644664214
5408.0   2.508066201311094e-02 0.0019869758254860400
5426.0   2.118862385786487e-02 0.0019257779791979576
5444.0   2.345368598148586e-02 0.0019351718381800942
5462.0   2.802250944080377e-02 0.0019577250086773488
5480.0   2.716654608034893e-02 0.0019579984932637158
5498.0   3.410735166768038e-02 0.0021916609786746563
5517.0   3.211503269970876e-02 0.0020192541019513951
5535.0   3.140679666637252e-02 0.0018914445698957523
5553.0   2.550658553938253e-02 0.0018197082868271759
5572.0   2.599824261304634e-02 0.0017909088602879721
5590.0   2.770550104015165e-02 0.0017597924219034671
5609.0   2.759404907047201e-02 0.0016965745068241319
5628.0   2.295847247654213e-02 0.0016479782160496424
5647.0   1.658408717664770e-02 0.0015774498045994130
5665.0   1.761378212052105e-02 0.0015257351566097062
5684.0   1.305833088700864e-02 0.0014819983610748801
5703.0   1.468525017460359e-02 0.0014661887719956909
5722.0   1.338518208651025e-02 0.0014224313998060238
5741.0   1.915267594221211e-02 0.0014609784893721599
5760.0   1.802782135240559e-02 0.0014461702650079640
5780.0   2.099481464119890e-02 0.0014470794196684354
5799.0   2.680495500068448e-02 0.0014904287559210330
5818.0   2.853050783137911e-02 0.0014776122411410515
5838.0   2.808960283441372e-02 0.0014739107183706927
5857.0   3.157074541020422e-02 0.0014928256507896443
5876.0   3.635141465817920e-02 0.0016613871953396508
5896.0   3.204347999340092e-02 0.0016243566571725520
5916.0   2.201734104505074e-02 0.0013269918142735687
5935.0   2.204138621631040e-02 0.0013794521153431302
5955.0   2.009832774626361e-02 0.0013616757452179788
5975.0   1.784711969177653e-02 0.0012540541008373241
5995.0   1.566052590170653e-02 0.0012166202900202731
6015.0   1.402392879078608e-02 0.0011804933203231468
6035.0   1.567782791962230e-02 0.0012101170981199574
6055.0   1.426291770100568e-02 0.0011590960762941599
6075.0   1.245079767865769e-02 0.0011708620263990797
6095.0   1.149193461965266e-02 0.0011242328282770509
6116.0   1.472671628560898e-02 0.0011445086060923896
6136.0   1.448971977360921e-02 0.0011130659149093361
6157.0   1.211517311040967e-02 0.0010824324468241256
6177.0   1.289729107722462e-02 0.0010604622139176625
6198.0   1.811406020049406e-02 0.0010792048748225775
6218.0   1.726046503679994e-02 0.0010562698263959173
6239.0   1.720369871650779e-02 0.0010506568254453035
6260.0   1.620303625499862e-02 0.0010227383238738310
6281.0   1.372103690972311e-02 0.0009955181905214826
6302.0   1.435901221524161e-02 0.0009939764991055719
6323.0   1.282223408582669e-02 0.0009666160947828341
6344.0   1.539414564990362e-02 0.0009790254491369214
6365.0   1.750586170880115e-02 0.0009842351763635357
6386.0   1.862176329453150e-02 0.0010920149696608912
6407.0   1.895018360270605e-02 0.0010788171660301960
6429.0   2.178959456603759e-02 0.0011568527389251774
6450.0   2.139514406627128e-02 0.0011072622746608962
6471.0   2.436477639323154e-02 0.0010747046922619128
6493.0   2.457577153277946e-02 0.0010436617298835440
6515.0   2.316898130728677e-02 0.0010202735613139878
6536.0   2.334583068646458e-02 0.0009832190861930391
6558.0   2.150995683629723e-02 0.0009797869069924389
6580.0   1.899625088647471e-02 0.0009614618009760786
6602.0   1.661318673797598e-02 0.0009347361013006025
6624.0   1.567128782468384e-02 0.0009192509944459464
6646.0   1.277881909881220e-02 0.0008826014653748158
6668.0   9.414270295975391e-03 0.0008606938395869834
6690.0   7.321164624636785e-03 0.0008385140079892305
6713.0   9.064099039100349e-03 0.0008585893086385558
6735.0   7.004942684963954e-03 0.0008224051861155959
6757.0   5.370806723315638e-03 0.0009543064124619042
6780.0   5.067086877004371e-03 0.0009309753248972773
6803.0   5.908565029371932e-03 0.0010622260433317940
6825.0   7.105355546212796e-03 0.0009430208356793255
6848.0   4.351921023757261e-03 0.0009627010708525669
6871.0   7.847537533496840e-03 0.0009286340521203014
6894.0   8.021576156276914e-03 0.0009080534101999395
6917.0   8.809716965292284e-03 0.0009050790862064748
6940.0   7.667561175704209e-03 0.0008335385255455501
6963.0   8.384581630533593e-03 0.0008186752606277653
6986.0   7.201673156705148e-03 0.0009020620611446561
7009.0   6.176021921712163e-03 0.0008007324171764755
7033.0   8.194651933595290e-03 0.0009393039357051452
7056.0   7.503121974316701e-03 0.0008160791839608278
7079.0   6.922387940125099e-03 0.0008888623957350123
7103.0   8.532219448864236e-03 0.0014645349236489969
7127.0   6.626865164044358e-03 0.0012114295467623843
7150.0   9.816382564868295e-03 0.0010248573653191977
7174.0   9.220478708069333e-03 0.0008517765649669421
7198.0   1.101607921446778e-02 0.0009896598283873374
7222.0   1.031471035774427e-02 0.0009350440904579254
7246.0   1.338567577653776e-02 0.0010648632133306165
7270.0   1.183136164522836e-02 0.0009742120125569397
7295.0   1.039049790619159e-02 0.0010082827401400958
7319.0   1.151843590779683e-02 0.0009976028260097513
7343.0   1.397067687154993e-02 0.0011787118039722029
7368.0   1.370853741421971e-02 0.0010363996436470158
7392.0   1.285014719257363e-02 0.0011598179060325424
7417.0   1.256692156399396e-02 0.0009698427892991824
7442.0   1.165858126760029e-02 0.0010554192357483151
7466.0   1.269550006283165e-02 0.0010875517376977193
7491.0   9.338006499152538e-03 0.0010207484723313701
7516.0   8.767227144341723e-03 0.0008833893145664133
7541.0   7.437830524533801e-03 0.0008859886022778267
7566.0   9.686754063222105e-03 0.0008870799744707514
7592.0   9.174984245994802e-03 0.0008401563103056218
7617.0   9.623424979344580e-03 0.0008726161682976323
7642.0   1.057661301030977e-02 0.0008839056574727503
7668.0   1.070909240759418e-02 0.0008659317061192651
7693.0   1.150717232432569e-02 0.0008741540105709773
7719.0   1.153478737384422e-02 0.0008710397416481930
7745.0   1.248679339455804e-02 0.0012651015753646314
7770.0   1.382930027691888e-02 0.0009667836321551327
7796.0   6.357552957656726e-03 0.0012940177388226788
7822.0   9.517218381346216e-03 0.0010021954084823608
7848.0   9.254513486566461e-03 0.0011634662951900308
7874.0   6.601302097969918e-03 0.0011923109435989637
7901.0   8.522487213117474e-03 0.0011047871891894010
7927.0   4.066633820960257e-03 0.0008817295284702315
7953.0   4.300564287288855e-03 0.0009313120180643721
7980.0   6.399667970710564e-03 0.0008974539381505517
8007.0   5.021996795485684e-03 0.0008058086429484169
8033.0   3.623124804448215e-03 0.0008241394561229825
8060.0   5.376175756772277e-03 0.0010590417892152146
8087.0   5.784407083301457e-03 0.0010809338545482705
8114.0   3.690551836405932e-03 0.0009089461850372933
8141.0   2.521146781028636e-03 0.0007982846614101234
8168.0   2.385663265960449e-03 0.0008238888256255473
8195.0   4.701272188259366e-03 0.0014113566290018024
8222.0   1.323880098821423e-03 0.0008923455260471751
8250.0   2.078193912567010e-03 0.0014407061628998142
8277.0  -9.344567802158351e-06 0.0009994433301914419
8305.0   3.539142927907862e-04 0.0012246246442059495
8333.0   2.637559217375130e-03 0.0012965570734877517
8360.0   3.675091901922402e-03 0.0012192474642589298
8388.0   3.818033810703516e-03 0.0009856992086737641
8416.0   1.424129309109856e-03 0.0010717344636930173
8444.0   3.808452295058331e-03 0.0009824178726467077
8472.0   5.275173397782383e-03 0.0009295773668811320
8500.0   9.524637063457592e-03 0.0010148772976094108
8529.0   9.734572804464098e-03 0.0009687605456003605
8557.0   8.088730196239702e-03 0.0010096849395749479
8586.0   8.610893739515971e-03 0.0009571260237121413
