#@Telescope UH88 
#@Reference Saunders et al. (2018) 
#@Redshift 0.0  
#@Spectrum Train_SN86_4.dat 
#@SN-Name Train_SN86  
#@Phase 10.854 
#@Survey SNFactory 
#@SN-Type SNIa 
#@Units Flux 
# 
# WAVE : 
# SN_SPEC : 
# SN_ERR : 
#end 
3305.0 0.070667600213662085    0.0143206859830422636
3317.0 0.068839125058191508    0.0144102816315277368
3328.0 0.069822792058094801    0.0142926986191735505
3339.0 0.076963379018199066    0.0140995460452817394
3350.0 0.071263144519989524    0.0136454496831781968
3361.0 0.079717597517704367    0.0129909218697051680
3372.0 0.076142129357794172    0.0127014473833854738
3383.0 0.051884708549110543    0.0125374277526158207
3395.0 0.088005629725802365    0.0127407763528863162
3406.0 0.098431550330131096    0.0124113727788465692
3417.0 0.073513683024159004    0.0121258952835740178
3429.0 0.088357032711085276    0.0121333142289023338
3440.0 0.093447937537914222    0.0114118806969668671
3452.0 0.090663152952479217    0.0112033993551441634
3463.0 0.068870888596869087    0.0112033017101611683
3475.0 0.095551553134808273    0.0111519788684041297
3486.0 0.114127615403133265    0.0109898586202116615
3498.0 0.097679305950840067    0.0108649861823798041
3509.0 0.116983398894771773    0.0108795916965757043
3521.0 0.112252116132802518    0.0106508424039180767
3533.0 0.143391148524807860    0.0108457587686655015
3545.0 0.127146146490698636    0.0103907668030882167
3556.0 0.131368734449427954    0.0101310374607467141
3568.0 0.162690685048351380    0.0101166236864446944
3580.0 0.128549408353138966    0.0096468889767043486
3592.0 0.161773807871936320    0.0096188624467844416
3604.0 0.151691736974911645    0.0095295215896161606
3616.0 0.152892930240070335    0.0095433906071835384
3628.0 0.157936610119368048    0.0096872932239290728
3640.0 0.167031907519890693    0.0096469948921409417
3652.0 0.185741976477483278    0.0096309063156475496
3664.0 0.182492503348908014    0.0094215615942676717
3677.0 0.167409775852520398    0.0090800286497879825
3689.0 0.164958029351329055    0.0092915993376877191
3701.0 0.131567628777561368    0.0088604208435939316
3714.0 0.107120613446178056    0.0083774941399949194
3726.0 0.089913786530342196    0.0082952029178715251
3738.0 0.084744229607033192    0.0086415797391055007
3751.0 0.076637538039624309    0.0087307371459065617
3763.0 0.075303429532399352    0.0079755306800693305
3776.0 0.079939493349402160    0.0075066238978109311
3788.0 0.089601908297607530    0.0075048474045046089
3801.0 0.098044277606069680    0.0075058935826604048
3814.0 0.111523636884133387    0.0076096089190270380
3826.0 0.132502618221622431    0.0078780957739581544
3839.0 0.150069289236980374    0.0083028685393742030
3852.0 0.173980763870334676    0.0084493421543312738
3865.0 0.197693465631689186    0.0083435873888252667
3878.0 0.225184612238298582    0.0082354461992652211
3891.0 0.225652945613949579    0.0081954637994669476
3904.0 0.248509185664912119    0.0082247786178945813
3917.0 0.280419020004036790    0.0083230169051748265
3930.0 0.280312403849235892    0.0082597035980093332
3943.0 0.271602843736269195    0.0081236807213869635
3956.0 0.300070471373793835    0.0082300792209266081
3969.0 0.292288984606417890    0.0079846288708261704
3982.0 0.264335967560486274    0.0078821891062234844
3995.0 0.237160046521521367    0.0076287787625923557
4009.0 0.213353111301736509    0.0073288831120371508
4022.0 0.200772461646543054    0.0072443082091731481
4036.0 0.198495935061611312    0.0071936606061476687
4049.0 0.196656164862150429    0.0070475270668270782
4062.0 0.232990632736272352    0.0074067614030635300
4076.0 0.232675423494183714    0.0074613861082784639
4090.0 0.206620039853903897    0.0071308754290369787
4103.0 0.195959179000459838    0.0069587287804419654
4117.0 0.177553555414377784    0.0067912121861946478
4131.0 0.170236293803987637    0.0067136120640935255
4144.0 0.168633087521433384    0.0067802329333997670
4158.0 0.180455148489936074    0.0069683732434990472
4172.0 0.207805153696159983    0.0070694204631378248
4186.0 0.235213468213758436    0.0072443890671355926
4200.0 0.211546031612503266    0.0069676772960869954
4214.0 0.207403768445503844    0.0069097839614619214
4228.0 0.185265641361718747    0.0067539839279563045
4242.0 0.197101931473404379    0.0068726308544213568
4256.0 0.191554187209662358    0.0067231612166769482
4270.0 0.180405842160566821    0.0065220796262341410
4284.0 0.197336061631562892    0.0064941900284176965
4299.0 0.187535179959526371    0.0062985059934309810
4313.0 0.194531510384898410    0.0063756879948753337
4327.0 0.182329590958685561    0.0063156035717709070
4342.0 0.166156459808143253    0.0062933141899943366
4356.0 0.151475662173953224    0.0061345533680510610
4371.0 0.139875797201131080    0.0059383488369028304
4385.0 0.132771308358364593    0.0058877605230414206
4400.0 0.115922795236965290    0.0057394331278249958
4415.0 0.105578479840536754    0.0056860901954394480
4429.0 0.113964259822246713    0.0057163047024263612
4444.0 0.128833047882684737    0.0058336593334918562
4459.0 0.135230539946315564    0.0058337766531908961
4474.0 0.150259242669901011    0.0059736353161168407
4489.0 0.159722392074498537    0.0060757002870464654
4504.0 0.174769481555531986    0.0061265946889073174
4519.0 0.180858206887046569    0.0061951247332234166
4534.0 0.223810672062511484    0.0064569995009635178
4549.0 0.256107582896835884    0.0066623275113656408
4564.0 0.265944071117487302    0.0067351771870902376
4579.0 0.281735238953548295    0.0069010867734392804
4594.0 0.287242137164140099    0.0069659793729208858
4610.0 0.303097566684374042    0.0072175717557046290
4625.0 0.302319384051076168    0.0073741461097599484
4640.0 0.294858655653641499    0.0075678832463779997
4656.0 0.250043998248677013    0.0076235719855888935
4671.0 0.210305632474192955    0.0079865808914522073
4687.0 0.193258091191029185    0.0084618890554126695
4703.0 0.172545631348990008    0.0089142063317753546
4718.0 0.173508734083769128    0.0094492358618040381
4734.0 0.191144695912345314    0.0099455637367933149
4750.0 0.151585876157271510    0.0096376243695413602
4766.0 0.126017605088429657    0.0088461188195074342
4781.0 0.126758851016211399    0.0083655007758006890
4797.0 0.145267227706158436    0.0085415901391093160
4813.0 0.158357618029057512    0.0132955253922212597
4829.0 0.142218751344308697    0.0153012764777227667
4846.0 0.129034303798276656    0.0120673985271751091
4862.0 0.138707190697532207    0.0101680729056815543
4878.0 0.142780417354847755    0.0093543427812873559
4894.0 0.125572592919010156    0.0091995875958756478
4910.0 0.191689735949019696    0.0095127715255079511
4927.0 0.189141430909086278    0.0091900223919673119
4943.0 0.182193389236173703    0.0087172659136861407
4960.0 0.165148026179202156    0.0079908102249464114
4976.0 0.145017934216748356    0.0073065758241847821
4993.0 0.139178045831221814    0.0068533684362354491
5009.0 0.130092336878820186    0.0065399544698164259
5026.0 0.133982665012298163    0.0061228132963961493
5043.0 0.142941313993684066    0.0060596694942277049
5060.0 0.140152899849307344    0.0057891459939682574
5076.0 0.136986931606388168    0.0056308651138211371
5093.0 0.155857609398841884    0.0055524915412001998
5110.0 0.149621756105884990    0.0053568273491075196
5127.0 0.151918270876027994    0.0052364788235924062
5144.0 0.149565700722889605    0.0051079903010610222
5162.0 0.165834964506393706    0.0051295266014578459
5179.0 0.179943355786813614    0.0050104981219778882
5196.0 0.205946568782957085    0.0051256108123897493
5213.0 0.227402858200450059    0.0062101463558015737
5231.0 0.237779905061185598    0.0050687975386083956
5248.0 0.223485573682399991    0.0049418185791946304
5266.0 0.222525871918109908    0.0048061744133505793
5283.0 0.207208448601286843    0.0046032199067173873
5301.0 0.191213932628285260    0.0043972836775685292
5318.0 0.200232521294116533    0.0043994709711902384
5336.0 0.196302747713422154    0.0043463945229536378
5354.0 0.182789027520978142    0.0041582599571058747
5372.0 0.196144423881700780    0.0041458086342837722
5390.0 0.185075333871698111    0.0039902634897526785
5408.0 0.176808439044202209    0.0038680325233807046
5426.0 0.180694356314462734    0.0038693701137875835
5444.0 0.166865521573358405    0.0037643446605932660
5462.0 0.160409178900788152    0.0036651307753233090
5480.0 0.151597716540971067    0.0036173164992193423
5498.0 0.161903261298338097    0.0036963422858359032
5517.0 0.163192441159335178    0.0036933953711804179
5535.0 0.158330624695881578    0.0034652861219063116
5553.0 0.157350299716102426    0.0034067311956754911
5572.0 0.144221134578019605    0.0033631711784810805
5590.0 0.144675988360061569    0.0032597578446566218
5609.0 0.139353517820967360    0.0031664863108710911
5628.0 0.128820134745395748    0.0030682628278816551
5647.0 0.123080050892917223    0.0029911690517105140
5665.0 0.123550503478692661    0.0029562842597210537
5684.0 0.116935954943978709    0.0028837861375404965
5703.0 0.117832940580541765    0.0028208784001559277
5722.0 0.115659706718168831    0.0027951175125908124
5741.0 0.116594501829884956    0.0027867145889851745
5760.0 0.113767397416092694    0.0027075901410237809
5780.0 0.129127146958648908    0.0027829011304075710
5799.0 0.129633813210966342    0.0027707686662926099
5818.0 0.146912369305602725    0.0027934614204829546
5838.0 0.154833092085994384    0.0028436697365289941
5857.0 0.166027748770394834    0.0028722850168987897
5876.0 0.162360700786073453    0.0028984835671630751
5896.0 0.172416771566995392    0.0032347442837101967
5916.0 0.154316805963565506    0.0026738325238875372
5935.0 0.140582915735455533    0.0026083125720457495
5955.0 0.137143102850995652    0.0027709039003445072
5975.0 0.144096082494536926    0.0025912408225421237
5995.0 0.139856425082561492    0.0025266709333756580
6015.0 0.127934421397356668    0.0024487415176801196
6035.0 0.118073958559364658    0.0024050174171807905
6055.0 0.127021768271045637    0.0024308929329123884
6075.0 0.125118819675465065    0.0024046460872194581
6095.0 0.118532005070682706    0.0022988251202814068
6116.0 0.096749933055709392    0.0021830201083944865
6136.0 0.074544866599278212    0.0020519148609940640
6157.0 0.066497437335929735    0.0019809461581273705
6177.0 0.069186783579415725    0.0019708354171522331
6198.0 0.080747948913292164    0.0019821422232809312
6218.0 0.089758308621606192    0.0020131026908537129
6239.0 0.092432476232685690    0.0020047088695574820
6260.0 0.099955749366646640    0.0020185500646834175
6281.0 0.104258786870078404    0.0020390302754997782
6302.0 0.105834882162963828    0.0020359243217571202
6323.0 0.114826029300642660    0.0020572364005270014
6344.0 0.111689374868767302    0.0020309991022048296
6365.0 0.113059912533555462    0.0020156385261506497
6386.0 0.113666770806312836    0.0020828948288330231
6407.0 0.113390877357021469    0.0020325728398087857
6429.0 0.111311603595837680    0.0022458084361071423
6450.0 0.113881369943611421    0.0021418646649081262
6471.0 0.109932627852109888    0.0020422888726075623
6493.0 0.109173264639417900    0.0019702721401874132
6515.0 0.105019423256261665    0.0019267353201361046
6536.0 0.104391763352068886    0.0019054076077001381
6558.0 0.095447331277488931    0.0018900892657574256
6580.0 0.097867722944036645    0.0018618041972200306
6602.0 0.086787814930423174    0.0018087014823584919
6624.0 0.080924173908065472    0.0017645113800247002
6646.0 0.078836956163482561    0.0017381941493545962
6668.0 0.075940694146265489    0.0017269223476558389
6690.0 0.066670154204940546    0.0016747417499132871
6713.0 0.066982046966694311    0.0017056036854146007
6735.0 0.062514871744803427    0.0016556615327316298
6757.0 0.062124611895856885    0.0016913936067068913
6780.0 0.057354480460748217    0.0018079813839458846
6803.0 0.062939888304962735    0.0018236514416533275
6825.0 0.059657311885263242    0.0016657365571417623
6848.0 0.056066292069375918    0.0016957496255826949
6871.0 0.056393301880138073    0.0016879902950109307
6894.0 0.054595201898904162    0.0016499431543100136
6917.0 0.052705662407778145    0.0016182559635490666
6940.0 0.050926428012851604    0.0015350028855134368
6963.0 0.049407966291533670    0.0015390729905478068
6986.0 0.052896554099345711    0.0015922062830537305
7009.0 0.045760779536212742    0.0015064534755840364
7033.0 0.048210076332891573    0.0016034452022065141
7056.0 0.049784888877973145    0.0015098297025038464
7079.0 0.052265329146942346    0.0015576511199837605
7103.0 0.045997261084871774    0.0025228264185573105
7127.0 0.051937462380542886    0.0023079693157292084
7150.0 0.049175605751538259    0.0019215931939041682
7174.0 0.047334010633494350    0.0015619149020631733
7198.0 0.049640888507363909    0.0015633062032497560
7222.0 0.048071016992539191    0.0017024435098469100
7246.0 0.046727148941047292    0.0017113883052001582
7270.0 0.047021705002225064    0.0015724841020093631
7295.0 0.046467596351660943    0.0016765465350070928
7319.0 0.045861907213203747    0.0016962442902155039
7343.0 0.042048792083096136    0.0017524920866280106
7368.0 0.047705550870353469    0.0017013440126159888
7392.0 0.041451614642230405    0.0017078282987599742
7417.0 0.037695234117123881    0.0015916125257239876
7442.0 0.040261379844009328    0.0016566227918734997
7466.0 0.035030644377310939    0.0016864202413472086
7491.0 0.030653042423605104    0.0015604147973147873
7516.0 0.031935175840929322    0.0015167218821192791
7541.0 0.030253997328601262    0.0014968107618140581
7566.0 0.026666195333443755    0.0014811071098520734
7592.0 0.029990231889077120    0.0014523870946080391
7617.0 0.033586827856679588    0.0015077367790585767
7642.0 0.032710415291339487    0.0015301972709814860
7668.0 0.033313342750758632    0.0015326017566857696
7693.0 0.033100200511655298    0.0015238885609843915
7719.0 0.032888500599422991    0.0014797342212296654
7745.0 0.039618268466548139    0.0018289205550848986
7770.0 0.032535265002525598    0.0016376316438154661
7796.0 0.036744401809748341    0.0018953110344906326
7822.0 0.035476903172976325    0.0016405139595057885
7848.0 0.040254177210161467    0.0018235133741033758
7874.0 0.038155127478540149    0.0018516570769422124
7901.0 0.038082764903143905    0.0016646466580042382
7927.0 0.034626256052380816    0.0016031529856692065
7953.0 0.035639590362857410    0.0016324989111409307
7980.0 0.028614037168727985    0.0015177391908799841
8007.0 0.024077427538137939    0.0014537741782680638
8033.0 0.024033001497372978    0.0014644543655021158
8060.0 0.023161114386939428    0.0017201930339736655
8087.0 0.026463836938014913    0.0017869237131294901
8114.0 0.021602516500387411    0.0016397469229314484
8141.0 0.020201138053143452    0.0014621766197462495
8168.0 0.020398953375946088    0.0014363263276392507
8195.0 0.015993172369754515    0.0019644483246316633
8222.0 0.015461116401103767    0.0015821268239948698
8250.0 0.022819207740706823    0.0020272760395930894
8277.0 0.018548572311253380    0.0016129099412884942
8305.0 0.025873876176883276    0.0018940402692443307
8333.0 0.024400226998052717    0.0019951137756634859
8360.0 0.025406810679574711    0.0017307752205508685
8388.0 0.025228025864698120    0.0017400652405265757
8416.0 0.024886373726324174    0.0018283618968278782
8444.0 0.033267632302280865    0.0017246686018432408
8472.0 0.044445727655724014    0.0017783005760280547
8500.0 0.044813389972611882    0.0018158973453336876
8529.0 0.048441038673819943    0.0018003080163373189
8557.0 0.046712915248208982    0.0018541244539447080
8586.0 0.048269356974500285    0.0018214972115187203
