#@Telescope UH88 
#@Reference Saunders et al. (2018) 
#@Redshift 0.0  
#@Spectrum Train_SN20_15.dat 
#@SN-Name Train_SN20  
#@Phase 41.689 
#@Survey SNFactory 
#@SN-Type SNIa 
#@Units Flux 
# 
# WAVE : 
# SN_SPEC : 
# SN_ERR : 
#end 
3305.0 -0.0097996471407639247  0.0235418101129896973
3317.0 -0.0054408395274182265  0.0219562251995253470
3328.0 -0.0004752186776507811  0.0203537570251278548
3339.0  0.0197768243736747180  0.0195892891417840734
3350.0 -0.0031874443920382116  0.0207898461313102585
3361.0  0.0254066126114376768  0.0196260755277919523
3372.0  0.0191628110057602864  0.0201509531211144545
3383.0  0.0044660103116682401  0.0201409661085624365
3395.0 -0.0257542510314741832  0.0194834751485746457
3406.0  0.0026957861848321864  0.0200534298809067375
3417.0  0.0079172864891708192  0.0197567017049012431
3429.0  0.0430582294707289662  0.0189856362021869861
3440.0  0.0267419206844515707  0.0191553866437335317
3452.0  0.0238574871191795553  0.0183914997200497095
3463.0  0.0194723528774013339  0.0180651921340014010
3475.0  0.0250304924646834563  0.0171006066387124553
3486.0  0.0172646815682680789  0.0163012851380860239
3498.0  0.0149149748986674626  0.0168797906895509706
3509.0  0.0326498123571677679  0.0175386332270322902
3521.0  0.0105042040008942184  0.0179761873247857376
3533.0  0.0290158246026900046  0.0164699673821848830
3545.0  0.0217849994425622466  0.0165530222904996388
3556.0  0.0283893483196428521  0.0142362168170859973
3568.0  0.0271729334673459361  0.0131440504209087011
3580.0  0.0341834080858728698  0.0147094890726933956
3592.0 -0.0045362423118752377  0.0140551795215804829
3604.0  0.0181776088917863683  0.0141904942019401067
3616.0  0.0044573919143616686  0.0139173572938427990
3628.0  0.0348601335531311465  0.0149421568023232320
3640.0  0.0296480442684929346  0.0151731876510725981
3652.0  0.0181856676962438082  0.0131422111811861277
3664.0  0.0365605191152361814  0.0121233812201354454
3677.0  0.0455701800193144893  0.0146580758998364515
3689.0  0.0196555803321398805  0.0124083605080634405
3701.0 -0.0314074734682362605  0.0143102031043046730
3714.0 -0.0303342873684811463  0.0159100291110939387
3726.0  0.0516484905654458620  0.0154457099855435029
3738.0  0.0377328986845089018  0.0152202913408612649
3751.0  0.0154140810953723676  0.0147052543488617547
3763.0 -0.0090774260892200823  0.0142506279440068381
3776.0  0.0137091285256029580  0.0138430315584072081
3788.0 -0.0091202569684935737  0.0139043511360168303
3801.0  0.0087202007130289024  0.0148830063547449806
3814.0  0.0496433185250609588  0.0143520858297517713
3826.0  0.0044250470646095830  0.0144019026910469309
3839.0  0.0055694799117282975  0.0140285877409343854
3852.0  0.0283557963668725002  0.0137269999673222311
3865.0  0.0421482988186038035  0.0135085887324880773
3878.0  0.0100825742336000546  0.0133573603874660388
3891.0  0.0182085948858238048  0.0129026472561847329
3904.0  0.0271478841434077862  0.0127746599055376161
3917.0  0.0128981761247168921  0.0129000525861435022
3930.0  0.0150279983350711886  0.0124714005163686689
3943.0  0.0298939726365610135  0.0125175894165446278
3956.0  0.0284379590593386057  0.0122585528319920194
3969.0  0.0348022275376403747  0.0118623117648310565
3982.0  0.0253685055237131384  0.0118054479832869035
3995.0  0.0295032467355260154  0.0111881486796324581
4009.0  0.0072126601540856454  0.0102968326179828321
4022.0  0.0223881854970320454  0.0117712169262164119
4036.0  0.0238140656267953298  0.0114426042482949474
4049.0  0.0248630084719859180  0.0116036970660493028
4062.0  0.0268417965407370188  0.0119282383562659966
4076.0  0.0220657944445799906  0.0113546246094966968
4090.0  0.0094459636917248596  0.0113559843876325523
4103.0  0.0326141347423182237  0.0112557006412669306
4117.0  0.0090167301079633905  0.0113630387055985282
4131.0  0.0194694526053608812  0.0113510830775605670
4144.0  0.0199796783401944185  0.0112590982208425460
4158.0 -0.0050739319834167129  0.0113693086864238568
4172.0  0.0136205354858707599  0.0115277757222975886
4186.0  0.0117653158546235457  0.0114789579482403176
4200.0  0.0117606590771529834  0.0114658674676355061
4214.0  0.0297168150374088821  0.0111247210711594678
4228.0  0.0115651686182080445  0.0111424949215568336
4242.0  0.0182637571998099900  0.0111616512626917797
4256.0  0.0126605582461542521  0.0110755505456627910
4270.0  0.0200726482146801818  0.0107545806640899633
4284.0  0.0110599948435815710  0.0105931899863847129
4299.0  0.0148759787015450458  0.0105246866782319672
4313.0  0.0285743610601194020  0.0104596370533554285
4327.0  0.0179724814651125407  0.0103198890749116295
4342.0  0.0047520309053409220  0.0102323197817796602
4356.0  0.0067113953978846464  0.0101674653266712080
4371.0  0.0103624492710660231  0.0099557746210062296
4385.0  0.0081318779262672045  0.0099221967901977990
4400.0  0.0055413174061650101  0.0099910026213418067
4415.0  0.0143621240625503004  0.0099385691853059229
4429.0  0.0051026823402729685  0.0097195634854294801
4444.0  0.0195688052683792996  0.0099451246435314916
4459.0 -0.0010108332966807035  0.0096872603972484508
4474.0 -0.0089571870297700910  0.0096662899975604125
4489.0 -0.0038191774344793774  0.0096420784455066161
4504.0 -0.0039248349005169209  0.0094957146020394102
4519.0  0.0114409221084453561  0.0091123743063680485
4534.0  0.0229899230241683815  0.0092395087961560495
4549.0  0.0279286133348247666  0.0095449072267696951
4564.0  0.0234113125836838271  0.0097182414255738495
4579.0  0.0227957654655407890  0.0097529304550450484
4594.0  0.0220173115412018415  0.0100732108571926424
4610.0  0.0191300271441786802  0.0105218726955002614
4625.0  0.0468928978560680110  0.0113762215133520975
4640.0  0.0348612340710342666  0.0117854467726052139
4656.0  0.0231550069288149300  0.0123311823957492298
4671.0  0.0436887946267778826  0.0132299584053546578
4687.0  0.0474975015893825889  0.0140873621419646735
4703.0  0.0392081312727465894  0.0140873951912528130
4718.0  0.0427280414895825217  0.0135994128323339708
4734.0  0.0183285925711725618  0.0130610193190150419
4750.0  0.0088747208378811299  0.0113318937537980058
4766.0  0.0163207054466647586  0.0112477257491129454
4781.0  0.0108130223177128094  0.0112817784213901061
4797.0  0.0041369415679111572  0.0155007459449480450
4813.0  0.0054312567495408415  0.0135068774891123310
4829.0  0.0103170065271950429  0.0120631452923044506
4846.0 -0.0211568176993311326  0.0113513010041458966
4862.0  0.0076813706750698350  0.0112833342871109417
4878.0  0.0204761752434735426  0.0110687861631325948
4894.0  0.0412076224855011108  0.0107031601333334066
4910.0  0.0242012183927736955  0.0100832755085817072
4927.0  0.0198891267173756485  0.0097336646670140477
4943.0  0.0090952676568797040  0.0092682021271813016
4960.0  0.0177313817991418925  0.0086239256710368660
4976.0  0.0010966250700818452  0.0082132634328774892
4993.0  0.0120240053074812045  0.0080272469633537718
5009.0  0.0225171260898023029  0.0078063923397939531
5026.0  0.0271901846550079984  0.0073861324915071528
5043.0  0.0165778821031174750  0.0073010839532249979
5060.0  0.0305851237444946175  0.0070518710231066151
5076.0  0.0147644632806734274  0.0068678754178499446
5093.0  0.0157449125402638716  0.0066785132797187487
5110.0  0.0123782796921415705  0.0065096714775855439
5127.0  0.0086742429534640026  0.0063689866839511953
5144.0  0.0220940110646714871  0.0062985334862124247
5162.0  0.0258561468814636278  0.0062346591966382526
5179.0 -0.0037970931488552008  0.0062035236611753626
5196.0  0.0203862609513368390  0.0066085856563706542
5213.0  0.0168984885916288914  0.0056660913523806488
5231.0  0.0214015478253903740  0.0055795790885802138
5248.0  0.0148267829020112141  0.0054675230267120971
5266.0  0.0191917348337825241  0.0053626439561323446
5283.0  0.0312925821261375581  0.0052696980084216850
5301.0  0.0330144189186023784  0.0051534042628225635
5318.0  0.0106106229017108346  0.0049940376550091144
5336.0  0.0320608412194407222  0.0050744097524246584
5354.0  0.0338073946016730492  0.0049648604125694584
5372.0  0.0420930014586130483  0.0048891918779967328
5390.0  0.0403969403370570621  0.0048001842516002587
5408.0  0.0404142047633531190  0.0047393631030062753
5426.0  0.0314784897293733448  0.0046789257957926241
5444.0  0.0427430823927931747  0.0046361474773043768
5462.0  0.0404401545002914045  0.0046485200024947481
5480.0  0.0365279265081809371  0.0048729364506482709
5498.0  0.0374605199794235538  0.0044881288675362964
5517.0  0.0350620385570117529  0.0043476957798262066
5535.0  0.0358899131541384198  0.0042391972366744319
5553.0  0.0288846842687520040  0.0042054765140468646
5572.0  0.0375453157863816223  0.0041485108165116536
5590.0  0.0449943330001113181  0.0040695233417495482
5609.0  0.0345488983804855473  0.0039293196954934074
5628.0  0.0347998733922416439  0.0038885316257772570
5647.0  0.0229710206012231390  0.0037735160194760035
5665.0  0.0300636930632049403  0.0037423788971143795
5684.0  0.0255933914505169224  0.0036780301405500348
5703.0  0.0194104032013332137  0.0035880685139406520
5722.0  0.0239968855095351978  0.0035739048010511093
5741.0  0.0284688778668402906  0.0035334213818600658
5760.0  0.0337205621086206497  0.0035071434435329286
5780.0  0.0320413493861271964  0.0034740042184435889
5799.0  0.0405160892225499003  0.0035124451214577353
5818.0  0.0325163428901421164  0.0033680453627584405
5838.0  0.0359793578127755864  0.0033690467522232721
5857.0  0.0345368838074740919  0.0034282804046187566
5876.0  0.0269361229625621826  0.0032236235796641046
5896.0  0.0383799544570883749  0.0031811034625656475
5916.0  0.0205260487100307719  0.0031331444298888572
5935.0  0.0191110548801308282  0.0030796632306817609
5955.0  0.0301033271154955151  0.0030789413066990927
5975.0  0.0283584801380620220  0.0030592050405211352
5995.0  0.0251902954404919707  0.0030141355266946309
6015.0  0.0270845042668960631  0.0030281691787628880
6035.0  0.0172936880122677925  0.0029263591450226743
6055.0  0.0199799026014532422  0.0029294862396863262
6075.0  0.0238641143409486813  0.0028913579788717001
6095.0  0.0235952703447893236  0.0028038600528893206
6116.0  0.0227056448292955078  0.0027344158157187751
6136.0  0.0175920690593010520  0.0026927977098034055
6157.0  0.0271213060818945653  0.0027154375453113644
6177.0  0.0281893791519117337  0.0026975700280437191
6198.0  0.0191665309307090422  0.0026218308323299484
6218.0  0.0253614901785669151  0.0026328617691328423
6239.0  0.0248628077007489595  0.0025841483716854121
6260.0  0.0179023633998420736  0.0025296602364759451
6281.0  0.0159387504819814389  0.0025052986459289254
6302.0  0.0136886200099358563  0.0024766995574466823
6323.0  0.0185011750703236062  0.0024626271019289802
6344.0  0.0209089768322918111  0.0024953310428226694
6365.0  0.0207794582143536778  0.0025090020605594860
6386.0  0.0255535015351398241  0.0026154274012392385
6407.0  0.0302864472189741316  0.0026017603584264190
6429.0  0.0319811633083010791  0.0025280921729362617
6450.0  0.0307790940081986222  0.0024591793501069622
6471.0  0.0335357576865065801  0.0024255946543090532
6493.0  0.0337877281222681708  0.0023779313761026553
6515.0  0.0357460436199670412  0.0023405723139114502
6536.0  0.0367081707184617329  0.0023200251938553223
6558.0  0.0342980699700244848  0.0024084188568105529
6580.0  0.0266938072830336208  0.0023375457196316870
6602.0  0.0313993882182663428  0.0022879944646404513
6624.0  0.0249624859745256611  0.0022463008577537549
6646.0  0.0308330684890229523  0.0022578977111845249
6668.0  0.0191600168276581453  0.0022054093011320431
6690.0  0.0194445858247996005  0.0022091408898309512
6713.0  0.0184619945816157892  0.0021749288374036013
6735.0  0.0118003001411090373  0.0024421705019465954
6757.0  0.0102675848630173084  0.0022431816040723567
6780.0  0.0119970442183908125  0.0023532988708598115
6803.0  0.0095815311791455447  0.0022686897625025493
6825.0  0.0144140230672416807  0.0022768994532369438
6848.0  0.0118000385058708614  0.0022087376175322394
6871.0  0.0129182300978010547  0.0020937792162366796
6894.0  0.0172111268220369838  0.0021132868504159640
6917.0  0.0107667228995735158  0.0020725243330928797
6940.0  0.0095219645831872857  0.0020465825617909518
6963.0  0.0142832320206424251  0.0021317136360460413
6986.0  0.0113099084080369207  0.0020093651617752073
7009.0  0.0146934841018033294  0.0021333424749044897
7033.0  0.0123295967866850764  0.0020363354938371181
7056.0  0.0145012586539687623  0.0020628014817641641
7079.0  0.0081195988087862936  0.0029306671111479950
7103.0  0.0166894179450612426  0.0025452618530065795
7127.0  0.0098037004659116116  0.0021630509903811830
7150.0  0.0144011627964545606  0.0019798948685909867
7174.0  0.0151777087397869451  0.0022446187104953751
7198.0  0.0191190247059428962  0.0020607802684549040
7222.0  0.0165179434166609421  0.0021602467025715558
7246.0  0.0158439563179997370  0.0021449634947758858
7270.0  0.0136447300843587759  0.0021775994850868202
7295.0  0.0173905698069972310  0.0021376420811058429
7319.0  0.0179348104028949039  0.0023302907595129582
7343.0  0.0175669082617844578  0.0021232361015727130
7368.0  0.0128789231361104411  0.0023509900737817791
7392.0  0.0178174431164158653  0.0020277132350652676
7417.0  0.0176435343137910129  0.0022280337536535843
7442.0  0.0179360382568233695  0.0021851559405050821
7466.0  0.0222763908003077299  0.0021399176796743392
7491.0  0.0146135672145691602  0.0020097203899215564
7516.0  0.0145846388580110706  0.0019308581786087787
7541.0  0.0164802872700806693  0.0019480524417745627
7566.0  0.0164512456190588907  0.0019194402033734694
7592.0  0.0166419120411668529  0.0019559688521421465
7617.0  0.0164152974219422820  0.0019423682440574560
7642.0  0.0220100874142342279  0.0019292968498887521
7668.0  0.0167022222103254368  0.0019524632646568119
7693.0  0.0228474356555429699  0.0020496388583971722
7719.0  0.0218527348583979417  0.0024063945710828920
7745.0  0.0168916576155219676  0.0019296125113128794
7770.0  0.0215769401971336108  0.0025286038203882928
7796.0  0.0198961451082879243  0.0020538615549613409
7822.0  0.0162929381232303910  0.0023158130208653749
7848.0  0.0224622370128498387  0.0022786438263050642
7874.0  0.0110045507361175490  0.0021930504129306079
7901.0  0.0174977533012675192  0.0019815890389748821
7927.0  0.0145526658205949091  0.0018596790234373321
7953.0  0.0109383512895235690  0.0018506942506846950
7980.0  0.0153866670600001781  0.0018311030823193739
8007.0  0.0104627345917958740  0.0018655147534460119
8033.0  0.0121846849844474275  0.0020883120632703193
8060.0  0.0137558291794278465  0.0021055269085302592
8087.0  0.0130445217058856849  0.0018557177503568788
8114.0  0.0108740141698436023  0.0017621982747357938
8141.0  0.0040223864579411184  0.0020277793990895842
8168.0  0.0060086104509936688  0.0024564520043874462
8195.0 -0.0011858603007064252  0.0018182915171038765
8222.0  0.0085932912808885289  0.0026215999197900996
8250.0  0.0031952083922087145  0.0019734102182170019
8277.0  0.0075058786686227506  0.0023756547522396127
8305.0  0.0094497057346134422  0.0023477268925400857
8333.0  0.0010230815264817661  0.0022809929895357115
8360.0  0.0056067196508200762  0.0020256440632585595
8388.0  0.0073880999089647389  0.0020423798052887623
8416.0  0.0058778789117180262  0.0019948563324885204
8444.0  0.0119175286245837512  0.0018506529905853268
8472.0  0.0104761288282906664  0.0019031384149771073
8500.0  0.0149699635144241016  0.0018584900786607456
8529.0  0.0153731723671094635  0.0019448545743236401
8557.0  0.0149324645793119676  0.0018794568365475444
8586.0  0.0076205993283986273  0.0019896812847114993
