#@Telescope UH88 
#@Reference Saunders et al. (2018) 
#@Redshift 0.0  
#@Spectrum Train_SN89_14.dat 
#@SN-Name Train_SN89  
#@Phase 42.753 
#@Survey SNFactory 
#@SN-Type SNIa 
#@Units Flux 
# 
# WAVE : 
# SN_SPEC : 
# SN_ERR : 
#end 
3305.0  0.0044272921573073583  0.00155205779630604467
3317.0  0.0021603014589449687  0.00142097014217435597
3328.0  0.0031930283510093506  0.00135879044326986820
3339.0  0.0005134479024263537  0.00128586630132307574
3350.0  0.0015511966769290702  0.00122297977503321872
3361.0  0.0045645322482712591  0.00122493004227250011
3372.0  0.0042269188838573854  0.00118971620428008477
3383.0  0.0055487417950723103  0.00119489283107768228
3395.0  0.0037552625850937006  0.00114324124018667450
3406.0  0.0032114055021429497  0.00109580325536497657
3417.0 -0.0007092507483553721  0.00105667852195669544
3429.0  0.0018574603143325611  0.00107202444671697264
3440.0  0.0053195496671782109  0.00103195272478806988
3452.0  0.0035669689374774787  0.00100536732236355627
3463.0  0.0035271085928432915  0.00100776365034481192
3475.0  0.0034108070586771201  0.00103372734906912031
3486.0  0.0020609090748984946  0.00098261080401400606
3498.0  0.0029434575531581994  0.00094762361144918477
3509.0  0.0051958261432141590  0.00094559838329997625
3521.0  0.0054767360553464222  0.00097579547882476359
3533.0  0.0045538402902040830  0.00095026112277731977
3545.0  0.0032048190343879359  0.00092791526123903038
3556.0  0.0074027918729033387  0.00093823532986037452
3568.0  0.0073860130941696654  0.00091499826388327307
3580.0  0.0062139821235063378  0.00087952221123085636
3592.0  0.0069529509253901198  0.00087328207395458363
3604.0  0.0055044390033311998  0.00084116081966393750
3616.0  0.0057538468746720882  0.00082770145587514386
3628.0  0.0067601835027218081  0.00082407970836518381
3640.0  0.0060894751074157321  0.00079750499192710923
3652.0  0.0083528738385492737  0.00080099466759363258
3664.0  0.0073479943934441280  0.00080328005770855665
3677.0  0.0082858826600452195  0.00079967940397758226
3689.0  0.0074519853571028780  0.00078418496523864926
3701.0  0.0063004987907030784  0.00077777837588278531
3714.0  0.0066760639578320995  0.00075062218852796564
3726.0  0.0057392688744212677  0.00072443333985610118
3738.0  0.0048251729701240652  0.00071415335196524214
3751.0  0.0030231660339522337  0.00069864024497914813
3763.0  0.0029475830808125868  0.00067791050515345096
3776.0  0.0008900415408539438  0.00062360803752807689
3788.0  0.0011276921402643449  0.00061621829500807198
3801.0  0.0028159124175440482  0.00062977136592227620
3814.0  0.0044783413651988844  0.00062679545403091625
3826.0  0.0056184202206668353  0.00065303578385279642
3839.0  0.0046360691198943562  0.00063573401864612479
3852.0  0.0064491601245130724  0.00064866226304731900
3865.0  0.0081735926125238081  0.00066435045324727388
3878.0  0.0093689945936588238  0.00065232887091756287
3891.0  0.0126290970124508534  0.00066209330083853420
3904.0  0.0104053454260811876  0.00067170163524807292
3917.0  0.0108718396480285886  0.00068372014118601152
3930.0  0.0125464457166857054  0.00067799659503330967
3943.0  0.0128581524095331759  0.00067253483658413250
3956.0  0.0146910255678642139  0.00068607428672344377
3969.0  0.0156969469269676240  0.00070402023106166023
3982.0  0.0145759773023341008  0.00070591432852227685
3995.0  0.0120909192743797432  0.00064691022480522652
4009.0  0.0114163831239862384  0.00061593497976749300
4022.0  0.0104591647363060057  0.00060727443012636724
4036.0  0.0109646992432046331  0.00060446361945198967
4049.0  0.0083780093456059523  0.00058288939443818780
4062.0  0.0113769030088760360  0.00062526584389259324
4076.0  0.0110779767798188915  0.00063437025793035393
4090.0  0.0100487070902499295  0.00059611817375298528
4103.0  0.0077650152892146523  0.00054688606199455945
4117.0  0.0091976314740075862  0.00054586480806478974
4131.0  0.0095919698909345541  0.00054719164538687061
4144.0  0.0090811576356427445  0.00053704272403619000
4158.0  0.0093151235988046862  0.00053537399805679022
4172.0  0.0094178307652389628  0.00054578526060313219
4186.0  0.0095738532471304622  0.00053657426527924839
4200.0  0.0105666111926671583  0.00054186838593566920
4214.0  0.0102791951682897429  0.00053090189419991015
4228.0  0.0100078238498950492  0.00052688441430732654
4242.0  0.0097862147230991774  0.00052790477729647604
4256.0  0.0097948225530565466  0.00052394268700245797
4270.0  0.0106859831988329566  0.00052365473744467035
4284.0  0.0116393245887406651  0.00051856355164894537
4299.0  0.0128501307343966507  0.00051953412849051000
4313.0  0.0123786242982734818  0.00051828876091247419
4327.0  0.0126325148198362745  0.00052162482099902489
4342.0  0.0111103005262634044  0.00051436521327845883
4356.0  0.0095440896817137640  0.00050259699234583681
4371.0  0.0095051959219046942  0.00049089394554570505
4385.0  0.0087243637088233114  0.00048326156687872654
4400.0  0.0071938866494524615  0.00047601481404074131
4415.0  0.0073465715817357191  0.00046592337731714875
4429.0  0.0061965491387169979  0.00045870424267967859
4444.0  0.0066860278621325986  0.00046944889609777207
4459.0  0.0084367818123962553  0.00046737536795952983
4474.0  0.0084302278904839524  0.00046760786520236476
4489.0  0.0084176287398858296  0.00047008642723251779
4504.0  0.0098815004325655108  0.00047272097490766218
4519.0  0.0117896952576524387  0.00048531522387237869
4534.0  0.0141158025005310300  0.00049463849381027689
4549.0  0.0169129933625014016  0.00050318377490897047
4564.0  0.0178089599947792998  0.00050983814535838167
4579.0  0.0198882053918298454  0.00052214258293939745
4594.0  0.0208462539540981984  0.00052417534442803914
4610.0  0.0231283027834690430  0.00053373365361958185
4625.0  0.0241658093442784425  0.00054620316812157925
4640.0  0.0254716570431755551  0.00054435369492787330
4656.0  0.0242335844400382167  0.00053000507832453312
4671.0  0.0187146205534152940  0.00050475920352740025
4687.0  0.0151415603343272691  0.00049028066912332202
4703.0  0.0122909529475297274  0.00046601573547118554
4718.0  0.0098056780244801921  0.00044700613734201207
4734.0  0.0109817968584392436  0.00044637287266439756
4750.0  0.0098100650203547090  0.00044514781740871787
4766.0  0.0087480499819314415  0.00043885650161117068
4781.0  0.0111499060666242281  0.00045253861851481326
4797.0  0.0111281497117195136  0.00045811598364160376
4813.0  0.0125386763016812272  0.00046860384569773959
4829.0  0.0146402099580984803  0.00047759665049946462
4846.0  0.0139445144007673758  0.00047711793537635330
4862.0  0.0138302987983799086  0.00047604730447979858
4878.0  0.0138357510557665861  0.00048523658537352597
4894.0  0.0171814172539417470  0.00051999560453859343
4910.0  0.0183579394891891824  0.00055899060624929034
4927.0  0.0201382805605421801  0.00061043446857232794
4943.0  0.0192072461316441061  0.00065125218248398816
4960.0  0.0196853609237036889  0.00070475107790702999
4976.0  0.0196169655593920571  0.00074107454992674562
4993.0  0.0165103564625514489  0.00072997263884059995
5009.0  0.0132428350582030219  0.00064539527800447762
5026.0  0.0113761476278855037  0.00061466539949553379
5043.0  0.0106754048306646494  0.00081123409742309171
5060.0  0.0128453399495680846  0.00106326355502711178
5076.0  0.0098971582763741212  0.00093091451673135977
5093.0  0.0103405893473434481  0.00080849373641945772
5110.0  0.0110542261935365500  0.00065451946698875073
5127.0  0.0111948199030366922  0.00057778515410475265
5144.0  0.0107558617339226538  0.00054201176105549956
5162.0  0.0104972527392090693  0.00053424489932436543
5179.0  0.0113717968890658001  0.00051541666563585989
5196.0  0.0136079802937701094  0.00052129778326632679
5213.0  0.0136746348608294647  0.00050000879747337491
5231.0  0.0141879177934219197  0.00047316998271061081
5248.0  0.0167049049581424885  0.00047022089207262197
5266.0  0.0164390616218431061  0.00044167500247385173
5283.0  0.0182400090030026517  0.00043421885731013233
5301.0  0.0196690418680466848  0.00042444828304659605
5318.0  0.0198943764381565857  0.00041504648118673328
5336.0  0.0193546846314625910  0.00040572673235930680
5354.0  0.0176091386518564368  0.00038788392495727706
5372.0  0.0195440639230407102  0.00038301802639839014
5390.0  0.0199907130122108090  0.00037636100804296188
5408.0  0.0226783451440924280  0.00037894570107776713
5426.0  0.0236060919330268598  0.00038151161688673799
5444.0  0.0250341330078478683  0.00038085530081511808
5462.0  0.0266301072048452520  0.00050768729466366103
5480.0  0.0282744157753066043  0.00039275064927315052
5498.0  0.0304330564865663115  0.00038180449748758733
5517.0  0.0324139634445302638  0.00038158668545119261
5535.0  0.0337338565435296445  0.00037534693038968314
5553.0  0.0329939649719876923  0.00036936283578806070
5572.0  0.0318446248675883919  0.00036334844781071271
5590.0  0.0308992017465381623  0.00034939738661230200
5609.0  0.0271918103859208754  0.00032792067173410046
5628.0  0.0242496544325416785  0.00031454469886306393
5647.0  0.0222965276562165672  0.00029828583412696858
5665.0  0.0205815334981056738  0.00028556142654662288
5684.0  0.0181931887046396235  0.00027358473958214130
5703.0  0.0176583023717399798  0.00026593646978255480
5722.0  0.0184848228152686492  0.00026814411544111267
5741.0  0.0191383299534861259  0.00027208112009840504
5760.0  0.0221255616081752864  0.00028112478120302290
5780.0  0.0234074281720909015  0.00028889051134879234
5799.0  0.0246196491034280512  0.00028398227605596656
5818.0  0.0260450834743674933  0.00028302618509383069
5838.0  0.0279079256550318067  0.00028674234436195490
5857.0  0.0275214146796446540  0.00028220324635453152
5876.0  0.0254565497018898017  0.00027119671865656706
5896.0  0.0225389972062971372  0.00025246808143472799
5916.0  0.0227029931015445552  0.00025345056978137297
5935.0  0.0207071056938627450  0.00024415340916575352
5955.0  0.0165526100623174278  0.00022555887888910762
5975.0  0.0157994540011272382  0.00021937741463360489
5995.0  0.0139586821870863707  0.00021184914268689093
6015.0  0.0144169961409415098  0.00021227883150805627
6035.0  0.0136037587141863113  0.00020615822453128662
6055.0  0.0116586791083265300  0.00019628115658083234
6075.0  0.0127767274435356421  0.00019744633263342671
6095.0  0.0138715582605880468  0.00019903675469730607
6116.0  0.0147523609066521517  0.00020348275314818612
6136.0  0.0137850187823684335  0.00019697211003185061
6157.0  0.0130352255826764532  0.00019766255432706895
6177.0  0.0155784378228293330  0.00024407081724663079
6198.0  0.0167491882952807911  0.00020058254750656156
6218.0  0.0162296469887391187  0.00019523616977628453
6239.0  0.0151548816349062528  0.00020383785467901087
6260.0  0.0130528539863206429  0.00017843901246264167
6281.0  0.0125035683500937904  0.00017527467066351068
6302.0  0.0129506457237737807  0.00017513405761124609
6323.0  0.0130618866366306596  0.00017678545291720048
6344.0  0.0145382373580144070  0.00018091600083730672
6365.0  0.0160869424691710804  0.00018501384550343258
6386.0  0.0180280770480918673  0.00019118623433702787
6407.0  0.0198749634325846372  0.00019453982983487955
6429.0  0.0222903031114560189  0.00020355858334234129
6450.0  0.0241620991472516304  0.00020475863000071870
6471.0  0.0251111302619592726  0.00020460153996735889
6493.0  0.0265444947577177653  0.00020453224362747212
6515.0  0.0281890302790048126  0.00020661486943892194
6536.0  0.0271036087848466334  0.00020424418993768501
6558.0  0.0263351821308766450  0.00020483973710845694
6580.0  0.0246009860864800783  0.00019766168851761504
6602.0  0.0234709302375822187  0.00019182068705164921
6624.0  0.0207528193362198181  0.00018259355990721994
6646.0  0.0184013961551931990  0.00017364412483673235
6668.0  0.0157494629653116870  0.00016445169520885983
6690.0  0.0141346611069070750  0.00016465488172439762
6713.0  0.0119122109821495521  0.00015199469538915020
6735.0  0.0105730416217146468  0.00015991786809404278
6757.0  0.0098658016921130253  0.00014953022277518685
6780.0  0.0092585830235752606  0.00014503074984211278
6803.0  0.0092956448419631021  0.00014241711608321538
6825.0  0.0094313701310697728  0.00013873989918861991
6848.0  0.0096522387429031024  0.00013767327775189992
6871.0  0.0096334006703480482  0.00013659067497799132
6894.0  0.0094319114262985358  0.00013426971667007933
6917.0  0.0097615279179193125  0.00013621535345047619
6940.0  0.0097590410322318001  0.00013474318128937982
6963.0  0.0098644041308676156  0.00013265778530492311
6986.0  0.0089776651035587442  0.00012996944240441666
7009.0  0.0087919165875767896  0.00013008443980026298
7033.0  0.0087733758582942360  0.00013206431061237815
7056.0  0.0084977021198246582  0.00013030977465577250
7079.0  0.0082241719082963797  0.00013003316739570954
7103.0  0.0086894095930440274  0.00014855033343576265
7127.0  0.0091810744317018661  0.00014944326308542459
7150.0  0.0107355747459252169  0.00014174024586098669
7174.0  0.0113144910755211148  0.00014730766858012115
7198.0  0.0110239519599143534  0.00014521399368145534
7222.0  0.0109437921619078525  0.00014266932032511802
7246.0  0.0116770032379028554  0.00014134001404720952
7270.0  0.0121901240464530498  0.00013771520977937132
7295.0  0.0122503711401080930  0.00013924509935467965
7319.0  0.0124817179222137184  0.00014442536890605880
7343.0  0.0128906840778264288  0.00014125902311865697
7368.0  0.0139154900973942116  0.00014874718150289774
7392.0  0.0144835762830834106  0.00014441712803437977
7417.0  0.0149503545492768192  0.00014957469111146699
7442.0  0.0149684311593873375  0.00019886076268660111
7466.0  0.0129725954413777676  0.00018970856377573385
7491.0  0.0116597514068250696  0.00016270960439449677
7516.0  0.0120709624800791147  0.00014233126871304703
7541.0  0.0123188745639574264  0.00013971205780426792
7566.0  0.0116059442733269028  0.00015514464743331564
7592.0  0.0122807972784775288  0.00015363557835161714
7617.0  0.0124054109269700966  0.00014510606111474558
7642.0  0.0144780469466314447  0.00015898718465952565
7668.0  0.0157585246419874349  0.00016189864270369620
7693.0  0.0168463835059958003  0.00017139079384014463
7719.0  0.0176487797650471089  0.00016788731518895187
7745.0  0.0173185115046171623  0.00016843218042089132
7770.0  0.0175154854226825807  0.00016521372390129938
7796.0  0.0168076028272486216  0.00016500939202695772
7822.0  0.0152967244895354446  0.00016386571713967245
7848.0  0.0148656815688769720  0.00015478771498797576
7874.0  0.0133779699296582011  0.00014901472463204040
7901.0  0.0119918904515919703  0.00014120886048864581
7927.0  0.0107602826229049129  0.00013397137308340616
7953.0  0.0092141717165696631  0.00012829238099617784
7980.0  0.0085959471783602932  0.00012971090508391862
8007.0  0.0080925249018619083  0.00012769844970188558
8033.0  0.0087014059376812856  0.00012805352852762858
8060.0  0.0085371662556467769  0.00012897529195771235
8087.0  0.0079853311053963930  0.00012351456227525589
8114.0  0.0078175157219057701  0.00014780776478654227
8141.0  0.0069141831606812894  0.00013735589450993216
8168.0  0.0061519588226381684  0.00014558777832458827
8195.0  0.0042907379775816374  0.00012281073557204021
8222.0  0.0021736140281264833  0.00012717631071604925
8250.0  0.0021900601979633759  0.00012977413797112287
8277.0  0.0022249539618973725  0.00011341913750480356
8305.0  0.0042584700686006350  0.00012335927715159808
8333.0  0.0066211193821318955  0.00013059266920846069
8360.0  0.0059714976858809875  0.00011683687633835897
8388.0  0.0049848544015018538  0.00011112092747147563
8416.0  0.0058850722128367958  0.00011524618268229293
8444.0  0.0094852504476968073  0.00015029362332990759
8472.0  0.0108583585898928588  0.00016261356254356759
8500.0  0.0117047328569724399  0.00015780262372298975
8529.0  0.0127934326043265163  0.00014286559326212985
8557.0  0.0128698222737202786  0.00014109689421588426
8586.0  0.0131902618396461235  0.00017985811408340713
