#@Telescope UH88 
#@Reference Saunders et al. (2018) 
#@Redshift 0.0  
#@Spectrum Train_SN25_4.dat 
#@SN-Name Train_SN25  
#@Phase 2.281 
#@Survey SNFactory 
#@SN-Type SNIa 
#@Units Flux 
# 
# WAVE : 
# SN_SPEC : 
# SN_ERR : 
#end 
3305.0 0.109230004348630116    0.0058838045024646492
3317.0 0.103381867587377024    0.0056548194147986747
3328.0 0.115032514614928152    0.0056931920926907393
3339.0 0.116620169773167789    0.0055612291462083198
3350.0 0.122263927040514378    0.0054948455720793907
3361.0 0.130739494712121401    0.0054706497715243186
3372.0 0.129114358783501082    0.0051542050722250326
3383.0 0.136094751402002612    0.0052655687501042703
3395.0 0.142286872184565177    0.0053623449391700167
3406.0 0.125867358501035198    0.0051126054006074865
3417.0 0.136279931235806506    0.0053079012624291100
3429.0 0.133312304915823771    0.0051154012746607381
3440.0 0.147004476194237149    0.0049845645350000169
3452.0 0.157429274471802771    0.0049839870431123978
3463.0 0.148354398561212686    0.0049088074655653140
3475.0 0.169177765902528310    0.0050135943339495144
3486.0 0.188805135739337715    0.0050495284574928866
3498.0 0.204419042722696453    0.0050758132789699463
3509.0 0.223876865410000458    0.0051438790014102622
3521.0 0.254296400547759593    0.0052995464666681742
3533.0 0.249339838938816588    0.0051657146610972846
3545.0 0.284151326567375517    0.0053287794630390477
3556.0 0.288219653609781468    0.0053086858672357273
3568.0 0.294087815450699175    0.0052813006233507270
3580.0 0.296422842713910117    0.0052616022149993610
3592.0 0.278820126960010184    0.0050471555332913523
3604.0 0.257024032432473515    0.0048151514211297597
3616.0 0.237981158682454175    0.0046352307480667307
3628.0 0.245447254791165081    0.0046407290950486214
3640.0 0.233739988100074264    0.0044693054760094122
3652.0 0.209605615350345165    0.0042754550560683150
3664.0 0.189918413020144783    0.0041394347758226769
3677.0 0.168236072333791509    0.0039352934617191172
3689.0 0.144152572715736865    0.0037686179624674553
3701.0 0.121125783411856092    0.0035831866099937243
3714.0 0.103726897978731594    0.0034459269652316500
3726.0 0.089947515987318039    0.0032877194915204872
3738.0 0.099315553825641514    0.0033257877504786213
3751.0 0.091600343054075134    0.0032291450158385038
3763.0 0.088785111490784760    0.0031350961470745665
3776.0 0.105568703367784844    0.0032203079903268439
3788.0 0.107147095874631712    0.0032181153590971549
3801.0 0.119169420732788592    0.0033413029712805113
3814.0 0.139585199954253669    0.0034965130128695870
3826.0 0.173645389951881418    0.0039151239124367880
3839.0 0.204320451108768258    0.0040925697062685817
3852.0 0.235751729539360522    0.0039180430440927012
3865.0 0.273874957980930755    0.0040427481721756007
3878.0 0.314177440663577001    0.0041546350386638146
3891.0 0.354009488581251697    0.0043587284702387517
3904.0 0.370040961560337389    0.0044107389431153766
3917.0 0.382437628499145310    0.0045779106985756090
3930.0 0.401171114642675963    0.0047547302762574626
3943.0 0.404913398902795041    0.0046581703643729030
3956.0 0.384623880759692116    0.0044445955386106534
3969.0 0.353558920180987557    0.0041625154143131154
3982.0 0.311671185294366770    0.0039694797948855295
3995.0 0.300762723355317063    0.0038711951688922136
4009.0 0.294643840830660475    0.0037899340599924537
4022.0 0.312491254910380600    0.0039051512337642123
4036.0 0.337449402300827261    0.0039712661430872436
4049.0 0.361411075101967849    0.0039909052810233924
4062.0 0.372718991842260483    0.0040812909561970534
4076.0 0.378679025998108043    0.0041129756092136982
4090.0 0.369862872502178974    0.0040115426104858085
4103.0 0.368792836878423458    0.0039370989896641076
4117.0 0.358332330176922120    0.0038546658609304972
4131.0 0.341999700117864847    0.0037941039285220332
4144.0 0.331744698927915582    0.0037674945260168244
4158.0 0.322404920953913487    0.0037847051122914324
4172.0 0.329866314998729648    0.0038489107430588645
4186.0 0.337441368680906406    0.0038408557983247685
4200.0 0.315456533772076886    0.0037163892779379548
4214.0 0.293609721732484619    0.0036083354640879159
4228.0 0.274599840372863391    0.0034947699335703083
4242.0 0.255430535253414082    0.0034098147805815384
4256.0 0.241940283666172290    0.0033234799849837667
4270.0 0.231932380069537369    0.0032282934850526830
4284.0 0.205011992292764345    0.0030489805161572053
4299.0 0.184621405737145583    0.0029113338285238536
4313.0 0.174881740070037345    0.0028363252011755972
4327.0 0.193331846565720861    0.0029483823063965928
4342.0 0.208463822709634899    0.0030540071989373922
4356.0 0.205529150336599825    0.0030092191205843112
4371.0 0.201979223933880320    0.0029422257617314979
4385.0 0.206597082301407525    0.0029674902818526711
4400.0 0.212054213613715598    0.0030014663740663633
4415.0 0.209891028473997238    0.0029503546975321901
4429.0 0.208761919343642105    0.0029360511705838086
4444.0 0.214929399217674649    0.0029611659059564769
4459.0 0.220675133129437734    0.0029701161058230028
4474.0 0.239952044152269534    0.0030733239167394996
4489.0 0.262463142658845516    0.0031571983609118737
4504.0 0.273271666182724249    0.0031916695542098302
4519.0 0.277980701864417756    0.0032079503665019024
4534.0 0.271694625872869078    0.0031687473977507021
4549.0 0.262429325995430063    0.0031220248404849197
4564.0 0.258528906013493487    0.0030884023632016017
4579.0 0.257688662059153195    0.0031102775992554086
4594.0 0.255040553829468997    0.0030781382866237102
4610.0 0.261737224476715880    0.0030981606957027766
4625.0 0.246548927076013141    0.0030720672371055890
4640.0 0.229108332890292921    0.0029647155060358241
4656.0 0.206782463683000961    0.0028504092068304759
4671.0 0.194303628012517826    0.0028445676451006774
4687.0 0.185654234621026620    0.0028410327173551504
4703.0 0.184915807839776014    0.0028436857135179881
4718.0 0.184880764022393229    0.0028523000040645303
4734.0 0.183510773459827886    0.0029086209267727811
4750.0 0.172819506298497017    0.0029329829948316591
4766.0 0.166685261295643816    0.0030904847014160868
4781.0 0.163673380016693265    0.0032608985160090327
4797.0 0.165305802852742822    0.0034938011074934832
4813.0 0.155664928623479193    0.0036833355173275153
4829.0 0.144130964622587426    0.0038032200259223285
4846.0 0.128723379183810910    0.0037584646981835179
4862.0 0.124511463706558356    0.0036793473137692410
4878.0 0.124746489952611103    0.0034014149056962838
4894.0 0.137680671424575324    0.0032814892828075329
4910.0 0.149636364778283570    0.0033738077576981620
4927.0 0.151831486824790335    0.0050286936198213391
4943.0 0.145817250132230819    0.0053699423596196942
4960.0 0.141958373998172488    0.0042997595110846254
4976.0 0.155524691381079577    0.0038250237901819163
4993.0 0.142423021025441937    0.0036234634450639483
5009.0 0.144550081117441248    0.0036065721611215251
5026.0 0.138860762243246366    0.0034482943569372503
5043.0 0.163102640069756472    0.0035211440613273364
5060.0 0.166619968056937906    0.0033696137820570233
5076.0 0.172644331463906286    0.0032234182714279557
5093.0 0.187697577943557598    0.0031498822294000355
5110.0 0.189059932123658708    0.0029914408795695432
5127.0 0.195358621292075374    0.0029106199017218054
5144.0 0.194889899273449380    0.0028200417405477426
5162.0 0.185982261613004629    0.0026925822986708743
5179.0 0.182092209049972864    0.0025565766120231514
5196.0 0.188424717202271524    0.0025386310141671418
5213.0 0.182263286595700430    0.0024296098412130121
5231.0 0.161756396337563640    0.0022639882171550572
5248.0 0.143980087020386643    0.0021573811930270842
5266.0 0.125043618432559567    0.0020128381298407608
5283.0 0.112516220362724656    0.0018945950830326942
5301.0 0.109958521927890671    0.0018471950248517964
5318.0 0.120213231465055609    0.0019027599457996469
5336.0 0.125731781959294076    0.0025185990636108070
5354.0 0.134200626127950751    0.0019327731250119351
5372.0 0.134691897901632662    0.0018652296728913470
5390.0 0.131570420842234276    0.0018048545315765389
5408.0 0.130115702708841291    0.0017676639529948049
5426.0 0.119622685247336449    0.0016868601129108208
5444.0 0.109955950927095689    0.0016171242766294645
5462.0 0.101891538079591490    0.0015521810969878677
5480.0 0.103492801648795388    0.0015313834129585438
5498.0 0.114587460361221083    0.0015442363191132057
5517.0 0.134975796799853692    0.0015914994705535097
5535.0 0.148080330599004106    0.0016132671514762248
5553.0 0.158045648303336117    0.0016450476556573769
5572.0 0.161874777611599907    0.0016548527416648294
5590.0 0.159069498566489997    0.0016211373487653230
5609.0 0.160202185717111673    0.0016067175264106695
5628.0 0.162374498679676404    0.0016321291819796802
5647.0 0.158631383755847177    0.0016030236573706812
5665.0 0.157269797080779927    0.0015467267400052431
5684.0 0.153327536096590222    0.0015164549854312188
5703.0 0.149266240752788049    0.0014788098832756425
5722.0 0.148622290197202800    0.0014602505229791938
5741.0 0.137890382664363070    0.0013975563850934141
5760.0 0.136843113567291064    0.0013719700242129298
5780.0 0.134738033991055745    0.0013495540338849222
5799.0 0.133796283582844983    0.0013371753897984940
5818.0 0.137814138679045572    0.0013221186605346300
5838.0 0.140399343156546980    0.0013213835903336112
5857.0 0.145705681294089756    0.0013353533955757740
5876.0 0.146906786691554325    0.0013175858628353136
5896.0 0.145563882278629458    0.0012929708460074662
5916.0 0.142321599844419777    0.0012724127734432414
5935.0 0.140934432539190940    0.0012643009996265945
5955.0 0.141649967117566333    0.0012669839259281759
5975.0 0.139816114417179893    0.0012580994314606653
5995.0 0.137439487313656683    0.0012331479323990674
6015.0 0.130922828010982872    0.0012122964249192208
6035.0 0.126338118791178594    0.0012170649445642082
6055.0 0.105583661926279590    0.0010807481624711258
6075.0 0.075522496713781612    0.0009488049491160994
6095.0 0.054510845015633878    0.0008482613764716279
6116.0 0.041199574035004578    0.0007488122803280809
6136.0 0.039684276846660586    0.0007317485510015699
6157.0 0.044884878239169111    0.0007593393932661379
6177.0 0.055842207016446814    0.0008162000959938123
6198.0 0.070507639949541789    0.0008746430075171500
6218.0 0.087703784355920272    0.0009372711053486641
6239.0 0.102587666853051901    0.0009820084580258056
6260.0 0.108861868279858651    0.0009981330589014310
6281.0 0.115784710525954876    0.0010148030524882890
6302.0 0.116621063225328780    0.0010013811746242818
6323.0 0.117918980952821384    0.0009933580100010366
6344.0 0.116863472322795703    0.0009803478280781112
6365.0 0.115984465477862952    0.0009682750703768479
6386.0 0.114359602844054109    0.0009567954515595379
6407.0 0.109684329429676306    0.0009278526678809157
6429.0 0.108429387647779901    0.0009196995742632370
6450.0 0.101157130527968070    0.0008957447989869469
6471.0 0.099395346352187108    0.0008750582726153638
6493.0 0.097061431004446613    0.0008538935756614072
6515.0 0.092872942749774701    0.0008397381998856517
6536.0 0.090336012757234296    0.0008622826209804948
6558.0 0.087310894845800596    0.0008468287931795582
6580.0 0.084782208560189767    0.0009060739415601405
6602.0 0.083303439732437021    0.0008601350560227766
6624.0 0.081661069558446098    0.0008218916323010613
6646.0 0.080237321915069368    0.0008060922614521835
6668.0 0.076025877896650718    0.0007755601891234485
6690.0 0.074430017855474553    0.0007545874771844944
6713.0 0.071841066960448147    0.0007343471005079768
6735.0 0.067386020920627454    0.0007136001721281748
6757.0 0.065918884936828182    0.0007087844424462908
6780.0 0.063645459871841073    0.0007036910471611749
6803.0 0.064765637542043078    0.0006930685863375016
6825.0 0.062410715189772148    0.0006864898920566217
6848.0 0.060212025788430781    0.0006818490670810432
6871.0 0.058982550558014379    0.0006882962618256414
6894.0 0.057756529455979477    0.0006822195902955003
6917.0 0.054604205269085868    0.0006876186998880963
6940.0 0.053168556008926698    0.0007148239569968294
6963.0 0.052596858235386637    0.0007207860427256785
6986.0 0.050778189993718005    0.0006599864830843102
7009.0 0.048579680356312514    0.0006662976649445348
7033.0 0.049213342583527678    0.0006652900631938485
7056.0 0.048851274010446248    0.0006436626988831598
7079.0 0.048477772996104299    0.0006385431614655713
7103.0 0.047874522062823090    0.0006125473547797821
7127.0 0.047089302000423973    0.0006078075073167543
7150.0 0.045933634087924523    0.0006130807183007439
7174.0 0.046682177168954751    0.0005930063357805574
7198.0 0.044227603548725243    0.0006079117414485300
7222.0 0.044543112520523814    0.0005868877772449333
7246.0 0.042325227393845088    0.0005946042514372216
7270.0 0.042220616936756328    0.0008844038447248707
7295.0 0.041327695319924238    0.0007958738053836053
7319.0 0.037730109391432565    0.0006761200759472012
7343.0 0.034744243797412415    0.0005627911784844382
7368.0 0.035109837158928327    0.0005704626893725869
7392.0 0.032805266735759633    0.0006063363097329697
7417.0 0.030320213711968285    0.0006051988735257172
7442.0 0.026776955670543147    0.0005380117286061963
7466.0 0.023426682950445928    0.0005528258475745277
7491.0 0.025170166959749593    0.0005618684511187036
7516.0 0.026898261693796464    0.0006059717336673391
7541.0 0.027813253738444371    0.0005889671028802726
7566.0 0.027908483659676561    0.0005979695235845840
7592.0 0.029769421874286744    0.0005732274022013586
7617.0 0.031048721021600882    0.0005860251962665653
7642.0 0.032394126317589575    0.0006056943502066761
7668.0 0.029575401984368904    0.0005734344193104168
7693.0 0.031957202975348445    0.0005576926236104896
7719.0 0.029520202013425256    0.0005474720028435600
7745.0 0.031510638414083691    0.0005516343189868532
7770.0 0.032939353106610010    0.0005517009314890069
7796.0 0.033828576030410007    0.0005768098476430497
7822.0 0.034264041224936301    0.0005803084104456621
7848.0 0.035066131332486108    0.0005779609132347505
7874.0 0.035298692660753792    0.0005846920536420371
7901.0 0.032893237391483705    0.0005532306729261086
7927.0 0.034087082357772087    0.0006815825088340382
7953.0 0.031419602478322400    0.0005934154301131587
7980.0 0.031720304599721819    0.0006722108516252841
8007.0 0.028649727866631267    0.0005797975374359671
8033.0 0.027444779770212761    0.0006173813055659556
8060.0 0.025094529737620174    0.0006301505341845939
8087.0 0.025805792368461748    0.0005756531683386214
8114.0 0.023594131475003950    0.0005379822561194932
8141.0 0.022563962859484338    0.0005450934335379279
8168.0 0.020321014905658921    0.0005009473242380131
8195.0 0.017439369775125342    0.0004653922116962039
8222.0 0.016056268875724988    0.0004703719209029089
8250.0 0.015387974871068327    0.0006448328280565542
8277.0 0.017733218369469509    0.0006641021088220358
8305.0 0.020109517930390407    0.0006085748134195865
8333.0 0.019112899308188845    0.0004901393875264732
8360.0 0.020919255014811084    0.0004864656150573732
8388.0 0.024526292237742671    0.0007162388020068505
8416.0 0.029062615432843841    0.0005801882362151693
8444.0 0.031974997018147273    0.0007434969631011070
8472.0 0.036471275433551893    0.0006295973183534037
8500.0 0.039676652200900282    0.0007050822159642356
8529.0 0.040427552767931196    0.0007638434748192665
8557.0 0.040136624763430037    0.0006989006720310315
8586.0 0.038769813526067377    0.0006716761264837537
