#@Telescope UH88 
#@Reference Saunders et al. (2018) 
#@Redshift 0.0  
#@Spectrum Train_SN28_2.dat 
#@SN-Name Train_SN28  
#@Phase -4.029 
#@Survey SNFactory 
#@SN-Type SNIa 
#@Units Flux 
# 
# WAVE : 
# SN_SPEC : 
# SN_ERR : 
#end 
3305.0 0.339349200599198153    0.0220992663351907356
3317.0 0.342979359133988138    0.0213219590535461447
3328.0 0.347136597845733752    0.0213083699358062005
3339.0 0.333035335409077926    0.0212145187127984365
3350.0 0.282203439942943446    0.0203327471221182096
3361.0 0.333829529355949839    0.0207218089989376561
3372.0 0.315351183551126846    0.0198974851340904292
3383.0 0.348472100161424825    0.0199028947221094772
3395.0 0.374954412270936566    0.0197711435385186339
3406.0 0.415786866809782274    0.0193437697972426367
3417.0 0.365905228484833756    0.0190269202817104459
3429.0 0.391960892856783538    0.0187509281258679411
3440.0 0.450793029434894688    0.0185721294059288840
3452.0 0.451152799096239343    0.0180934378912800155
3463.0 0.492453968095358630    0.0183580835292512304
3475.0 0.468973295178767513    0.0181105329335023678
3486.0 0.471683616312804477    0.0176022147823942723
3498.0 0.496474844468192844    0.0174284512342092988
3509.0 0.475090784862429394    0.0174989899153412988
3521.0 0.480072827006131186    0.0176294056508215120
3533.0 0.458201545442049774    0.0171702219908210461
3545.0 0.486929557614679209    0.0170165316889495967
3556.0 0.484730677504958352    0.0165115134707068713
3568.0 0.495504760543271361    0.0160650675711780863
3580.0 0.516906286295634509    0.0156697262631113644
3592.0 0.505645648397241354    0.0154599274009353770
3604.0 0.469172390307922405    0.0150696471656456069
3616.0 0.481744418908413352    0.0152253801656884735
3628.0 0.424650731975500906    0.0149176284204046907
3640.0 0.412823772993367366    0.0149081384821952243
3652.0 0.328763415201443421    0.0140582483577052549
3664.0 0.333452675210034521    0.0138843707437188019
3677.0 0.314487940698825685    0.0134884546628704239
3689.0 0.255834900276447286    0.0134080555159731395
3701.0 0.226978174368715702    0.0130846874788892141
3714.0 0.212989283659715561    0.0128530064179179573
3726.0 0.243205174893415199    0.0147481424043434013
3738.0 0.246952854813887512    0.0130358742568208348
3751.0 0.279090330399919151    0.0139221576590266884
3763.0 0.270071679778844220    0.0137143104812736481
3776.0 0.284882669519508969    0.0127245726525242551
3788.0 0.272887527593280110    0.0122406036133598534
3801.0 0.244752698964295939    0.0119514909728389591
3814.0 0.282158805091830001    0.0120410183894960506
3826.0 0.323570529736244561    0.0125036177413781844
3839.0 0.328222845077418557    0.0128965559472059028
3852.0 0.394461285913589699    0.0133299163277121550
3865.0 0.413660800807238715    0.0134101219237708763
3878.0 0.419375016077598362    0.0129328047648811853
3891.0 0.440978887128857633    0.0127855656934756576
3904.0 0.479212688370281581    0.0127859680769070016
3917.0 0.479710603706987482    0.0126236494192888751
3930.0 0.479317359590908765    0.0124502738142689834
3943.0 0.522248516472416768    0.0126719901328964431
3956.0 0.502233008698444561    0.0125160200006294939
3969.0 0.428884261014285506    0.0117943544532322312
3982.0 0.442172904652563481    0.0119172832430093079
3995.0 0.420728580281509279    0.0116639397971365234
4009.0 0.437966855416243750    0.0116982355705893791
4022.0 0.458552976427390402    0.0120131811895217381
4036.0 0.470025785589110678    0.0118540546612448047
4049.0 0.487114446737519025    0.0118607818845870676
4062.0 0.510776383082041985    0.0120668585275881170
4076.0 0.512275903425148837    0.0119730397330957920
4090.0 0.501286620274568717    0.0118169409622014658
4103.0 0.460449401851623474    0.0116183757459588470
4117.0 0.419050973965299334    0.0111920251527987576
4131.0 0.429092406040098628    0.0113884814546553262
4144.0 0.408605755223444334    0.0111743354414627488
4158.0 0.376771053430768887    0.0111372755560363995
4172.0 0.361740161875156396    0.0109854377406501669
4186.0 0.349952836207555962    0.0109086856141893864
4200.0 0.353409777769549294    0.0107767361736431696
4214.0 0.288193893422488356    0.0104830058809196065
4228.0 0.273427138261155667    0.0104228937039467385
4242.0 0.290826443387390887    0.0103375817359910721
4256.0 0.282709868085276150    0.0101603592837331246
4270.0 0.240860239893972011    0.0098291798731566689
4284.0 0.241103230501194782    0.0096501258707582926
4299.0 0.232000757686417425    0.0094896021428596180
4313.0 0.249762047348622812    0.0094960098805094220
4327.0 0.258869852128122024    0.0095932265134128572
4342.0 0.284960715219539418    0.0101894464423715470
4356.0 0.289840078061280204    0.0098142145299419357
4371.0 0.341498406399199705    0.0100161744253897383
4385.0 0.301315776623287623    0.0097245190018869637
4400.0 0.266093435698706138    0.0096132366289222431
4415.0 0.282769175692327068    0.0094790949967069639
4429.0 0.270496771662835978    0.0094606894888983918
4444.0 0.289171001082290602    0.0096702636920796975
4459.0 0.310331651487543936    0.0096044029198762530
4474.0 0.286141004548917943    0.0096556362256601837
4489.0 0.302327199796690094    0.0096967284952699222
4504.0 0.321171164422558830    0.0098162238867036105
4519.0 0.324501659028080314    0.0097843341900233916
4534.0 0.291453221360667758    0.0096262535780783729
4549.0 0.300667988222407145    0.0096778632677131764
4564.0 0.295581269797452528    0.0097055484588845810
4579.0 0.311596974190577691    0.0099237140003617143
4594.0 0.330875457989240895    0.0100344794184490695
4610.0 0.300397608246729286    0.0100365695874061432
4625.0 0.309470368310329036    0.0104189935068538450
4640.0 0.266572379465526310    0.0105534196753029556
4656.0 0.264573278508992094    0.0110456517677825789
4671.0 0.240896774319765361    0.0116564957790320882
4687.0 0.272121264425416953    0.0129273560933920537
4703.0 0.272134183183879386    0.0137969948696328431
4718.0 0.219385518769401155    0.0143302703366355085
4734.0 0.241376618929506792    0.0140589766230822862
4750.0 0.243936367457661785    0.0128242552106387110
4766.0 0.253435920248572755    0.0126399141815726132
4781.0 0.286215584262411227    0.0176059908738538523
4797.0 0.347775560553951812    0.0221326418551342392
4813.0 0.239082592566850716    0.0188509093278929236
4829.0 0.251154031656934174    0.0159530700263880929
4846.0 0.218463358846533645    0.0127317770172074574
4862.0 0.213403878078529397    0.0121104790114792537
4878.0 0.182449349660652793    0.0107993730324246629
4894.0 0.211166141190553741    0.0107145593355820693
4910.0 0.210560286579660944    0.0105071257094048603
4927.0 0.235410979281202914    0.0105015073481798133
4943.0 0.213949516741775786    0.0097600695766510460
4960.0 0.187489082584906652    0.0092843898953831484
4976.0 0.157881714034777410    0.0082524330340468972
4993.0 0.200824878937900075    0.0082513821442477802
5009.0 0.221168562465246410    0.0089556273884296433
5026.0 0.213157065376748028    0.0075697113243412915
5043.0 0.205904036070601953    0.0073399671154809644
5060.0 0.227634676964102833    0.0072086760953446452
5076.0 0.231406275308879111    0.0070044837774920704
5093.0 0.237700606405286757    0.0068670878408222686
5110.0 0.247691419436508964    0.0067915145977358645
5127.0 0.242303979912961071    0.0066305554052658441
5144.0 0.234170023985596054    0.0065187603801927802
5162.0 0.248694198302700065    0.0064912690359509480
5179.0 0.241938025254323341    0.0103708090351986217
5196.0 0.233297379995111742    0.0063422106738314820
5213.0 0.223572160619513433    0.0059852519897673311
5231.0 0.181946433723528672    0.0056077679637297484
5248.0 0.184835988668187373    0.0055067876008875576
5266.0 0.158047998749230645    0.0052731341629276181
5283.0 0.170578546218814464    0.0051762539639694767
5301.0 0.160251316633441609    0.0050517232169109815
5318.0 0.164917197111370817    0.0050430806237074070
5336.0 0.183369834989763503    0.0050587153434217920
5354.0 0.192877865866747961    0.0050264920573744624
5372.0 0.181720079582565530    0.0048904516049022269
5390.0 0.170453587730971301    0.0047057216433917968
5408.0 0.173304402454944578    0.0046255496822462210
5426.0 0.154165297550667629    0.0045222861980425072
5444.0 0.147151813763269884    0.0045081038158821096
5462.0 0.150602328851842077    0.0047388481001045075
5480.0 0.139084897495274390    0.0048545214261850132
5498.0 0.169163924516149894    0.0045157745849877615
5517.0 0.181796496592298296    0.0044504118516622325
5535.0 0.167720117898850135    0.0043239471293533274
5553.0 0.168627278134211245    0.0042714732483791241
5572.0 0.174330835386884708    0.0042524005789423610
5590.0 0.176740602349500842    0.0041102780658252196
5609.0 0.176782840222895726    0.0040469943419029946
5628.0 0.183549092521769708    0.0040516922562963348
5647.0 0.182248677471265358    0.0039792961589535710
5665.0 0.173260637187533845    0.0038787349704879738
5684.0 0.175636407871031242    0.0038247628109647379
5703.0 0.176131719618105032    0.0037991031540702560
5722.0 0.160237740626291258    0.0036782260378799060
5741.0 0.156884614668589134    0.0036462055476216603
5760.0 0.157734135785536828    0.0036084943365952992
5780.0 0.159123315716496849    0.0036190440771988910
5799.0 0.163129662399858710    0.0036956259470217723
5818.0 0.157780090201011303    0.0035663348492137514
5838.0 0.174612264806153605    0.0037211885296973297
5857.0 0.174788563899440530    0.0048556960611179281
5876.0 0.161370516112940704    0.0035357877800032433
5896.0 0.160651101690877679    0.0033779302101898875
5916.0 0.157102625633258192    0.0037678341668213105
5935.0 0.159549942692898489    0.0032708786135102071
5955.0 0.156792322212586127    0.0032561304067931611
5975.0 0.148857863934182849    0.0031827275658956539
5995.0 0.153055537249511486    0.0032346513516711200
6015.0 0.139950187189552211    0.0031812731238268300
6035.0 0.134513411782671011    0.0031854161355502893
6055.0 0.133758070637842286    0.0030879589257826572
6075.0 0.106108775464720986    0.0029990841293928857
6095.0 0.082728088275258210    0.0028714072841210612
6116.0 0.064339388531230127    0.0026498864582115748
6136.0 0.081986177458742399    0.0026482752083191322
6157.0 0.084087857691305168    0.0026320689994360365
6177.0 0.095882799646896860    0.0026543832381393552
6198.0 0.109568623540952190    0.0026822601144717859
6218.0 0.109074457066370339    0.0026528736255549889
6239.0 0.125244578398458789    0.0027096643459564055
6260.0 0.129506379105968850    0.0026902550211223082
6281.0 0.139640474075582388    0.0027012871234737791
6302.0 0.136900652961539887    0.0026974486351693822
6323.0 0.124457155514947695    0.0026299701458413851
6344.0 0.129852331781308949    0.0028920954975708286
6365.0 0.133595782399297230    0.0027732353367454993
6386.0 0.133294163856598286    0.0030420353401295168
6407.0 0.124369248700934687    0.0028117202249721288
6429.0 0.123026962489498973    0.0027723548390727651
6450.0 0.112185366776419229    0.0027189980243925802
6471.0 0.116252353931370123    0.0026211300656955399
6493.0 0.111339522046769862    0.0025079570396250805
6515.0 0.111685703008711570    0.0025040872085358851
6536.0 0.102996350254862534    0.0025141457515783661
6558.0 0.111319306724508224    0.0035476944959983818
6580.0 0.117199196182538323    0.0029652166706361340
6602.0 0.105114062368005481    0.0024529784189645230
6624.0 0.095621773902762761    0.0024037032167390248
6646.0 0.089686314246596691    0.0023847142063734067
6668.0 0.092840199874933957    0.0024492591325468147
6690.0 0.093128556475133115    0.0024090177593183715
6713.0 0.087838576691317075    0.0026332820073869186
6735.0 0.084004326586706785    0.0029889187044117669
6757.0 0.091174161242328064    0.0028933021528250416
6780.0 0.076686795220556381    0.0025272909849809845
6803.0 0.076813531918664330    0.0026489983965693451
6825.0 0.082426030288985194    0.0026359110075591901
6848.0 0.081022391725373372    0.0025166813855187335
6871.0 0.083803340066445478    0.0024629974553415693
6894.0 0.078044296235497954    0.0022509199631168425
6917.0 0.078482704887351235    0.0022755363899149613
6940.0 0.079043276040948282    0.0023842403720073994
6963.0 0.081212104263410217    0.0022540210205342229
6986.0 0.069693115329349256    0.0024060268965367753
7009.0 0.074517639295558671    0.0022188264575920659
7033.0 0.075267616243245627    0.0023347313366530302
7056.0 0.079524668588891470    0.0032686972643742014
7079.0 0.080297248582035879    0.0030888377435697558
7103.0 0.067141852692146176    0.0025794227685587696
7127.0 0.066902899546596215    0.0022607383480742248
7150.0 0.079520317010099026    0.0023146628647489906
7174.0 0.071306496719591869    0.0027032160259680251
7198.0 0.072213487147674005    0.0026600130185268378
7222.0 0.066040533083675565    0.0023262254106019599
7246.0 0.063936441149991530    0.0025410820942151418
7270.0 0.074002131061846291    0.0025911789624778591
7295.0 0.075334583001460467    0.0028930332838184090
7319.0 0.058214089694028137    0.0027224420338689223
7343.0 0.068679977917581139    0.0027707015464475495
7368.0 0.056175570794822820    0.0024966760263817078
7392.0 0.062073745406498557    0.0026018713964567008
7417.0 0.057716535865769719    0.0027137555077908519
7442.0 0.061491964173595648    0.0024121911555772643
7466.0 0.053194013948974800    0.0023269975470120020
7491.0 0.049819499517808161    0.0022912974316735678
7516.0 0.051752497235817853    0.0022079992317369864
7541.0 0.047624252044428370    0.0020646295323759191
7566.0 0.051583997628868519    0.0021868192225146131
7592.0 0.053862013163367001    0.0021954759697916742
7617.0 0.054619309434380259    0.0021394517153242062
7642.0 0.050779476014221600    0.0021678041445705328
7668.0 0.050366755890483082    0.0021129702290619474
7693.0 0.047432438137740153    0.0029801693930919244
7719.0 0.050910679222694835    0.0025528161668241433
7745.0 0.066696309661543038    0.0030076107971707218
7770.0 0.054466028663271694    0.0024691670634941158
7796.0 0.056511676622462460    0.0028344461370387853
7822.0 0.052254465506280934    0.0029959547124414130
7848.0 0.052639415252144328    0.0024738963564401740
7874.0 0.051526674118347507    0.0024238692291922641
7901.0 0.049089076781737816    0.0024193483448460510
7927.0 0.040719133777671515    0.0020927751647784455
7953.0 0.045758207058721696    0.0020344097696584546
7980.0 0.043857103923895566    0.0021067618330610416
8007.0 0.045424685024669044    0.0027308415990809757
8033.0 0.043597704952328196    0.0028032473130538645
8060.0 0.050584129996311275    0.0026311343419941498
8087.0 0.043874922027917290    0.0020969049128988088
8114.0 0.044132788164402512    0.0020178850947337908
8141.0 0.056041309104641300    0.0033908503654005041
8168.0 0.042431420419738075    0.0024408446849799583
8195.0 0.052896101534651796    0.0033767193036196462
8222.0 0.032945132976790456    0.0024506728119111443
8250.0 0.050641155223345898    0.0030047879094517167
8277.0 0.049954473583308456    0.0033121152716093340
8305.0 0.044641983795308517    0.0026949737697585813
8333.0 0.044743086841472303    0.0027257545886841053
8360.0 0.046739440021422760    0.0029608589531827955
8388.0 0.042577886721219829    0.0024389802701665032
8416.0 0.041112548212158984    0.0024670248195780759
8444.0 0.032962551524389143    0.0023366974096486392
8472.0 0.045199267735019644    0.0022081983997431403
8500.0 0.043344156872580725    0.0023051111744602868
8529.0 0.045686918165073080    0.0022250223526843436
8557.0 0.044570257897399039    0.0024201312494570395
8586.0 0.040690888774594265    0.0024360667870835743
