#@Telescope UH88 
#@Reference Saunders et al. (2018) 
#@Redshift 0.0  
#@Spectrum Train_SN81_8.dat 
#@SN-Name Train_SN81  
#@Phase 16.486 
#@Survey SNFactory 
#@SN-Type SNIa 
#@Units Flux 
# 
# WAVE : 
# SN_SPEC : 
# SN_ERR : 
#end 
3305.0 -0.00685418848214190690  0.0328676826239687261
3317.0  0.05035227841747546423  0.0334985560797054424
3328.0  0.01544851168619988495  0.0329771250245863914
3339.0 -0.02363527087666428272  0.0314491940901213338
3350.0  0.04034517140517654421  0.0305391992317157121
3361.0  0.00492548624227381101  0.0294726857987491139
3372.0 -0.01710742343201855642  0.0286099944468972897
3383.0 -0.02004368199492084085  0.0287367823510653424
3395.0 -0.03242984378623967046  0.0283541073462802266
3406.0 -0.01681869347611898366  0.0274460395986837885
3417.0  0.00672820697886306919  0.0270880866407990951
3429.0  0.05415426407455398161  0.0265978795135827124
3440.0  0.04476284425222352981  0.0249482019340445359
3452.0  0.00143630805102232836  0.0248315496383590718
3463.0 -0.02125089887384788018  0.0248407026790444345
3475.0 -0.00790395070110472449  0.0247275968898761148
3486.0  0.01901357201118693968  0.0243883486716082593
3498.0 -0.04670210957251728218  0.0233887718665626299
3509.0  0.00389868449360140663  0.0234076649161139155
3521.0  0.02568803285242945295  0.0234952123956819539
3533.0 -0.01602716923824722139  0.0227121804782092485
3545.0 -0.00768069000479696447  0.0220756477616916545
3556.0  0.01340008103469097177  0.0213653629335959216
3568.0  0.00768566923330032872  0.0205589350500515120
3580.0 -0.01032508106977476914  0.0200875240506530120
3592.0  0.00287524883155621316  0.0197611776870805396
3604.0 -0.01067476018186878407  0.0196153467528697063
3616.0 -0.00506914519205071187  0.0197737328429549962
3628.0  0.03407093775914596390  0.0197248354020677502
3640.0  0.05334711224544239072  0.0197593960924782527
3652.0  0.00783575550368481935  0.0192797591666980725
3664.0  0.01692570206544602787  0.0188814417038168335
3677.0  0.02973147215641020608  0.0185484473627624512
3689.0  0.04714626515774788390  0.0190484230661529148
3701.0  0.03289733169007250102  0.0185748954346876202
3714.0  0.00989586405439472211  0.0183080084350974760
3726.0  0.05424657349711246856  0.0194889006526725340
3738.0  0.00833350767165857466  0.0192012721108567735
3751.0  0.00512216494038277362  0.0185934571115859218
3763.0  0.03628200023161578386  0.0176409609268153508
3776.0  0.03118822407105250466  0.0165038331531204389
3788.0  0.01836893575003687926  0.0160925142193500438
3801.0  0.03331930755758807927  0.0163419809647172044
3814.0  0.03370923055308994859  0.0162285230161245790
3826.0  0.03224767891874563697  0.0167847385415674268
3839.0  0.01303736533364791179  0.0169936496365415551
3852.0  0.01655898454559224034  0.0163366206742544644
3865.0  0.02507144597877607878  0.0158643648604023038
3878.0  0.05232191408573184932  0.0152926261254035228
3891.0  0.04359938859451520377  0.0152342005201153846
3904.0  0.02921581303367173227  0.0147880397520399678
3917.0  0.02233891621608217679  0.0146517294848713207
3930.0  0.03201008292193063126  0.0144607757778213407
3943.0  0.06377712737139278054  0.0143735157554507331
3956.0  0.02460464035537376221  0.0140748350405959597
3969.0  0.04401109796494151460  0.0139891055720426233
3982.0  0.06128521164637731888  0.0139661731517909359
3995.0  0.06072051895149806894  0.0138005130099821197
4009.0  0.03215776383178971243  0.0134436185125038805
4022.0  0.01104783417662606911  0.0133018058066709452
4036.0  0.01153924886981026743  0.0131423021814838989
4049.0  0.02686472427664896717  0.0129525738885663908
4062.0  0.02439065392167616420  0.0131258095221349971
4076.0  0.02763342358520594691  0.0133759232812594355
4090.0  0.04024941480537968380  0.0130508601937660666
4103.0  0.03359161550913156158  0.0127882169359771706
4117.0  0.05167288154472849532  0.0128228757005154053
4131.0  0.02560277976057583754  0.0127275434381437513
4144.0  0.03924744159390144982  0.0126914710040501276
4158.0  0.03198019853618869895  0.0128241495096625708
4172.0  0.03135715558531092240  0.0128157764483206923
4186.0  0.04639323390224962124  0.0126735120667701723
4200.0  0.05029048678323417426  0.0125221556242895646
4214.0  0.05557520911730229329  0.0124449788646801458
4228.0  0.03414031182324819835  0.0123387514245591311
4242.0  0.02300940026873895747  0.0123246011451221219
4256.0  0.02656062528603238965  0.0121417725252344587
4270.0  0.03054066554248794155  0.0119208749124970360
4284.0  0.03861874076441867976  0.0118750824811857999
4299.0  0.04055273868178862345  0.0115099536039901251
4313.0  0.03449062587123759988  0.0115316069134223983
4327.0  0.02815242431727634290  0.0114411026609394471
4342.0  0.03139156138418026237  0.0115145123596299623
4356.0  0.02272344830509398159  0.0114880900148937783
4371.0  0.01155254544898361851  0.0111942034345183013
4385.0 -0.00729041566570211470  0.0110604523021149703
4400.0  0.00616564043188566006  0.0110752602793885106
4415.0  0.00540979976441386540  0.0108904830171010561
4429.0  0.00181853506371618275  0.0108416524830642763
4444.0  0.04769306740357369401  0.0110571277172470915
4459.0  0.02798646736565337662  0.0107853709331535742
4474.0  0.02072011164305642347  0.0109113533126986451
4489.0  0.03105768250512848036  0.0107843675363465501
4504.0  0.03921665001509535425  0.0109039835865245276
4519.0  0.02613007800829273211  0.0108259108925690840
4534.0  0.05272282832850125334  0.0110274616839153641
4549.0  0.06179985664497046616  0.0109745665392871946
4564.0  0.08512632410323651977  0.0111591940503312555
4579.0  0.07697797185073970705  0.0114309865820465938
4594.0  0.09314032032347537016  0.0116255133645290151
4610.0  0.06530690527683620517  0.0116775800618089641
4625.0  0.06733997013906757589  0.0122660505147093955
4640.0  0.07096310949011390423  0.0129678779408553529
4656.0  0.03946535745488164576  0.0134616434126376607
4671.0  0.03494792931550068371  0.0146919383387242985
4687.0  0.00023383548710516838  0.0160848175611638146
4703.0  0.02512692773526395765  0.0172599394101602688
4718.0  0.01321131753200379365  0.0182045046428905774
4734.0 -0.00815967106660574898  0.0181985751160947395
4750.0  0.06754511527556124328  0.0184733938626157786
4766.0  0.05526453597225476633  0.0171366425624716670
4781.0  0.03942295131835983624  0.0163747666710002404
4797.0 -0.01878146876326211925  0.0164215068409254254
4813.0  0.03129908502767934919  0.0249780779256619165
4829.0  0.05732416509253284581  0.0251844359476904207
4846.0  0.04573243277702234572  0.0201055615509367555
4862.0  0.09259854099312919695  0.0180758632372469384
4878.0  0.03882993043283385765  0.0165554699728334490
4894.0  0.05001990113956998607  0.0161768814003168497
4910.0  0.05467134723800072538  0.0157270277399860665
4927.0  0.06134037322519379082  0.0152110181722966732
4943.0  0.03681654547488741325  0.0140117190478236380
4960.0  0.04135565596129488902  0.0129714773853036140
4976.0  0.03401531037668835411  0.0119711348113367578
4993.0  0.03239064671164031128  0.0113380536329555862
5009.0  0.03514784222268883124  0.0107208880552553693
5026.0  0.04506872429735332697  0.0101435466753601166
5043.0  0.02978892689741535066  0.0096439007190700018
5060.0  0.06730610440418589857  0.0094163960252125582
5076.0  0.04638880143301326447  0.0089451947178087396
5093.0  0.04417808365294793177  0.0087320745531759211
5110.0  0.03598920550397499696  0.0082577786582698851
5127.0  0.05687406413157029827  0.0081545439151336774
5144.0  0.05349521030348202560  0.0079583231957326989
5162.0  0.03906020706274099252  0.0076399336594114393
5179.0  0.04200470003892711052  0.0074896903987102378
5196.0  0.05962217098022765116  0.0077454490794555703
5213.0  0.08288451812652358752  0.0114296032350687266
5231.0  0.07700756900116149939  0.0072133743320347103
5248.0  0.09064534762126029432  0.0071062623165114172
5266.0  0.10561823408246062694  0.0069703452262311468
5283.0  0.07418328273459899591  0.0065328692625781348
5301.0  0.08738227151305548446  0.0064482052755664232
5318.0  0.09544417680538959392  0.0063986628646329228
5336.0  0.08420740056094518089  0.0061876762161431802
5354.0  0.09201738390633736053  0.0061111540011735532
5372.0  0.06448073930403465381  0.0058764837317627069
5390.0  0.07347870485891136449  0.0057306982641729814
5408.0  0.08567732650902226688  0.0056183124989267422
5426.0  0.09681025995677002005  0.0056191180666404416
5444.0  0.08298926568289421990  0.0054937134109983897
5462.0  0.07825842202162068550  0.0054609121088243662
5480.0  0.07399939347590446526  0.0055356906267361138
5498.0  0.05745510527454598254  0.0061034357914408928
5517.0  0.06898823243738116950  0.0055970684037014466
5535.0  0.06460121662014910171  0.0051645044929961095
5553.0  0.05789327938485569480  0.0050515715893668777
5572.0  0.05231720838568995613  0.0048962830738130143
5590.0  0.04812453814811950420  0.0047337726393145742
5609.0  0.05212420923863825967  0.0046288926368658438
5628.0  0.05660274922776348250  0.0045322893839915964
5647.0  0.04886487617438611819  0.0043593581061779864
5665.0  0.03098774745109209375  0.0042479991124898010
5684.0  0.03567487123108013108  0.0041395213752757022
5703.0  0.03073480317096477163  0.0040635851463044622
5722.0  0.03342787502631552887  0.0039938526787229320
5741.0  0.03352241774009318692  0.0040333775128685587
5760.0  0.02780515273400413837  0.0039200063602431940
5780.0  0.04152372046837841252  0.0038951627186675302
5799.0  0.04644427371612495220  0.0039260210068895966
5818.0  0.05217344679386915623  0.0040083156081937125
5838.0  0.06215213017033075632  0.0041194428487345090
5857.0  0.06983050844593254036  0.0040764500541984831
5876.0  0.06456400469516457297  0.0051000714867593978
5896.0  0.06708568384212375280  0.0051794491492422375
5916.0  0.05925100250078084441  0.0037746376621628336
5935.0  0.06033076953222058642  0.0040870625303562266
5955.0  0.05299680396978623947  0.0040859178163928297
5975.0  0.05078166212112941030  0.0034827770083604055
5995.0  0.04275964334566675906  0.0033782117878869969
6015.0  0.05063188980474929435  0.0033249735981621346
6035.0  0.03561653264327383633  0.0034233264355388190
6055.0  0.02611580999963436511  0.0032738620788981022
6075.0  0.03124715599153928686  0.0034014187075897683
6095.0  0.02919411327109325965  0.0031847878175016364
6116.0  0.02109251591225870179  0.0032218577872847221
6136.0  0.02145508353838736920  0.0031916675441198243
6157.0  0.02000158533384578316  0.0029925069133979183
6177.0  0.02267672030976446151  0.0029372672945469731
6198.0  0.02456304862932933916  0.0028666469603701667
6218.0  0.03276222161955517215  0.0028275160868073625
6239.0  0.04003580106440329106  0.0028196999467981032
6260.0  0.04152044197923076413  0.0028096708562413901
6281.0  0.04222271543344600919  0.0028088833519495323
6302.0  0.04783417748450504575  0.0027886265396296788
6323.0  0.05619907110503256226  0.0027736955115454731
6344.0  0.04695414556389548161  0.0027486562541859257
6365.0  0.05287702537910064088  0.0027530339957062963
6386.0  0.05959253805439308771  0.0032838132112851877
6407.0  0.05499365184990457484  0.0031990009242936612
6429.0  0.05547631636343291345  0.0032109633265050390
6450.0  0.05021820612555710078  0.0030661683032468120
6471.0  0.05468747252474812776  0.0030005925990476152
6493.0  0.05046222422167384591  0.0029752175070260488
6515.0  0.05086291783479617717  0.0028388548464193140
6536.0  0.04569788685298335762  0.0026281310754040286
6558.0  0.05170421509240950148  0.0026651620418131280
6580.0  0.04375945020226918586  0.0026277399207951637
6602.0  0.03624224480084965033  0.0025439196356008592
6624.0  0.03635885819495217330  0.0025016451477531355
6646.0  0.03328161152360518266  0.0024231338225417496
6668.0  0.03696173724372494446  0.0024716123848433141
6690.0  0.03520473624764602905  0.0024400376616039972
6713.0  0.02761021209239671731  0.0024330585505589384
6735.0  0.02294848742746979225  0.0023261154343556713
6757.0  0.02282100828493108940  0.0030948596785446486
6780.0  0.02774792921600681417  0.0029767634150584562
6803.0  0.02706629732866165650  0.0034833302983365262
6825.0  0.02250530553964647656  0.0029327541278090438
6848.0  0.02081544630616466093  0.0031190710538438189
6871.0  0.02702944225182437460  0.0029451281293173094
6894.0  0.02346805336807063908  0.0028019424433983488
6917.0  0.02224044842942363501  0.0027198373114506453
6940.0  0.02007175633263394085  0.0024667099892293938
6963.0  0.02448747945766004477  0.0023560563949890719
6986.0  0.02510796858470559431  0.0027167147429486274
7009.0  0.02378573285174382171  0.0022829309576814197
7033.0  0.02396019326320506654  0.0028062921532644104
7056.0  0.02485979499372672694  0.0023325690727702929
7079.0  0.02492040449071063896  0.0026399688019221393
7103.0  0.02980335444553968219  0.0042789203457996852
7127.0  0.02419419398096888177  0.0035301443939231240
7150.0  0.01170873247101955790  0.0027691385990705822
7174.0  0.01437790914266936192  0.0023158504819919606
7198.0  0.02429398592495906825  0.0030651766420299472
7222.0  0.01688296674288283436  0.0028743869895120999
7246.0  0.02132244980856350808  0.0034240017039449161
7270.0  0.02446547358403905470  0.0029465326633828751
7295.0  0.01203690050691866992  0.0030986710873931256
7319.0  0.02073769765958377240  0.0030541605480002092
7343.0  0.02030903378173535417  0.0036937623537744557
7368.0  0.02291939076912197920  0.0031554389971541427
7392.0  0.03115715514451237317  0.0036310532976399474
7417.0  0.01657861400960582501  0.0028154729400617895
7442.0  0.01474192253300008436  0.0031388770825592424
7466.0  0.00989344881794257218  0.0032843490084107207
7491.0  0.01301326124659665101  0.0030745460469006232
7516.0  0.01668117170586227993  0.0024498390563014120
7541.0  0.01788023507228233069  0.0025336247198011921
7566.0  0.02019402432753977794  0.0024513643909640551
7592.0  0.01785138307439421840  0.0022452149805715495
7617.0  0.01456271626755045387  0.0022956397770529206
7642.0  0.01667320611710193176  0.0022823886775186334
7668.0  0.01852331698770091559  0.0022503060862242301
7693.0  0.01320236454784159269  0.0022512074812969657
7719.0  0.01711325917379800943  0.0022556023642003029
7745.0  0.01851095595849751654  0.0040245101342338864
7770.0  0.01555383620245650265  0.0026182689456376107
7796.0  0.02630157805954696018  0.0041928691646564709
7822.0  0.01249609423407304666  0.0029063278781675445
7848.0  0.01249887783831190799  0.0035885479627205835
7874.0  0.00672542938792117326  0.0037727715243571192
7901.0  0.01361817506409087296  0.0034277849600628011
7927.0  0.00981100279486926165  0.0025506078862882649
7953.0  0.01332528566328662796  0.0027738966343959261
7980.0  0.01858045293676040266  0.0025614420698820517
8007.0  0.00616019992614213249  0.0021482013824634803
8033.0  0.01132695126016620632  0.0023627865850987719
8060.0  0.00310634705905334704  0.0033054591814213516
8087.0  0.01331807275708028759  0.0034261416672371199
8114.0  0.00510501611651529696  0.0026701743074710078
8141.0  0.00198962963188824239  0.0021964698748628427
8168.0 -0.00362944334184621365  0.0022605709690307822
8195.0  0.00517060589110203851  0.0047002868413671762
8222.0  0.00041167178991958971  0.0026329820186212268
8250.0 -0.00089541108315420133  0.0048279922924566706
8277.0  0.00451281460661175776  0.0031165700920701717
8305.0  0.00119954271000069458  0.0039942620356962413
8333.0 -0.00056920996274133836  0.0041859691112841593
8360.0  0.00905936869006720297  0.0038898329401495534
8388.0  0.00337762206462490725  0.0028880229811529138
8416.0  0.01033366687358849324  0.0032424194107698325
8444.0  0.01868959790972902352  0.0028784790449872949
8472.0  0.00282952573102301062  0.0024237966190303671
8500.0  0.02142179257281223714  0.0026933553593751227
8529.0  0.01350825985207364591  0.0023777304416777033
8557.0  0.01869332511718040796  0.0026871518783750585
8586.0  0.01797768731448935384  0.0023838118451976927
