#@Telescope UH88 
#@Reference Saunders et al. (2018) 
#@Redshift 0.0  
#@Spectrum Train_SN89_13.dat 
#@SN-Name Train_SN89  
#@Phase 39.857 
#@Survey SNFactory 
#@SN-Type SNIa 
#@Units Flux 
# 
# WAVE : 
# SN_SPEC : 
# SN_ERR : 
#end 
3305.0  0.0055504525363896818  0.00238886249250106104
3317.0 -0.0005398243281376608  0.00219400155552192024
3328.0 -0.0028430012330146509  0.00204971030042169072
3339.0 -0.0014861393962356784  0.00200204682024198756
3350.0 -0.0032603685151804448  0.00185285913480732404
3361.0 -0.0049203103477394594  0.00181988323758444106
3372.0 -0.0006452032248823432  0.00179537604679036694
3383.0  0.0060455418528421699  0.00181906317412199145
3395.0  0.0029264490943592143  0.00172939866719706674
3406.0  0.0004016613287910069  0.00167143253153963028
3417.0  0.0026905059189560711  0.00170067953373388052
3429.0 -0.0005074869520643050  0.00161453128834458865
3440.0  0.0031850529828957182  0.00154394848027906420
3452.0  0.0021854791673382406  0.00151938814523372564
3463.0  0.0019272496923449043  0.00154197039412014552
3475.0  0.0033788736645616428  0.00157254789095361155
3486.0  0.0031528395671257857  0.00148562606833988657
3498.0  0.0018492914465727301  0.00143812642036895196
3509.0  0.0047851604136331626  0.00142965877953518650
3521.0  0.0064635849855408699  0.00148194819410400118
3533.0  0.0054242090198166745  0.00145369633742946976
3545.0  0.0047767330263735700  0.00140675125250092482
3556.0  0.0067868663498467921  0.00138089996723633150
3568.0  0.0040622965514355664  0.00131917429651151889
3580.0  0.0023575568704241982  0.00126852971987033176
3592.0  0.0050365390081452584  0.00126317387497581883
3604.0  0.0045795816361312979  0.00124770365421277723
3616.0  0.0048646534365082306  0.00120876247474577562
3628.0  0.0046326421184462304  0.00119957051180506410
3640.0  0.0041482712335401397  0.00115220108252669603
3652.0  0.0045566132955770153  0.00114355422509276970
3664.0  0.0052626668791517237  0.00115048260720581035
3677.0  0.0093586394294708913  0.00117170113184204014
3689.0  0.0067444662739149066  0.00115170508570047671
3701.0  0.0069906706508588443  0.00113771503037420497
3714.0  0.0064089984941900699  0.00108778453550416538
3726.0  0.0060014584294393611  0.00106406637186127096
3738.0  0.0035233439314668680  0.00103020210463023896
3751.0  0.0016962964842505083  0.00101499514060133622
3763.0  0.0043585852184815895  0.00100065502606795295
3776.0  0.0025306145954975502  0.00094230512286450757
3788.0  0.0007353893922272102  0.00091012852424291097
3801.0  0.0039750913298403374  0.00093888253316625067
3814.0  0.0070461072929378366  0.00093517926828908904
3826.0  0.0035394002940511583  0.00093375943716212067
3839.0  0.0067962004306440366  0.00094750171954379370
3852.0  0.0068264112512372655  0.00092764284052716133
3865.0  0.0066791038241128739  0.00094273139880127405
3878.0  0.0088599823353247703  0.00091861698977928796
3891.0  0.0119861801703805750  0.00092077558290540491
3904.0  0.0117116126197410013  0.00094980298670965108
3917.0  0.0133416561027473544  0.00096506578396242956
3930.0  0.0130301398231808929  0.00094630739999882049
3943.0  0.0119124443343575602  0.00093266154380769440
3956.0  0.0132360530420122142  0.00096513116920645748
3969.0  0.0162034860184692431  0.00095748224599651076
3982.0  0.0134945598546822362  0.00091912188104285506
3995.0  0.0152833230595818773  0.00089713107551377732
4009.0  0.0151548670728391521  0.00087806155683661422
4022.0  0.0147073502066131200  0.00088120440459185710
4036.0  0.0117274899017983519  0.00085550193049121494
4049.0  0.0121858791528110574  0.00086485253082911313
4062.0  0.0126322227108288318  0.00088301972313679542
4076.0  0.0115443576701333740  0.00086974346825347947
4090.0  0.0092738342112281286  0.00081138132447275922
4103.0  0.0108292606820102003  0.00077768913707761567
4117.0  0.0102038817279520959  0.00076914476356346358
4131.0  0.0107577008748018631  0.00075854096214413524
4144.0  0.0090939716819958636  0.00075552599831205688
4158.0  0.0096321233471815294  0.00075988256525355157
4172.0  0.0103326574329246409  0.00076750984609912510
4186.0  0.0124293248585455179  0.00076649920954151936
4200.0  0.0111673028344638874  0.00074674675228712296
4214.0  0.0103456390351055159  0.00073278656308739683
4228.0  0.0111368509760950991  0.00073845567946257491
4242.0  0.0090577389791357578  0.00072591288876960619
4256.0  0.0111158522040361672  0.00073340496588852530
4270.0  0.0107593003748037951  0.00072007403720868309
4284.0  0.0134976555089752152  0.00071707795986468773
4299.0  0.0126839897697399954  0.00070435665352788161
4313.0  0.0136737457943914148  0.00071186554033929198
4327.0  0.0139588784192974952  0.00071308342515178562
4342.0  0.0132146062063043749  0.00071284491526776199
4356.0  0.0106581562660702147  0.00069427436465767248
4371.0  0.0112114489536217967  0.00068391937782008312
4385.0  0.0092427960048918519  0.00067119139648862450
4400.0  0.0076899630367014520  0.00066345402955009019
4415.0  0.0078253460893804912  0.00065602162472344486
4429.0  0.0071140199573310695  0.00064853018841592395
4444.0  0.0069087500824765941  0.00064907057528090556
4459.0  0.0096555905352092124  0.00065292005327553435
4474.0  0.0088417520462889410  0.00064979730227196855
4489.0  0.0096981447230972875  0.00065534493873841261
4504.0  0.0116409014176753842  0.00065627195623018894
4519.0  0.0128948028691103639  0.00065984981397903218
4534.0  0.0150635465056538145  0.00066343510328803652
4549.0  0.0189298346304865688  0.00068100736177254548
4564.0  0.0190563179826215463  0.00067894890332517526
4579.0  0.0217445074042888001  0.00069316495208753437
4594.0  0.0213395730308315670  0.00068523235912387368
4610.0  0.0231859766464999027  0.00068556413836844902
4625.0  0.0247314299400274648  0.00070229199002053405
4640.0  0.0261990289615728102  0.00070173718305728040
4656.0  0.0251054500322075679  0.00068232579237069381
4671.0  0.0191030882600453783  0.00065535451432377912
4687.0  0.0151255852070111985  0.00064393988494345755
4703.0  0.0116230056410974326  0.00061857777526073802
4718.0  0.0111099906728662230  0.00060941118411045650
4734.0  0.0121141064321446147  0.00061209383791604641
4750.0  0.0116673894306473635  0.00061115732795989587
4766.0  0.0105424557145948825  0.00060189313655844591
4781.0  0.0103046001632241153  0.00060391866091571197
4797.0  0.0135209465433263083  0.00062538134020062770
4813.0  0.0152504064361891865  0.00063807575425702998
4829.0  0.0159878928402384171  0.00064203335046788840
4846.0  0.0148500389956078872  0.00064186648309808090
4862.0  0.0134381167124749817  0.00063712008008967298
4878.0  0.0143896555675465179  0.00066251837702972771
4894.0  0.0178596090657780898  0.00069999051288354276
4910.0  0.0181176712958535310  0.00075502752768183792
4927.0  0.0217386417449218737  0.00083590923815956165
4943.0  0.0223850127495926407  0.00090438631865366419
4960.0  0.0211366887137782143  0.00095257958513308690
4976.0  0.0214038823140281706  0.00100698868683872208
4993.0  0.0172684342790240808  0.00098000652438194895
5009.0  0.0158640846939828786  0.00087747232424928792
5026.0  0.0128608320866339110  0.00083735785231075263
5043.0  0.0149074487183649424  0.00112856422655526313
5060.0  0.0158070879653580930  0.00140890763881071661
5076.0  0.0083881293692505757  0.00118580749465508240
5093.0  0.0111308039204956136  0.00101588938668554000
5110.0  0.0116028116609563619  0.00082001793722834141
5127.0  0.0110405451012158401  0.00073987017070475220
5144.0  0.0105872111544412437  0.00070841596976527904
5162.0  0.0106234860522124094  0.00068879126563207971
5179.0  0.0141100142047909712  0.00068654783759640198
5196.0  0.0146059093689480616  0.00066680626731603371
5213.0  0.0151071850104757561  0.00064018278291578233
5231.0  0.0185600474122248477  0.00061496028413376156
5248.0  0.0172195575629089243  0.00058160749078835293
5266.0  0.0173300902031053410  0.00055607051544252610
5283.0  0.0191828192660545606  0.00054254541150365544
5301.0  0.0208455720823766642  0.00052663271364422972
5318.0  0.0208866557957518087  0.00051377345004200662
5336.0  0.0195277863442919579  0.00049882570891579764
5354.0  0.0196889429075402383  0.00048549455757437393
5372.0  0.0203200616408339557  0.00047064995921966947
5390.0  0.0221293960102610793  0.00046724518575768872
5408.0  0.0248211712677027484  0.00046852355167821194
5426.0  0.0256495593126829374  0.00046918191605849468
5444.0  0.0274789037979734641  0.00046779428789167686
5462.0  0.0281220331863312710  0.00061502584027203040
5480.0  0.0322623631548974374  0.00048256564863594900
5498.0  0.0342252154560954633  0.00046704941643426780
5517.0  0.0350890972890487846  0.00046006442642411845
5535.0  0.0381205819752706981  0.00045539386152313230
5553.0  0.0372612433749955480  0.00044771088930769799
5572.0  0.0346262072145121780  0.00043688851117400744
5590.0  0.0331476209773260144  0.00041963892027657701
5609.0  0.0311246956699367736  0.00040420292886633838
5628.0  0.0281736977619079752  0.00038876363670925691
5647.0  0.0244257872050303824  0.00036615495013554537
5665.0  0.0229495577605029304  0.00035154339983498294
5684.0  0.0207451274957755963  0.00034183147437609614
5703.0  0.0204737370302348586  0.00033487839707545258
5722.0  0.0204968768502741538  0.00033240633571828899
5741.0  0.0216534586153068545  0.00033992761513786590
5760.0  0.0239843527084202569  0.00035201203935988288
5780.0  0.0259612032599300900  0.00036936884379714795
5799.0  0.0266246489278195823  0.00034542983680284128
5818.0  0.0283328115335071823  0.00034456805512874305
5838.0  0.0290729931612901046  0.00034346001375540162
5857.0  0.0290967388505074670  0.00033794785965354562
5876.0  0.0265695969426694815  0.00032454089213450126
5896.0  0.0232741587573836346  0.00030265729491682117
5916.0  0.0234909354316590081  0.00030382455177399017
5935.0  0.0214300817592163670  0.00029283045384500617
5955.0  0.0185875636719323757  0.00028043138976166916
5975.0  0.0163560556648002162  0.00026943574694377734
5995.0  0.0156106572073266229  0.00026479776839657704
6015.0  0.0150623844184054334  0.00026035703819737198
6035.0  0.0147560109151832521  0.00025747086913553089
6055.0  0.0131142452466717543  0.00024999956586327203
6075.0  0.0141306094464236295  0.00024789743868691022
6095.0  0.0148537446045251698  0.00024870695291536338
6116.0  0.0156744814493780561  0.00025417725738247678
6136.0  0.0145908873594189064  0.00024644146427971067
6157.0  0.0149320354164270662  0.00024933975225881286
6177.0  0.0161114671333223124  0.00028422943986651939
6198.0  0.0178546667720305384  0.00024614465378384337
6218.0  0.0173881396608771659  0.00023825471295934149
6239.0  0.0156336384683048828  0.00024194129038577597
6260.0  0.0141403634994557627  0.00022011892763405599
6281.0  0.0129690443536954782  0.00021384593066107817
6302.0  0.0142032096727370306  0.00021544180612255006
6323.0  0.0144071851655846912  0.00021848837801815665
6344.0  0.0161642991918549729  0.00022537024960092960
6365.0  0.0173059028821994018  0.00022820802803024385
6386.0  0.0207224171061814559  0.00023356211689567880
6407.0  0.0216470321131960290  0.00023771151397149166
6429.0  0.0242690286035416279  0.00024371718464021142
6450.0  0.0266200581704966188  0.00024450085924333136
6471.0  0.0281408123359467091  0.00024444394403902957
6493.0  0.0300046571032272051  0.00024326059491030177
6515.0  0.0304504609876757835  0.00024256047663253030
6536.0  0.0302497552265724480  0.00024240690113973084
6558.0  0.0295713259459637716  0.00024515103252695280
6580.0  0.0280954697307814888  0.00023779701821334003
6602.0  0.0264300898471720100  0.00022749057860670864
6624.0  0.0231379422574116214  0.00021754698829134272
6646.0  0.0211194299664440692  0.00021085584480470866
6668.0  0.0182981481217235377  0.00020174942048607991
6690.0  0.0163635485240041338  0.00020817085166928130
6713.0  0.0143353938189580525  0.00019247203242287800
6735.0  0.0126272910793986514  0.00020811098177411631
6757.0  0.0114721485398446722  0.00019140329918584793
6780.0  0.0110044674391947643  0.00018793582654133307
6803.0  0.0114364429636189188  0.00018473066583680450
6825.0  0.0111242192372585525  0.00017671236729822893
6848.0  0.0113504279944803953  0.00017440099601904671
6871.0  0.0109045595504326971  0.00017043129999990355
6894.0  0.0114936032880148357  0.00016969093113454917
6917.0  0.0115213810680987981  0.00017095496075883234
6940.0  0.0112583033625688854  0.00016839083636742893
6963.0  0.0107821912850779890  0.00016237779170781566
6986.0  0.0102377005757619023  0.00016222527565430450
7009.0  0.0102709671819943855  0.00016258558251232467
7033.0  0.0100375070673644692  0.00016332250117250370
7056.0  0.0101096270122347752  0.00016120777167709572
7079.0  0.0091056114058009376  0.00016270815759430267
7103.0  0.0096737095757438423  0.00019514402753407516
7127.0  0.0103926334938600744  0.00019494578478246094
7150.0  0.0114480253271071839  0.00017618724605440448
7174.0  0.0124674732093932907  0.00018909562086513363
7198.0  0.0129705380476104314  0.00018854883009499136
7222.0  0.0129015769498509944  0.00018348902974921162
7246.0  0.0126750043573199862  0.00017651534591878442
7270.0  0.0132820723102097180  0.00016735615558822128
7295.0  0.0132719898733924101  0.00016997950860076126
7319.0  0.0139524520253494141  0.00018026791189859081
7343.0  0.0142324007569675972  0.00017386796593631172
7368.0  0.0148339951590099762  0.00018465743774904330
7392.0  0.0158504398121354570  0.00017444927767756686
7417.0  0.0160342592786224744  0.00018399541202763589
7442.0  0.0160694453204361584  0.00024885682970806396
7466.0  0.0140668255969175551  0.00023836419698432959
7491.0  0.0137638221879474235  0.00020398749278904664
7516.0  0.0130501681748570707  0.00017390485088121833
7541.0  0.0133658069759237316  0.00017073942614265040
7566.0  0.0128768971806212280  0.00020145873244565039
7592.0  0.0133677515587930715  0.00019987228858500027
7617.0  0.0139027246727997916  0.00018323933214693420
7642.0  0.0160849643887833668  0.00020131404727277217
7668.0  0.0172801851951205170  0.00020352404539718009
7693.0  0.0189758762175951841  0.00022012441357258290
7719.0  0.0203493257941838208  0.00021290068434627962
7745.0  0.0206591103120450821  0.00021758561805363137
7770.0  0.0196179162625026021  0.00020662638629434787
7796.0  0.0191523731494407032  0.00020963800889408198
7822.0  0.0175291882434669838  0.00021111980055574847
7848.0  0.0163041737583098055  0.00019156101847806709
7874.0  0.0155378372277476320  0.00018719711453905598
7901.0  0.0142315460924230339  0.00017789150852863598
7927.0  0.0126122572599129817  0.00016527927000849259
7953.0  0.0107631360069656533  0.00015821062476948383
7980.0  0.0101843072447455087  0.00016028288084674703
8007.0  0.0099537643438580639  0.00015726754558088242
8033.0  0.0102703834007262466  0.00015602234878787371
8060.0  0.0100388070208700560  0.00015761365823799671
8087.0  0.0092014964657436363  0.00015345186552242579
8114.0  0.0082153077523613519  0.00019612359516084216
8141.0  0.0075791872105242051  0.00018144504636831110
8168.0  0.0066232807493995741  0.00020309992884796652
8195.0  0.0057288777323989386  0.00016859299520527625
8222.0  0.0037575876382630853  0.00018288772255190832
8250.0  0.0026954571020208671  0.00018878485016832146
8277.0  0.0030829741019523650  0.00015881876186520742
8305.0  0.0050662951682313119  0.00016782989255505063
8333.0  0.0072847861607970551  0.00017019603900634471
8360.0  0.0063645247965055047  0.00014637792020934541
8388.0  0.0058012863232510571  0.00014155691483504657
8416.0  0.0073274193804171838  0.00014785967071315092
8444.0  0.0111265799932444513  0.00018353780121703605
8472.0  0.0129957733526036220  0.00020043292172926478
8500.0  0.0142715515505489436  0.00019206552490715301
8529.0  0.0149825012309864718  0.00017230955575446303
8557.0  0.0155211883593514427  0.00017185811167368586
8586.0  0.0153543555412420079  0.00023948803276515072
