#@Telescope UH88 
#@Reference Saunders et al. (2018) 
#@Redshift 0.0  
#@Spectrum Train_SN81_9.dat 
#@SN-Name Train_SN81  
#@Phase 19.282 
#@Survey SNFactory 
#@SN-Type SNIa 
#@Units Flux 
# 
# WAVE : 
# SN_SPEC : 
# SN_ERR : 
#end 
3305.0  0.03323884042473296968  0.0115006375214921127
3317.0  0.01843110985011484071  0.0114788446356898569
3328.0  0.01332231686452588909  0.0109026199598825108
3339.0  0.04930757588624500726  0.0106803479222519846
3350.0  0.02774548238224689919  0.0098132518837200072
3361.0  0.00619456177417276443  0.0095597019992854776
3372.0  0.00909139788958959402  0.0093480590910284943
3383.0  0.01765947825229562465  0.0096847203292339812
3395.0  0.00642505323415378232  0.0094662830778519235
3406.0 -0.01806004132890912453  0.0085919181578096963
3417.0 -0.01667828634166981447  0.0085118600085262418
3429.0  0.01000836734770724386  0.0085582204594127995
3440.0 -0.00854266500642675980  0.0080188505384323830
3452.0  0.01771263833468770740  0.0085457227628293869
3463.0  0.03980751763898366519  0.0087283280471133536
3475.0  0.01924986362663929154  0.0084237030048286369
3486.0  0.01115579525539288526  0.0080652649395078681
3498.0  0.01664197195931768625  0.0078556916686603386
3509.0  0.04130327485348270211  0.0081183765112853128
3521.0  0.01083185773166759312  0.0076303999243571164
3533.0  0.00779703440120113524  0.0075359462412341264
3545.0  0.02344456664416037089  0.0074129911257907457
3556.0  0.01918586789988300373  0.0071674766553923236
3568.0  0.01999979042861083078  0.0068603786456511015
3580.0  0.02140197051740441031  0.0070325356735917183
3592.0  0.01901269553894961717  0.0069641663986382404
3604.0  0.02449623610935662554  0.0070249682719708568
3616.0  0.01710646244982740385  0.0068086771646590225
3628.0  0.03592383343850819033  0.0066991653642999409
3640.0  0.04910281601835919663  0.0068115235133270960
3652.0  0.01747053299928899919  0.0065401676276902456
3664.0  0.03771752263129379834  0.0067563871591213610
3677.0  0.04382032592358988538  0.0067688543776135215
3689.0  0.02363788651965784485  0.0066227942096254095
3701.0  0.02889342854647594314  0.0066975346151994207
3714.0  0.04015629827835867638  0.0070338190594497960
3726.0  0.03284670688530438171  0.0068994696100436138
3738.0 -0.00012824070719209281  0.0058870008432317395
3751.0  0.02311923957630008034  0.0060753075051614815
3763.0  0.02379233090295018033  0.0058612790922071565
3776.0  0.00197642437638963914  0.0055858396346777344
3788.0  0.03223061171394041302  0.0058251197817216979
3801.0  0.03369714763422852061  0.0059798272953766884
3814.0  0.02482284311055865320  0.0061469734125078040
3826.0  0.01274778907629819762  0.0057917368167227506
3839.0  0.04288446435576485916  0.0059330841938100348
3852.0  0.04385584387218564167  0.0057110191576703459
3865.0  0.03948865209503814311  0.0056898837421845523
3878.0  0.04610885713886148096  0.0056783058670571273
3891.0  0.05199251376687608062  0.0057094255615046073
3904.0  0.03073754162812611726  0.0054228798922288882
3917.0  0.06106344280885060011  0.0056114193519657060
3930.0  0.07411003906622487536  0.0056707278815670758
3943.0  0.05732880725201151134  0.0054444807872326469
3956.0  0.05719233665388179233  0.0053947331790039329
3969.0  0.05600347719023952842  0.0053123017868313147
3982.0  0.03887804348002073945  0.0051359762369925848
3995.0  0.03545059543113394246  0.0050187514209427157
4009.0  0.05283169119335800329  0.0051248728591723712
4022.0  0.04487562164350346328  0.0051907879309947384
4036.0  0.03011592335360651837  0.0049606929601618173
4049.0  0.04536277977158818114  0.0050536351538771514
4062.0  0.04742753415690440649  0.0051396118079209451
4076.0  0.02390129395059945386  0.0048112195956427715
4090.0  0.02191531154149905722  0.0047615747143049756
4103.0  0.03161135231425254988  0.0048065366999554097
4117.0  0.02247576046377133124  0.0048068380594047571
4131.0  0.03614762742440459642  0.0048852055783703344
4144.0  0.04310119300032862200  0.0049290932620285619
4158.0  0.03235837763245708737  0.0048194101303553390
4172.0  0.03014080516289382658  0.0047987593609206932
4186.0  0.04258952164431627219  0.0048874776959383550
4200.0  0.04651776823372972408  0.0048817785605805662
4214.0  0.02101293153360166144  0.0046010748819966911
4228.0  0.04397056329573229005  0.0049244173193022265
4242.0  0.04058606218095560381  0.0048136999092566754
4256.0  0.03084071591627166736  0.0047112775382931755
4270.0  0.04996186607526303947  0.0047745096663812311
4284.0  0.03867626252140996673  0.0046459620306453083
4299.0  0.04040178638076676043  0.0045106823388447988
4313.0  0.04698155931497542681  0.0045345799817156822
4327.0  0.03953473258899806164  0.0045104642105469727
4342.0  0.02615404530033900096  0.0044204238628176122
4356.0  0.04112650894009953206  0.0044976496403039846
4371.0  0.02282949329727507193  0.0043288476396265204
4385.0  0.01962694317155800477  0.0042550568152256371
4400.0  0.03363829983882943298  0.0043964208714370300
4415.0  0.02207555579083439815  0.0042294339830290309
4429.0  0.02909338898287343322  0.0043122161577669833
4444.0  0.03216398924818735655  0.0043117461327798288
4459.0  0.02992409736025040609  0.0042217735314205359
4474.0  0.03283278983538389512  0.0043255231327483769
4489.0  0.04538674598009929256  0.0044590766688497943
4504.0  0.02849150521991071841  0.0043729788323027844
4519.0  0.03781997832487184186  0.0043996899655078681
4534.0  0.05239006631006759562  0.0045685179920063176
4549.0  0.06521184500809454332  0.0047177966127956239
4564.0  0.07042112547683725132  0.0046812944189998790
4579.0  0.09824944813821759326  0.0051281125734612869
4594.0  0.08811982531504551630  0.0051194968287921749
4610.0  0.09356762731504902897  0.0052930147632872862
4625.0  0.08894264827674341900  0.0056199900246029213
4640.0  0.06440151124303201968  0.0057325227570069722
4656.0  0.04870135191737030161  0.0059294696303748388
4671.0  0.05073084245961026473  0.0067278088124588633
4687.0  0.03239771880832030548  0.0071149932099016343
4703.0  0.01774223709964612566  0.0071128118268700994
4718.0  0.03723174086927391602  0.0072963101450456772
4734.0  0.04157646810770012497  0.0070671088081255169
4750.0  0.03491743626593250827  0.0067775984594616685
4766.0  0.03053824280093109939  0.0064154601708940173
4781.0  0.02507250800442157104  0.0062216327023520189
4797.0  0.05604318911314984386  0.0068204040296875384
4813.0  0.06474949286142121785  0.0082699839436936283
4829.0  0.05502318379275906307  0.0075915325802463152
4846.0  0.04739455126208984292  0.0066234637399238856
4862.0  0.04008115809969461929  0.0063135096520288295
4878.0  0.07031027080406271335  0.0065671289788405106
4894.0  0.05646482727691724823  0.0062276673013252383
4910.0  0.06172721259818164663  0.0059098904699904902
4927.0  0.07686622466880989324  0.0057609579043185061
4943.0  0.07423564137399028817  0.0053767424990884150
4960.0  0.04772669064933941774  0.0047797430433384148
4976.0  0.04607102411416320181  0.0044635266063708934
4993.0  0.03924891927776360395  0.0042429830610730690
5009.0  0.03668627670176698163  0.0040592705747500039
5026.0  0.04358617366491553125  0.0038968950802576838
5043.0  0.04752453460925847722  0.0037714646320299878
5060.0  0.04182252490514574983  0.0035697029430029905
5076.0  0.04192156767218606361  0.0034350940350013621
5093.0  0.03660624912119361113  0.0033283770712519136
5110.0  0.02466692120388341500  0.0031039074738337664
5127.0  0.03080682668538153868  0.0031221718137457266
5144.0  0.03200701376894753147  0.0030870067470466301
5162.0  0.03428487647675799305  0.0030163783152672642
5179.0  0.04484500752535260787  0.0030219567201565946
5196.0  0.05415306218298786278  0.0031134037127964614
5213.0  0.06961851487319578591  0.0048417994650796249
5231.0  0.06428430382686978195  0.0029851427795706533
5248.0  0.08152747230245357968  0.0030496129479193083
5266.0  0.07969033749586701409  0.0029739208178230538
5283.0  0.08017646657734546489  0.0028778277901586095
5301.0  0.08186037087408178092  0.0028269250798687827
5318.0  0.08083086782310974772  0.0027976976164197317
5336.0  0.07790408752383261304  0.0027787129961737429
5354.0  0.07752669036312756501  0.0027241395479606807
5372.0  0.07349956877392802013  0.0026319587051245835
5390.0  0.07976924030015555833  0.0026157314477355180
5408.0  0.08879052678559044842  0.0026221249274969625
5426.0  0.09287288116218211931  0.0026044603410852571
5444.0  0.09731119657893762265  0.0026048953273349737
5462.0  0.08994980263593421732  0.0025503517686484285
5480.0  0.09172201363084242498  0.0025805961583568551
5498.0  0.08788577241243653027  0.0027157281009247574
5517.0  0.08136701349294181429  0.0025142615488354830
5535.0  0.07629882466057258394  0.0023751297133841240
5553.0  0.08071128128209648089  0.0023318585281566283
5572.0  0.07437872981474226430  0.0022695467307053815
5590.0  0.07121799193529973482  0.0021929233227396165
5609.0  0.06383169039647221266  0.0020906024138358892
5628.0  0.05956842768465681059  0.0020384998961869988
5647.0  0.05575735750342815378  0.0019777550183262141
5665.0  0.04474169350346892532  0.0018714755241779700
5684.0  0.04121884346696007284  0.0018172269634123474
5703.0  0.04022883391203362080  0.0017721206745966156
5722.0  0.04047967144674025769  0.0017679186890129784
5741.0  0.03759332620731489077  0.0017512378493129298
5760.0  0.04181268661237533268  0.0017354390951180231
5780.0  0.04688561430259289425  0.0017474595852254213
5799.0  0.05721225433918088188  0.0018212278007272490
5818.0  0.06156660225495340366  0.0018339064236290524
5838.0  0.06307815561084914591  0.0018600163518411180
5857.0  0.07308597253369418512  0.0019050587841792509
5876.0  0.07588444986592671193  0.0022669440776129078
5896.0  0.06788201999802787046  0.0022788666103344310
5916.0  0.06470403866863486120  0.0017499608366791694
5935.0  0.05419027846708465018  0.0018374392043832145
5955.0  0.04855666234237172169  0.0018131468961105591
5975.0  0.04927365084561292907  0.0015976544703706430
5995.0  0.04121941233828401580  0.0015240531110500889
6015.0  0.04363447954236644721  0.0015081217988141484
6035.0  0.04037822887974960168  0.0015399004617244745
6055.0  0.03676518045243389737  0.0014721792649746786
6075.0  0.03342380868756383849  0.0014630236461893908
6095.0  0.03001195491616636540  0.0013880662573479037
6116.0  0.02381958070018073623  0.0013494160171882465
6136.0  0.02262215211854624181  0.0013299016802046039
6157.0  0.02139266147445529134  0.0012677229613990886
6177.0  0.02399942468504349252  0.0012570249384113732
6198.0  0.02759040240255397278  0.0012616422476232881
6218.0  0.03454474091619483961  0.0012932941143749309
6239.0  0.04067588634439212036  0.0013189665402645601
6260.0  0.04047273117673721304  0.0013023150880717735
6281.0  0.04573074750522500981  0.0013373688633014616
6302.0  0.04801942451764589642  0.0013401884234795661
6323.0  0.05603762490728732282  0.0013691454831659942
6344.0  0.05408218437107790988  0.0013584124618075649
6365.0  0.05965315742369779045  0.0013658250568506485
6386.0  0.06103737538367791371  0.0015209218826975875
6407.0  0.06446419999526753486  0.0015119743469518927
6429.0  0.06482229533666891697  0.0015583089905750660
6450.0  0.06941761637193182011  0.0015247161101043423
6471.0  0.06539187440938955265  0.0014613160797172058
6493.0  0.06442026144774953833  0.0014379284052236476
6515.0  0.06763999306000734180  0.0014162626004856620
6536.0  0.06040938169152202525  0.0013377656807048884
6558.0  0.06130386745333969711  0.0013758550075002030
6580.0  0.05546903517462765248  0.0013129636958428895
6602.0  0.04929857969186754452  0.0012662485875718802
6624.0  0.04499220472148260375  0.0012207024467767115
6646.0  0.04456677060698381598  0.0011993640442972649
6668.0  0.04121039460488767903  0.0011942085034097785
6690.0  0.03553315981596098794  0.0011438974230973317
6713.0  0.03134586728753509244  0.0011238003945533742
6735.0  0.03076342380874315038  0.0010897131049749595
6757.0  0.02786215281387223464  0.0012952751450916963
6780.0  0.03012238431611456019  0.0012697360504264866
6803.0  0.02676902988192533459  0.0013608043082519929
6825.0  0.02551479516190918034  0.0012180045853674906
6848.0  0.02536354182814420585  0.0012894981932124621
6871.0  0.02661174627100042211  0.0012415137446345503
6894.0  0.02711279391802884353  0.0012158252480554206
6917.0  0.02836837538111908197  0.0011910560897424214
6940.0  0.02740221485841050700  0.0011001913633030876
6963.0  0.02719881863214377443  0.0010674782280614048
6986.0  0.02518616090410303460  0.0011691298487705498
7009.0  0.02509805051245990806  0.0010352482566413791
7033.0  0.02484546959327339419  0.0011877834546327934
7056.0  0.02527225635602723536  0.0010438907557353387
7079.0  0.02555165397264396593  0.0011499960763662487
7103.0  0.02291099297377362232  0.0017854205716022224
7127.0  0.02676162714917807925  0.0015215618568930828
7150.0  0.02444342464610921653  0.0012427313016754320
7174.0  0.02655842545586319450  0.0010723527073596354
7198.0  0.02561622184540907413  0.0012702798691133126
7222.0  0.02723936133101047610  0.0012324613515220370
7246.0  0.02352777506854180842  0.0013820420213219791
7270.0  0.02377955176675039181  0.0012269910235965728
7295.0  0.03011276571392929036  0.0013164296859725303
7319.0  0.02621597702653473763  0.0012860212676190548
7343.0  0.02810481536576132575  0.0015141275637846191
7368.0  0.02876034197962333908  0.0013059749659606640
7392.0  0.02740022020511679798  0.0014740114935283264
7417.0  0.02822291045971332332  0.0012404070197118821
7442.0  0.02559497518260777163  0.0013314394703036773
7466.0  0.02423945670869192756  0.0013636142190507630
7491.0  0.02475778832319633360  0.0012946330404276802
7516.0  0.02433575663383009263  0.0011019855673123947
7541.0  0.02697006721117951172  0.0011352397171223211
7566.0  0.02149111275724938791  0.0010830327909744015
7592.0  0.02317667669778068415  0.0010363237358341783
7617.0  0.02735688083763322329  0.0010818682597321036
7642.0  0.02405765456414628994  0.0010461906327939154
7668.0  0.02477786261929300696  0.0010397012185601197
7693.0  0.02066466317469116062  0.0010103474826848825
7719.0  0.02200714915010980322  0.0010185698310877529
7745.0  0.02698713263396839909  0.0016243585646733216
7770.0  0.01964424138819658924  0.0011241694067106007
7796.0  0.02598959577135779783  0.0016868154529459602
7822.0  0.01794095024821206266  0.0012192116156119583
7848.0  0.01646653297819592604  0.0014422386889199005
7874.0  0.02248746660684929066  0.0015434465393454656
7901.0  0.02078093347292868723  0.0014089248933011609
7927.0  0.01875012230735562460  0.0011262360865245910
7953.0  0.01159894551579795756  0.0011506429976846336
7980.0  0.01351701435289241054  0.0010772290847283299
8007.0  0.01211507927989139387  0.0009473565487184527
8033.0  0.01266812590039254754  0.0010148377794519409
8060.0  0.01486709474428266238  0.0013663631100043188
8087.0  0.01099138970997704141  0.0013752002876489054
8114.0  0.00866590150973817024  0.0011206383699897810
8141.0  0.00525017682474580080  0.0009001085887058659
8168.0  0.00517875283672665412  0.0009229435629465261
8195.0  0.00209350816963189273  0.0017917189515922059
8222.0  0.00350003184706547052  0.0010477074332205566
8250.0  0.00235722446990692218  0.0018339021902917510
8277.0  0.00342366540360889348  0.0012190506807814624
8305.0  0.00341330105304865541  0.0015164032075003283
8333.0  0.01000446979679832891  0.0016504341920958608
8360.0  0.00418303485161767522  0.0014847549826053725
8388.0  0.00871045950772866145  0.0011652993045733675
8416.0  0.01357579122777091175  0.0013088797094203894
8444.0  0.01260576165407600695  0.0011850928925722236
8472.0  0.01496013693266810135  0.0010693117277481459
8500.0  0.01934161511983216800  0.0011748345900353752
8529.0  0.02366105612636481767  0.0011194315823248023
8557.0  0.02156124170946007584  0.0012080412060448613
8586.0  0.02212744431076392460  0.0011318675184917733
