#@Telescope UH88 
#@Reference Saunders et al. (2018) 
#@Redshift 0.0  
#@Spectrum Train_SN10_12.dat 
#@SN-Name Train_SN10  
#@Phase 6.645 
#@Survey SNFactory 
#@SN-Type SNIa 
#@Units Flux 
# 
# WAVE : 
# SN_SPEC : 
# SN_ERR : 
#end 
3305.0 0.065877158654848292    0.00293862774893856185
3317.0 0.067829006404869482    0.00285945594546494191
3328.0 0.064393958364786438    0.00274826585582290533
3339.0 0.068375763083232885    0.00268576726459781451
3350.0 0.074486589532843900    0.00266026294933172742
3361.0 0.070508291746991691    0.00255388547172359821
3372.0 0.077797212072037769    0.00251788180756539783
3383.0 0.073579990769314527    0.00249457430808369121
3395.0 0.079357135218166203    0.00249762865371969860
3406.0 0.088894631355754303    0.00248173442952921274
3417.0 0.090655156726070538    0.00248576236789363209
3429.0 0.088214433558334138    0.00244744391221779576
3440.0 0.088731350266018277    0.00236982635625279051
3452.0 0.092978666749492858    0.00236656141622277293
3463.0 0.101414254160182571    0.00237997640766113077
3475.0 0.101060565467672878    0.00234011682519000503
3486.0 0.101590429400548216    0.00232845406224972120
3498.0 0.103332646563385339    0.00231950183098351102
3509.0 0.115730515251028829    0.00240147076834117427
3521.0 0.126367183080001139    0.00244057644498912657
3533.0 0.134248332521127278    0.00241083781461295379
3545.0 0.129392633666223944    0.00232521125291885013
3556.0 0.132279006988749726    0.00231825818632912153
3568.0 0.131341668901754749    0.00227395785600261217
3580.0 0.129658182326610305    0.00223153738208664663
3592.0 0.132957303665579923    0.00220093318861768958
3604.0 0.130186320897100083    0.00211608768066429533
3616.0 0.129918503976446442    0.00208960349348575420
3628.0 0.134938904707688712    0.00209621663379672184
3640.0 0.149557731630207330    0.00215763482570273564
3652.0 0.173394049890637697    0.00226990490235358172
3664.0 0.202172393204408024    0.00238972247962256513
3677.0 0.216655612319726243    0.00243245466527913833
3689.0 0.201093611383730220    0.00236359180543519376
3701.0 0.165144663744698911    0.00216673915850736738
3714.0 0.141936945449945034    0.00200855653301040002
3726.0 0.129299251928978620    0.00190758506536049138
3738.0 0.127224645450026708    0.00187015362889866627
3751.0 0.129047431078611496    0.00188770446389762933
3763.0 0.119858022768804459    0.00182151286939444029
3776.0 0.112792493200970831    0.00173296927863908577
3788.0 0.105948737740539076    0.00171960012500520752
3801.0 0.109771873508588511    0.00176407938937656679
3814.0 0.116200106450310800    0.00178036963470871350
3826.0 0.127429722933629835    0.00181695383602409831
3839.0 0.141799772516911615    0.00184092991649142620
3852.0 0.167624279787871616    0.00189565138615200852
3865.0 0.195009727324176235    0.00200202544348685894
3878.0 0.228667231545843258    0.00211929086019529067
3891.0 0.253421442947994791    0.00221480826788830265
3904.0 0.267429064045544396    0.00225823006766825030
3917.0 0.265074180994049613    0.00230315148891042411
3930.0 0.270348199108483067    0.00237581717750804441
3943.0 0.288369989611398314    0.00230262887194983886
3956.0 0.281418331565315039    0.00218641562308330602
3969.0 0.243136527769182847    0.00200416041626540501
3982.0 0.211973484979290305    0.00191470081127663666
3995.0 0.196537073899994752    0.00186005562864305948
4009.0 0.189873348991061591    0.00184593034378693682
4022.0 0.192891228663197689    0.00192570012986605327
4036.0 0.206595814138390316    0.00195801514518665785
4049.0 0.232081002832815575    0.00195542129476087038
4062.0 0.243242811298884448    0.00196095316191813654
4076.0 0.226419450829762836    0.00189470010529887772
4090.0 0.218452140245917886    0.00183834454286702109
4103.0 0.207300997699297329    0.00176769982286909401
4117.0 0.200745058441697544    0.00173867701352005996
4131.0 0.201278780559202924    0.00174156412946541899
4144.0 0.205958143520129033    0.00176189687714886092
4158.0 0.212358778247441204    0.00179048796428671981
4172.0 0.227891743976272904    0.00183651247393545446
4186.0 0.219188767955577263    0.00179622708310776228
4200.0 0.209985515936728345    0.00174672689149606175
4214.0 0.205736665045993167    0.00171899632994972421
4228.0 0.199218446483024419    0.00170008437972469367
4242.0 0.190954121324994675    0.00167665611961407418
4256.0 0.186114331327116578    0.00165579577787258042
4270.0 0.179538155938060273    0.00161907817686493278
4284.0 0.173803275449912753    0.00157520574676738999
4299.0 0.157173021011069419    0.00149890576302432387
4313.0 0.148272922521457240    0.00145895961119423228
4327.0 0.145592172682708715    0.00145408134118277851
4342.0 0.142757563407182014    0.00145686088229592093
4356.0 0.141550146064128995    0.00144136384861415657
4371.0 0.138928497534958673    0.00140794196558964601
4385.0 0.140213956374392129    0.00141183559602449621
4400.0 0.141092484939396828    0.00141824574922312543
4415.0 0.138191428554005347    0.00139154382223694614
4429.0 0.154456282315997340    0.00144419969459241176
4444.0 0.163145653282868869    0.00147253780816745212
4459.0 0.178748641464488017    0.00150474387436771734
4474.0 0.185289108982308243    0.00152761771433907638
4489.0 0.194191922663380645    0.00154222857345556611
4504.0 0.204300385953324087    0.00156993911582101425
4519.0 0.211340303470990948    0.00158248361703473058
4534.0 0.222477872357169898    0.00160213160324762689
4549.0 0.226751278077583246    0.00161180039091017818
4564.0 0.222597008912288064    0.00158879158072291419
4579.0 0.217632023255446116    0.00158131909570536212
4594.0 0.225569281018051015    0.00159228135512856574
4610.0 0.227496821087860207    0.00158934288369100697
4625.0 0.222395830413889606    0.00158869857256412387
4640.0 0.204171382820890895    0.00152795745236250329
4656.0 0.184535266705634554    0.00145159768406041704
4671.0 0.169533918700173980    0.00141091517944063726
4687.0 0.164292494095719416    0.00140883761096514243
4703.0 0.167918219562501303    0.00140913775231188833
4718.0 0.170339523634423895    0.00140423363736730364
4734.0 0.148984519880792338    0.00133121499939184906
4750.0 0.134155102776346180    0.00129064059231514703
4766.0 0.125912410948611053    0.00126759300451612751
4781.0 0.132741455860604013    0.00130307604524051751
4797.0 0.144203671252124549    0.00135186304320301172
4813.0 0.149333166018210839    0.00137645224839210638
4829.0 0.126887380010230338    0.00131899485022843408
4846.0 0.110750641223961444    0.00128271161083962841
4862.0 0.097771877543239419    0.00126549488329500445
4878.0 0.102264900019959359    0.00133728212399927934
4894.0 0.111302525947315684    0.00145603243048848439
4910.0 0.126809771692804413    0.00163281792760974981
4927.0 0.132683744702735029    0.00179175536274261645
4943.0 0.133010916202881108    0.00189174421656262276
4960.0 0.127774171157348126    0.00190602711779824102
4976.0 0.116862561591118186    0.00184299686304388523
4993.0 0.107321331821355795    0.00165030404591592363
5009.0 0.113085351927704317    0.00159109433070195013
5026.0 0.117325226506559147    0.00158101032783279313
5043.0 0.117322673927761370    0.00250800452969527536
5060.0 0.125313158634712984    0.00258162430081936749
5076.0 0.129273552863761021    0.00216985080542501409
5093.0 0.138994955503124351    0.00192681615003260811
5110.0 0.140081319750037792    0.00182154346711717883
5127.0 0.138699722420866450    0.00179782668240042261
5144.0 0.141780712652928742    0.00178584565317236482
5162.0 0.143216836761941968    0.00173612380605403776
5179.0 0.150663320467563949    0.00167210153559484392
5196.0 0.153602427388634832    0.00161383584715034910
5213.0 0.162079126195441015    0.00155504950764159193
5231.0 0.161877947153206442    0.00147645808334246264
5248.0 0.147932413261166462    0.00139254491367649981
5266.0 0.132046172306260423    0.00129348855001651473
5283.0 0.117891111543858132    0.00119124242938296464
5301.0 0.115026916461968137    0.00114321547283349452
5318.0 0.117779405154982905    0.00113192387811301520
5336.0 0.115541229984004346    0.00110519700236890524
5354.0 0.118053237056248303    0.00108802483471015965
5372.0 0.120225117862241132    0.00106980491595251473
5390.0 0.121048986748542101    0.00104842952205999812
5408.0 0.119230057394404357    0.00102042203815148175
5426.0 0.113020256079654366    0.00098647420587951980
5444.0 0.101045715482076789    0.00093900698306232039
5462.0 0.092269092368322869    0.00093175230028115573
5480.0 0.090012499454598285    0.00087460177748714121
5498.0 0.099297933467677055    0.00087816028977817640
5517.0 0.111566659797876153    0.00089246885875976143
5535.0 0.118455561013228253    0.00089064813748696340
5553.0 0.122453259023405620    0.00089168901766728298
5572.0 0.124423606598181566    0.00088768057257930272
5590.0 0.122774184058545219    0.00086166835380881027
5609.0 0.121552012166037463    0.00083898945416545985
5628.0 0.117915569670871190    0.00082351986038347398
5647.0 0.115619912613917838    0.00080313508709553018
5665.0 0.111512185637317990    0.00078101414793405575
5684.0 0.109230720297164019    0.00076576887459580171
5703.0 0.103848369195740781    0.00074334148649341425
5722.0 0.098964410354898502    0.00072381729235959636
5741.0 0.092140429743242241    0.00070100723601278030
5760.0 0.086192735846897489    0.00068747986652011755
5780.0 0.091842710119193011    0.00068776831969480313
5799.0 0.098290752059443515    0.00069586931655964926
5818.0 0.106012559119778360    0.00070116621783646450
5838.0 0.112203583835709261    0.00071087536548068752
5857.0 0.117631409767374087    0.00071748572056083237
5876.0 0.118261815737752810    0.00070594643661079455
5896.0 0.115352095505620658    0.00068427054974250223
5916.0 0.110171625594265701    0.00066648750692284561
5935.0 0.107194037694779837    0.00065576192190052449
5955.0 0.106271494970929803    0.00064981915147047738
5975.0 0.105527834384690516    0.00064367857782778677
5995.0 0.100263114431701841    0.00062571916961377512
6015.0 0.096137899786712930    0.00061064641641405998
6035.0 0.093511530381019822    0.00059954656493048245
6055.0 0.088416450376395922    0.00058086702816369717
6075.0 0.069079785701733842    0.00052413792214958362
6095.0 0.048382774902614251    0.00045736841938148694
6116.0 0.037350990851092281    0.00041334814565410023
6136.0 0.034674738629225592    0.00039873758056713617
6157.0 0.038041326568698255    0.00042207708187437342
6177.0 0.044686002040349719    0.00043182557908649603
6198.0 0.055297848741578712    0.00044832470841122025
6218.0 0.065518553372154828    0.00047499653409755372
6239.0 0.075117895666050871    0.00049458385895402145
6260.0 0.081078093170752388    0.00049993753034897903
6281.0 0.084997559653083254    0.00050971420808433652
6302.0 0.088082366344208241    0.00051274875082883719
6323.0 0.088177751213435115    0.00051165108166724860
6344.0 0.088137895247467180    0.00050696227402779440
6365.0 0.086279545798589444    0.00049838901111789254
6386.0 0.086649203307274755    0.00049590249848115598
6407.0 0.086560089105147522    0.00049098376910137228
6429.0 0.085968106459812496    0.00048539775050683814
6450.0 0.084098090293060992    0.00047770326289093374
6471.0 0.083419790979848710    0.00046925190497023033
6493.0 0.080679467071125749    0.00045656607275448992
6515.0 0.078692006387735616    0.00044931658389024253
6536.0 0.077002710165213012    0.00044532438406105909
6558.0 0.073382969362649278    0.00043718500999668982
6580.0 0.070326204353301960    0.00042790737666297267
6602.0 0.067151824266276514    0.00041735624353994344
6624.0 0.064515846456286538    0.00040813549000452812
6646.0 0.061051327086753260    0.00039770037452957355
6668.0 0.057059636761618439    0.00038616975900332575
6690.0 0.055176866553613486    0.00038457434824125744
6713.0 0.052928633298330856    0.00038216047396812661
6735.0 0.050702813006610219    0.00038613728194726934
6757.0 0.047387676856444225    0.00036553576963514457
6780.0 0.046354242189565041    0.00035501877376091940
6803.0 0.044877128886910540    0.00034464938801493609
6825.0 0.045345648589527283    0.00033995327445754154
6848.0 0.043676941519653054    0.00033306834006211627
6871.0 0.042388244653708045    0.00032730937048492488
6894.0 0.041251438813441683    0.00032365124455895934
6917.0 0.039143682510361683    0.00031641264925053649
6940.0 0.039438803811267416    0.00031500813886835489
6963.0 0.037998644511205340    0.00031019423266329674
6986.0 0.038005085655612940    0.00030866444243713527
7009.0 0.036493571570624612    0.00030689524181719871
7033.0 0.036373304912419822    0.00031152849237052509
7056.0 0.034848816892654635    0.00030066565999758245
7079.0 0.036287230030421176    0.00032004369546584837
7103.0 0.034885396913368595    0.00031174318007149842
7127.0 0.034937915759800556    0.00032754835209537362
7150.0 0.035073661828314784    0.00031565717484905554
7174.0 0.033939309554720833    0.00031020358988789509
7198.0 0.033433652762114220    0.00030153455197687242
7222.0 0.033338098758708634    0.00029863618423734729
7246.0 0.032504877425770101    0.00029523144217580169
7270.0 0.032123180541878252    0.00029034615102282801
7295.0 0.030793537728387266    0.00028703949864763214
7319.0 0.029505635450736992    0.00029124195174218655
7343.0 0.026714860308899066    0.00027310386377685686
7368.0 0.024972433618392128    0.00027866864740362136
7392.0 0.023764632888152747    0.00026287017740533761
7417.0 0.022714454883351182    0.00026969475958686049
7442.0 0.021210017773134894    0.00039119797046074413
7466.0 0.016695372293576097    0.00031183223980260822
7491.0 0.016235050830592113    0.00026897232876711805
7516.0 0.017242702131681786    0.00024298168066716572
7541.0 0.018877283916470387    0.00026217225938264901
7566.0 0.020316330923326673    0.00025850523356978961
7592.0 0.022241588068990056    0.00028058777858948992
7617.0 0.022511654707398757    0.00027301253666602981
7642.0 0.023382067683662258    0.00028039614870626744
7668.0 0.022944466707633480    0.00027463349586257787
7693.0 0.024308317946869912    0.00029509537359866843
7719.0 0.024208255102939627    0.00027933424852131486
7745.0 0.025889372130293159    0.00030324311360168012
7770.0 0.026892901243146489    0.00028602815906644374
7796.0 0.027493453828444658    0.00029983074325866388
7822.0 0.028941678135868804    0.00030553946851043375
7848.0 0.028717178186351690    0.00030056961035707265
7874.0 0.028423530792990967    0.00028591457987331816
7901.0 0.026844813541040433    0.00028067639605842444
7927.0 0.026377791592796736    0.00027853472648750122
7953.0 0.025025314021346140    0.00027410327335959715
7980.0 0.024276519877760517    0.00027992643833374425
8007.0 0.023892985468330741    0.00027805069356675981
8033.0 0.021999963250850851    0.00026729650568903566
8060.0 0.021484219191152669    0.00026914202863678174
8087.0 0.019421315710340694    0.00025942429259411773
8114.0 0.018075314041647250    0.00029420918613555329
8141.0 0.015824092695572896    0.00025047316334934130
8168.0 0.013525371170074543    0.00028447914296281571
8195.0 0.011512508316555394    0.00023919689320269798
8222.0 0.010869959372712321    0.00025625695645799457
8250.0 0.010547339282270651    0.00025716436931904002
8277.0 0.013233991990238423    0.00026262104083906335
8305.0 0.013527464339864001    0.00024328308835568939
8333.0 0.013412039516088860    0.00024297440062988167
8360.0 0.013819148202319368    0.00024030778247935433
8388.0 0.015791888534063329    0.00024030729441759140
8416.0 0.019405466547085068    0.00025711827465544148
8444.0 0.023056577770860308    0.00027982926436113140
8472.0 0.024989478287747554    0.00028945916188986772
8500.0 0.028116330545941873    0.00029069570474211346
8529.0 0.029129989605927668    0.00029359377581440180
8557.0 0.031071195224102136    0.00030254276746939890
8586.0 0.031270860025394497    0.00034989278273839204
