#@Telescope UH88 
#@Reference Saunders et al. (2018) 
#@Redshift 0.0  
#@Spectrum Train_SN67_15.dat 
#@SN-Name Train_SN67  
#@Phase 56.338 
#@Survey SNFactory 
#@SN-Type SNIa 
#@Units Flux 
# 
# WAVE : 
# SN_SPEC : 
# SN_ERR : 
#end 
3305.0 0.0047216219987125402    0.00383864610834085389
3317.0 0.0059926958527709616    0.00377351933206027243
3328.0 0.0016526983901832494    0.00365792277388977743
3339.0 0.0034385206593600323    0.00361402838353696958
3350.0 0.0094582263353093932    0.00350352411702068486
3361.0 0.0092008609538959049    0.00345865258684231736
3372.0 0.0026260992341339672    0.00332228460018082605
3383.0 0.0083886866510275715    0.00325357451921701960
3395.0 0.0066515171446794672    0.00307437895471571925
3406.0 0.0078070636945015695    0.00297639031571263982
3417.0 0.0069382764397326957    0.00302400342200468981
3429.0 0.0048479039904458354    0.00313476766474481789
3440.0 0.0005182080959626588    0.00294924509303735264
3452.0 0.0091375776807220439    0.00287913416041543462
3463.0 0.0072109267449759276    0.00269945624881772319
3475.0 0.0035598696188091530    0.00262328690292006495
3486.0 0.0115885083151643174    0.00265987184210732946
3498.0 0.0035452242856257900    0.00258526468587824514
3509.0 0.0013972959892381727    0.00258498680817798596
3521.0 0.0062680151268161973    0.00260153618678666014
3533.0 0.0069698176014884516    0.00247887648383833667
3545.0 0.0081756960089368579    0.00239277318947255088
3556.0 0.0099752378034695197    0.00233125529478816042
3568.0 0.0129851893578325234    0.00230590474527767389
3580.0 0.0107963771112943238    0.00231722410820695349
3592.0 0.0076652952768769119    0.00222884951334210556
3604.0 0.0121631322334190412    0.00225300116916132614
3616.0 0.0173200983252600124    0.00229547657281251732
3628.0 0.0139942006301518960    0.00217592184003778709
3640.0 0.0093284648119040352    0.00208347959462521284
3652.0 0.0145964584093306298    0.00210529054629463898
3664.0 0.0143540934551239802    0.00202772230552366759
3677.0 0.0175848025395760263    0.00203387086334506960
3689.0 0.0204388822525530083    0.00208311126340422802
3701.0 0.0219186100855341300    0.00209119330832128157
3714.0 0.0224439513037836755    0.00207229688984106840
3726.0 0.0198170573633971794    0.00201610518601826483
3738.0 0.0161455515409269293    0.00198543056560662647
3751.0 0.0187196342126774266    0.00195372888640972650
3763.0 0.0147172211608280600    0.00184578561102248517
3776.0 0.0108061541778288542    0.00179330106610831605
3788.0 0.0087896082223972109    0.00179576160740333541
3801.0 0.0068916377532522383    0.00173066786638870337
3814.0 0.0057211507887390527    0.00171557025126020907
3826.0 0.0044963346076548755    0.00170033675871844895
3839.0 0.0068495477121312482    0.00181240464322035728
3852.0 0.0094525913126490124    0.00181714319125690356
3865.0 0.0108384282133621862    0.00167778896305515921
3878.0 0.0138819870811277193    0.00167149490239737811
3891.0 0.0204706386197688883    0.00171572964962334582
3904.0 0.0235069718001160548    0.00172695752596322685
3917.0 0.0225627693633827751    0.00169378903007809476
3930.0 0.0260930277160983486    0.00179088808737893550
3943.0 0.0286694573334753955    0.00184719924929368346
3956.0 0.0280892545182907447    0.00181422258506658664
3969.0 0.0300303734810656135    0.00171042444626682481
3982.0 0.0265396578248789719    0.00167894331013737825
3995.0 0.0255570563346732213    0.00165335232114924573
4009.0 0.0255481627687373300    0.00160745453361271903
4022.0 0.0228889225003454967    0.00158135003840825425
4036.0 0.0176788387349780043    0.00150046277604526184
4049.0 0.0168528317097956168    0.00147654682820330110
4062.0 0.0182256885404091865    0.00147333395000057133
4076.0 0.0140442318086596209    0.00143936100189122752
4090.0 0.0148368872897720848    0.00141215561752946073
4103.0 0.0202207013518262806    0.00140136061752071635
4117.0 0.0139790876665016866    0.00138400725481388574
4131.0 0.0157669997381436472    0.00138057434678500682
4144.0 0.0171534947101317746    0.00140776757650704640
4158.0 0.0148582681446035678    0.00138231885209161905
4172.0 0.0154968644601632555    0.00136752009288596921
4186.0 0.0180950145622715969    0.00139857672066318029
4200.0 0.0154444119281240879    0.00136639517714020903
4214.0 0.0345025118264263853    0.00141289340729616156
4228.0 0.0194500660729928880    0.00138081647918250031
4242.0 0.0191538305699745226    0.00139481431194794824
4256.0 0.0229285206206026430    0.00141810780628942004
4270.0 0.0196462048716409751    0.00136700171032654266
4284.0 0.0186434236890860930    0.00134416685668525826
4299.0 0.0185969435247077611    0.00132443897919561808
4313.0 0.0192490431393736935    0.00132351259176209440
4327.0 0.0222055320163506362    0.00135165538064924541
4342.0 0.0189518962504081727    0.00132527776513681581
4356.0 0.0218272548353501163    0.00133880986960830100
4371.0 0.0189351087130128388    0.00128488457804894879
4385.0 0.0161156411820082869    0.00127181120679559245
4400.0 0.0164562230574694379    0.00126767563600863682
4415.0 0.0134263234570764292    0.00120213014449979108
4429.0 0.0105343030314931935    0.00119062326560925879
4444.0 0.0125945298864659667    0.00120081942135397634
4459.0 0.0112480834507739710    0.00117274711069858661
4474.0 0.0136378891914361797    0.00121149247506055079
4489.0 0.0146700624607134563    0.00121186685318707462
4504.0 0.0148582348714352830    0.00120706323311941610
4519.0 0.0182461047360758730    0.00123339228925892783
4534.0 0.0229858167543399751    0.00126165051787513862
4549.0 0.0253336690010054245    0.00129362197725203191
4564.0 0.0293958960199352942    0.00131858261479220066
4579.0 0.0320704327290149346    0.00135115067498768658
4594.0 0.0339345937444942708    0.00135827844242410916
4610.0 0.0391002585476404388    0.00138906947374823719
4625.0 0.0399499725931347777    0.00140725823392994984
4640.0 0.0397267211866888653    0.00140266410020205984
4656.0 0.0401211222796416314    0.00138733048579683092
4671.0 0.0333017219754275298    0.00133806870775933636
4687.0 0.0304078084030349992    0.00133237352910022845
4703.0 0.0267953660501012367    0.00130170165442732499
4718.0 0.0264936910350085479    0.00129146053983236514
4734.0 0.0225573183680003314    0.00128393390839916764
4750.0 0.0204561921793347846    0.00128518137683164969
4766.0 0.0176655325316212482    0.00130428413788231381
4781.0 0.0190320110741550690    0.00139489440557765050
4797.0 0.0158954586402039709    0.00146170767272482856
4813.0 0.0182315458606927237    0.00161190677469205484
4829.0 0.0173408680189903186    0.00177095925220708823
4846.0 0.0134876887702471172    0.00182520298979954739
4862.0 0.0123204144894662748    0.00189321024131031872
4878.0 0.0152092148144508197    0.00192761979107858262
4894.0 0.0173275879492036898    0.00188787862350135662
4910.0 0.0213502010478579494    0.00188137853416498694
4927.0 0.0260795996637865832    0.00189652026946557015
4943.0 0.0287322456343189064    0.00178147064200528515
4960.0 0.0290806670670959062    0.00178364422993100786
4976.0 0.0271892606572620536    0.00188011472604424491
4993.0 0.0234404442713049208    0.00189459816952827461
5009.0 0.0185764700105459993    0.00160956025034500699
5026.0 0.0184470533075864022    0.00153613062416722737
5043.0 0.0137965331379148130    0.00147493036799235030
5060.0 0.0153387654764334438    0.00144771844180298761
5076.0 0.0130686811471548443    0.00135748010584903255
5093.0 0.0165876803533367735    0.00130733236122629413
5110.0 0.0157893547093329416    0.00120364922679971160
5127.0 0.0159036956257237218    0.00112532550224149247
5144.0 0.0143634704650504545    0.00105876299449154184
5162.0 0.0152527631151980134    0.00102799665881539957
5179.0 0.0169687868829661997    0.00100292529752504019
5196.0 0.0162269518081244388    0.00094901696269783346
5213.0 0.0200699380477733780    0.00095843317965332386
5231.0 0.0225421123536910933    0.00094773511791755929
5248.0 0.0216309731289219646    0.00091598195096511195
5266.0 0.0248478067978665125    0.00092237364664493951
5283.0 0.0257763023115135451    0.00090114173732821611
5301.0 0.0266844098286140446    0.00088526319011866935
5318.0 0.0272992697661927179    0.00087674846450576046
5336.0 0.0278870790826458471    0.00087308241138227966
5354.0 0.0315654006445989024    0.00089410364086996445
5372.0 0.0317498467161573122    0.00087267680507192326
5390.0 0.0285140351979325767    0.00118210815436113679
5408.0 0.0253149183608871141    0.00085745402345658098
5426.0 0.0233755308401364104    0.00074894896690205770
5444.0 0.0240269693122927633    0.00074209887731303413
5462.0 0.0276728819351120328    0.00075791649881138930
5480.0 0.0296060509541297666    0.00075775933811473672
5498.0 0.0324678439884272599    0.00075815694430794408
5517.0 0.0320944521653883305    0.00073262464330516085
5535.0 0.0305905883857447054    0.00070559483907162992
5553.0 0.0273809467372030831    0.00067341199217631025
5572.0 0.0247150499104216645    0.00064807860829630543
5590.0 0.0243874948787967394    0.00063368195961253893
5609.0 0.0204855020137236638    0.00059275991665660532
5628.0 0.0171825822518803691    0.00056408448054469232
5647.0 0.0149814939149709395    0.00053779343323022617
5665.0 0.0129123643277292734    0.00052049198576468970
5684.0 0.0122318558976330354    0.00051224048307709435
5703.0 0.0128461845478283886    0.00055354765975356335
5722.0 0.0145751916859070667    0.00051331685390685548
5741.0 0.0176740338836904008    0.00053150721098767987
5760.0 0.0232676765554011462    0.00056097457821722172
5780.0 0.0282661354334349003    0.00058644654277512564
5799.0 0.0307474910439062034    0.00059451452646916100
5818.0 0.0355656318730327159    0.00060644263414537684
5838.0 0.0354632317564083574    0.00060307511059009904
5857.0 0.0353023300452800781    0.00059522841236713669
5876.0 0.0323276185457684051    0.00056597486601822177
5896.0 0.0308393906936208183    0.00054745769458152890
5916.0 0.0304275029875293208    0.00054277578482471705
5935.0 0.0280737388692263480    0.00052814867541096141
5955.0 0.0248421580360572540    0.00050717751269429971
5975.0 0.0212236535730929987    0.00047911906789870404
5995.0 0.0191412879101407717    0.00045937326938355654
6015.0 0.0180667637060301055    0.00044621677290687932
6035.0 0.0165452406529628983    0.00043983759085989508
6055.0 0.0179972067519267552    0.00044200593021260143
6075.0 0.0168861443215150842    0.00043046373705581988
6095.0 0.0165578826521983156    0.00050778106807510004
6116.0 0.0163386576379721052    0.00040959449090074361
6136.0 0.0171898490943805313    0.00040489463981255292
6157.0 0.0181493601979611265    0.00044328216833364344
6177.0 0.0201812364519122281    0.00041964489637345820
6198.0 0.0210615625838216081    0.00041514492276468118
6218.0 0.0211060944984801102    0.00041228350469950170
6239.0 0.0197205190908975453    0.00040204559089449091
6260.0 0.0167568255283817094    0.00038736000180146485
6281.0 0.0131257853484606380    0.00036089859284955429
6302.0 0.0119590351814451781    0.00034349053897788062
6323.0 0.0120835713581598312    0.00034665659880532491
6344.0 0.0126374495873313748    0.00035154523112751034
6365.0 0.0139799072913235865    0.00034994365110976872
6386.0 0.0151428796226521223    0.00034843737396218094
6407.0 0.0173810158132101933    0.00035949880767775154
6429.0 0.0203211028888738432    0.00037355611499949456
6450.0 0.0217105862101144402    0.00037828888255746771
6471.0 0.0234537544866155190    0.00038452256902678076
6493.0 0.0228565395932749452    0.00037521625540676301
6515.0 0.0231140831584701299    0.00037534294862600861
6536.0 0.0216179070273349976    0.00036646624892845724
6558.0 0.0195248302995213868    0.00035339719511442579
6580.0 0.0161321857904812606    0.00033498572196943226
6602.0 0.0152657312393723772    0.00034470756234937895
6624.0 0.0129575801601489893    0.00031792026750709630
6646.0 0.0109070795164540810    0.00034344111136162651
6668.0 0.0086517434255499476    0.00030487746061907029
6690.0 0.0089084974355024132    0.00029612315457019906
6713.0 0.0081182968483968602    0.00028225260738470463
6735.0 0.0062335627871534065    0.00025653031296441869
6757.0 0.0064634209720344270    0.00025269304424696304
6780.0 0.0072863142412883134    0.00025706244838937447
6803.0 0.0067975296789171934    0.00024553914089870982
6825.0 0.0061566609104467271    0.00024547155815398552
6848.0 0.0068393270757367173    0.00025098382155712689
6871.0 0.0072556123689276643    0.00024625750750859596
6894.0 0.0073861171494571031    0.00024709578505485778
6917.0 0.0077963102867153224    0.00025606577214629805
6940.0 0.0076675449531335210    0.00025540792384180403
6963.0 0.0071346018551975117    0.00024969426358700076
6986.0 0.0077973969782167462    0.00025518129761825030
7009.0 0.0073868362011198186    0.00031475784213809074
7033.0 0.0073225254222073419    0.00029889115969585785
7056.0 0.0077344997102684740    0.00027343671159782066
7079.0 0.0082840783974946451    0.00029154085157688878
7103.0 0.0086458063232349985    0.00029273349514317721
7127.0 0.0091510189630998919    0.00029052253132916061
7150.0 0.0102107543433577683    0.00027798046251452049
7174.0 0.0098986459694077444    0.00026035770701405799
7198.0 0.0114007104747733436    0.00027369541850665215
7222.0 0.0122258177745855918    0.00028164386668995818
7246.0 0.0127005906059845883    0.00028015273291794046
7270.0 0.0121658364745171246    0.00028836732502294691
7295.0 0.0108473312392590726    0.00026610554561504966
7319.0 0.0104308071641144619    0.00027710582325223947
7343.0 0.0097721718704711514    0.00035318893095500758
7368.0 0.0095470692351977329    0.00038918503370513857
7392.0 0.0118286052461837616    0.00034115030325333344
7417.0 0.0120939013829868287    0.00029379949063996889
7442.0 0.0128214887496787156    0.00028315090833166376
7466.0 0.0127719312198809401    0.00034029801429136789
7491.0 0.0113657949366567541    0.00031583979057672962
7516.0 0.0094153401786198875    0.00028119430065335981
7541.0 0.0081968539106680276    0.00029011504720612548
7566.0 0.0078674043468768291    0.00029411588241013093
7592.0 0.0082955966331711480    0.00031250353487194117
7617.0 0.0092281254576198398    0.00030479530813141812
7642.0 0.0114157364504714875    0.00031916365971352775
7668.0 0.0127827880914561393    0.00033172095738616099
7693.0 0.0117315963539461245    0.00030773882924190371
7719.0 0.0120234845578408040    0.00031455070115801476
7745.0 0.0119546918559862072    0.00030083068201409345
7770.0 0.0108580928419092192    0.00029377785725128857
7796.0 0.0102400852357517110    0.00027904601911413814
7822.0 0.0080690092856309341    0.00025117312528358460
7848.0 0.0068378240443353498    0.00024047378342462200
7874.0 0.0060969502055630348    0.00024082970200512357
7901.0 0.0056092188853257815    0.00023417484511649574
7927.0 0.0049918935638690355    0.00023116443863419083
7953.0 0.0052986599092081730    0.00023181172539918533
7980.0 0.0059622667156106045    0.00023442861811517050
8007.0 0.0058619899882455155    0.00029787052651276047
8033.0 0.0047454012808239646    0.00028594444806028278
8060.0 0.0054521064426752619    0.00030041629050077005
8087.0 0.0052783193751136598    0.00028761920965654616
8114.0 0.0058471118997072283    0.00030870117371950025
8141.0 0.0046906823079507958    0.00029415083316086535
8168.0 0.0037893362979632855    0.00026322097454399654
8195.0 0.0027557996566658577    0.00025522751353866240
8222.0 0.0015145663444976276    0.00023340987627285648
8250.0 0.0011887626492577586    0.00018705355152007038
8277.0 0.0018774256930883743    0.00020243759867905978
8305.0 0.0038814716450120161    0.00022120536887187958
8333.0 0.0044124258147798428    0.00028646773594065216
8360.0 0.0026487245057321453    0.00030864160885893225
8388.0 0.0028907548028047152    0.00029638937226996381
8416.0 0.0035235584366873204    0.00022281216100239354
8444.0 0.0060600164849127338    0.00023194493910869810
8472.0 0.0071205625030821267    0.00034815022752786708
8500.0 0.0076566666195962757    0.00031817695422719540
8529.0 0.0067679114715654600    0.00036196971679724652
8557.0 0.0067640412481883416    0.00030729995647519101
8586.0 0.0071439488069056671    0.00034769150153854872
