#@Telescope UH88 
#@Reference Saunders et al. (2018) 
#@Redshift 0.0  
#@Spectrum Train_SN64_1.dat 
#@SN-Name Train_SN64  
#@Phase -8.664 
#@Survey SNFactory 
#@SN-Type SNIa 
#@Units Flux 
# 
# WAVE : 
# SN_SPEC : 
# SN_ERR : 
#end 
3305.0 0.196297529262281056    0.00260552773402184228
3317.0 0.193147261115030722    0.00250717249347560608
3328.0 0.205283580542407695    0.00250061964520850808
3339.0 0.209903454323453531    0.00249405190799840320
3350.0 0.206090391615006779    0.00239130000074304003
3361.0 0.191678706185966080    0.00230530108889042242
3372.0 0.190013289764824178    0.00222465196187793908
3383.0 0.188968147599466729    0.00219447443812989182
3395.0 0.196568167908343139    0.00220404866530460580
3406.0 0.192236724624831101    0.00210363190401300065
3417.0 0.200595511609778260    0.00217555376403193472
3429.0 0.206007358580313438    0.00217995009839522724
3440.0 0.199265092767236890    0.00211404057328283199
3452.0 0.193419652728066493    0.00206473706009900398
3463.0 0.187474149478157409    0.00201284146086340085
3475.0 0.190836627105887419    0.00198793050139494222
3486.0 0.189076864605160988    0.00193713291754080575
3498.0 0.188521706752368678    0.00193792009961428046
3509.0 0.186866454022362877    0.00193844558728929533
3521.0 0.184962991573748237    0.00193785977089623845
3533.0 0.185702968933715962    0.00190925957309453706
3545.0 0.192133222247579422    0.00186495092275085596
3556.0 0.189678187798586806    0.00181890473400393281
3568.0 0.186349476256710639    0.00178003882472637666
3580.0 0.181180566163306744    0.00174831192049226813
3592.0 0.177001815462757423    0.00172171858039725165
3604.0 0.172517638853637661    0.00167515853556141569
3616.0 0.164369728517789804    0.00161710362202759669
3628.0 0.158457170988957619    0.00158461289622022715
3640.0 0.147543342555125828    0.00152030548873264399
3652.0 0.135358304490753700    0.00145866986251363268
3664.0 0.123040638253097148    0.00140494464309222421
3677.0 0.106146647096815511    0.00133775328175325821
3689.0 0.090816306892400070    0.00127373294595948053
3701.0 0.087602822357141202    0.00125396771409073612
3714.0 0.085332146327363037    0.00121132712187396741
3726.0 0.086999148954946329    0.00118897166775128659
3738.0 0.090586831886933283    0.00119247971036154474
3751.0 0.090311088794939265    0.00116973530595600281
3763.0 0.088376043714188945    0.00113916697396227590
3776.0 0.093520453002140250    0.00113905378243313359
3788.0 0.097678245137388445    0.00115171955023603040
3801.0 0.106330279757623533    0.00120293051398446898
3814.0 0.121863560282330072    0.00126586335313756009
3826.0 0.130272806425445975    0.00130888460352479260
3839.0 0.148314936318701435    0.00135802620062305769
3852.0 0.162066661348298169    0.00135777726724276211
3865.0 0.176165908720150227    0.00140935314363091068
3878.0 0.182379641006046089    0.00142758444184004738
3891.0 0.186973761401623251    0.00140800746087603739
3904.0 0.193632067429026528    0.00143352657936436233
3917.0 0.200828915174536632    0.00148447781253029380
3930.0 0.203968010035498137    0.00157595476867664606
3943.0 0.176523959610033310    0.00147022212940236077
3956.0 0.165856941837061844    0.00137411382548246943
3969.0 0.157509842693520308    0.00129212178463203645
3982.0 0.152338042752822145    0.00125934959632777676
3995.0 0.151486630034981945    0.00122529122856617086
4009.0 0.157321701776744177    0.00123617142929586502
4022.0 0.167525193648271620    0.00129942395609259622
4036.0 0.180296734826853017    0.00137781131348001457
4049.0 0.182535147285536908    0.00134995105868159241
4062.0 0.185351403855763847    0.00134186716236639188
4076.0 0.191600017054168459    0.00134999536284658079
4090.0 0.186383971401147930    0.00130455233383515727
4103.0 0.178271880706168728    0.00125239769649167242
4117.0 0.172455407030703001    0.00122061421919495761
4131.0 0.170787367639732873    0.00122012681512042860
4144.0 0.169712937084752741    0.00121921518532235409
4158.0 0.162763071356934269    0.00121268162785395086
4172.0 0.155195117309352315    0.00118858589197434728
4186.0 0.146670676981023346    0.00114896414189429724
4200.0 0.140514136720009508    0.00111688749908997226
4214.0 0.136132302272003236    0.00108744202526203280
4228.0 0.133608305251834619    0.00107907222824496084
4242.0 0.128934680062540774    0.00107573341797184696
4256.0 0.121078476983158947    0.00104002841698739722
4270.0 0.112516980671636513    0.00100274065423835925
4284.0 0.105401262473726984    0.00096784548658424984
4299.0 0.104588146077572317    0.00094950497709896597
4313.0 0.107459438496425169    0.00095957511741717294
4327.0 0.110456010207140881    0.00097687107866027147
4342.0 0.114726766730201588    0.00100282735880922341
4356.0 0.115062063332794340    0.00099463310821261354
4371.0 0.111906567718149413    0.00096215040887419735
4385.0 0.112811185637696348    0.00096878220406144554
4400.0 0.112724136365725286    0.00097446821418750045
4415.0 0.118368862086826274    0.00098380413164562844
4429.0 0.125181755316559229    0.00100384967365517853
4444.0 0.127298866562994467    0.00100679047726260403
4459.0 0.128613649183692558    0.00100172002817426175
4474.0 0.128495180295113642    0.00100231941215477688
4489.0 0.124888595177785749    0.00098692183271178687
4504.0 0.124392060730379131    0.00098199536342755437
4519.0 0.123204935587463163    0.00097535824340424214
4534.0 0.119909193710054124    0.00095946006935798028
4549.0 0.118159991914256829    0.00095314243140959287
4564.0 0.120896088417870015    0.00095169071219902473
4579.0 0.121754110015857384    0.00095582422989775250
4594.0 0.119339609109253578    0.00094504494893359156
4610.0 0.113083132612982667    0.00091673986880282099
4625.0 0.106739061061152260    0.00090555494881766564
4640.0 0.105294399996976096    0.00089339566095150236
4656.0 0.107491529693143170    0.00089206225842255917
4671.0 0.107825801043902686    0.00089775639056312577
4687.0 0.105422669504665598    0.00089383505738758117
4703.0 0.101451199465078745    0.00087150399626050045
4718.0 0.094392487904641262    0.00083680529452196859
4734.0 0.093736122781718681    0.00082805915178888259
4750.0 0.096875202841925467    0.00083874590387367492
4766.0 0.096699120826483881    0.00083520568772569171
4781.0 0.092977267511797149    0.00082942677763740669
4797.0 0.084566188661325536    0.00080529169571689520
4813.0 0.073403073339112834    0.00077226654085351320
4829.0 0.069589658684767505    0.00076070318705712787
4846.0 0.068810214662051408    0.00076476811173215270
4862.0 0.070120584517395695    0.00078358918065067173
4878.0 0.072582901683271361    0.00081218030525097989
4894.0 0.076592210184383475    0.00085715913592277187
4910.0 0.076644642958185460    0.00090197252131147751
4927.0 0.076284199336852793    0.00096541358388416772
4943.0 0.080180064322272940    0.00104284469153059691
4960.0 0.082072009359972484    0.00109592139022894456
4976.0 0.081146421884359873    0.00112793198301187349
4993.0 0.083223744999675484    0.00115722338366680295
5009.0 0.086270944323487017    0.00101880667409149587
5026.0 0.087851704735414843    0.00099669025508102092
5043.0 0.088161180535792791    0.00099537473119169100
5060.0 0.092516190899510908    0.00191559906581802815
5076.0 0.094421638392367405    0.00166130451934278119
5093.0 0.095252762014814751    0.00141168979602860744
5110.0 0.091622036342443855    0.00122679182917479488
5127.0 0.095130274440187262    0.00118985662530646154
5144.0 0.094071984851652288    0.00117199004502754715
5162.0 0.094077473673231035    0.00113531438571775603
5179.0 0.087055806032867750    0.00105489986854085923
5196.0 0.083652857125220234    0.00100682091808354090
5213.0 0.075844382507822009    0.00092298067725087485
5231.0 0.070130811013159544    0.00085666074882854569
5248.0 0.065142131469644038    0.00081311913090213782
5266.0 0.066452013162033946    0.00078891838358171945
5283.0 0.068232766202327599    0.00076384184809620125
5301.0 0.069895073348161418    0.00074498880580693271
5318.0 0.068835087383383467    0.00072561029606226543
5336.0 0.072050399824330633    0.00072249869477917356
5354.0 0.067550055562131880    0.00069031526747734035
5372.0 0.066921546122101536    0.00066401972553372431
5390.0 0.059941690539205984    0.00062328195115469759
5408.0 0.058347411229893412    0.00060523241930813339
5426.0 0.056439572090948305    0.00058726278861299323
5444.0 0.058979487458992515    0.00058821226462560784
5462.0 0.064028504944465534    0.00061084503071160594
5480.0 0.067265895280071333    0.00061250155375883175
5498.0 0.068412515650784642    0.00059175671302488450
5517.0 0.069466787435989871    0.00057889695029385746
5535.0 0.070675982204522883    0.00057119310822283944
5553.0 0.073838527184164129    0.00057558129477023429
5572.0 0.071687131739603269    0.00056567011220712770
5590.0 0.072868952232140100    0.00055499067573741936
5609.0 0.072341176419943143    0.00053933343050375322
5628.0 0.071329533132302142    0.00053232287834424792
5647.0 0.071333984513906240    0.00052169481073824180
5665.0 0.068997111830668575    0.00050691038962026277
5684.0 0.066148481659559180    0.00049400684817629240
5703.0 0.061276142935502417    0.00047329507693572438
5722.0 0.058669776504801534    0.00046047589938983925
5741.0 0.057727562723743645    0.00045347757390934196
5760.0 0.057893849542696323    0.00045119200104876090
5780.0 0.057593196499024925    0.00046007924459683200
5799.0 0.060493141455820458    0.00044872979088653403
5818.0 0.062610448812065830    0.00044675220903838439
5838.0 0.064892626491764444    0.00044971846561010705
5857.0 0.066326882132475784    0.00045081813275785079
5876.0 0.066140811091431245    0.00044044201305864112
5896.0 0.065919353032106331    0.00043226557754270288
5916.0 0.065245064803002920    0.00042497018169343031
5935.0 0.061548639576542059    0.00041351694342825300
5955.0 0.058183635340082307    0.00040304072616304903
5975.0 0.054022080129358961    0.00038759508819285267
5995.0 0.048930586448385223    0.00037019503081427315
6015.0 0.043135110547816956    0.00034911923187516561
6035.0 0.039109929887795561    0.00033491059890669160
6055.0 0.033020669122800113    0.00031467452897098618
6075.0 0.030082745800350367    0.00030019791862263015
6095.0 0.028804838932695743    0.00029117182696436651
6116.0 0.029860984810697322    0.00029133063600987456
6136.0 0.032937309913014308    0.00029689993671943541
6157.0 0.038690184952350125    0.00031363832773334061
6177.0 0.043464544935731646    0.00032731726375362878
6198.0 0.047525830835402821    0.00032664006019842540
6218.0 0.052853570464490005    0.00033543351311087692
6239.0 0.055013986323094420    0.00033942614312855126
6260.0 0.055884158411344739    0.00033547179200576506
6281.0 0.054687448643451153    0.00033104071703419287
6302.0 0.054918765159804019    0.00032903067464415203
6323.0 0.056410005255224306    0.00033030170789799431
6344.0 0.055649803128819099    0.00032813795028114673
6365.0 0.055374535308273298    0.00032189950024641097
6386.0 0.055939305351781494    0.00032243433634474738
6407.0 0.055040290633916661    0.00031729870018871786
6429.0 0.054701402657863669    0.00031474650092202247
6450.0 0.054540535807159750    0.00031286073736820733
6471.0 0.054691972003405358    0.00030913656946566375
6493.0 0.053336022159865222    0.00030075800589669203
6515.0 0.053578449547557347    0.00029912434665189551
6536.0 0.052126751009480825    0.00029495534559099236
6558.0 0.051729696831294032    0.00029339564145179175
6580.0 0.049856839122955174    0.00028789255566041930
6602.0 0.049483065569856322    0.00028378808952640380
6624.0 0.049273866736403119    0.00028118323508254307
6646.0 0.047868176124897618    0.00027696963071670863
6668.0 0.046812478123507466    0.00027196773878567561
6690.0 0.045882333160023638    0.00026981763119032271
6713.0 0.044800274440714043    0.00026477972501214546
6735.0 0.043799616235432451    0.00027961775316999660
6757.0 0.042774399706039107    0.00027250524650005505
6780.0 0.042335149360470177    0.00026657156152495740
6803.0 0.041510433872186898    0.00025527403850501097
6825.0 0.041222925634919430    0.00025194934418244487
6848.0 0.039746962930148171    0.00024755626267231306
6871.0 0.039072035380190252    0.00024260924248332608
6894.0 0.038453871109824088    0.00023934980719080601
6917.0 0.037677688513150370    0.00023760306212392286
6940.0 0.037220225632587936    0.00023472833158888709
6963.0 0.037158978972480397    0.00023380208531380685
6986.0 0.036307011813309302    0.00023002116351577331
7009.0 0.036820753425982670    0.00023298953598805951
7033.0 0.036365956423469001    0.00023305578467902377
7056.0 0.036074624098608815    0.00023183670689205069
7079.0 0.036965477457490702    0.00023332101909857980
7103.0 0.037228132898411377    0.00024666936150094808
7127.0 0.036938731493991732    0.00023920994367238456
7150.0 0.036487610309963690    0.00023603135463688024
7174.0 0.035597538995974273    0.00023123331219234152
7198.0 0.034539295285723297    0.00022868771725350958
7222.0 0.034614632309898356    0.00022603129361417737
7246.0 0.034057478769487337    0.00021990888809292016
7270.0 0.033047290524180553    0.00021672865569568450
7295.0 0.032289165235088950    0.00021565634203763687
7319.0 0.030879398574832150    0.00021308627107520623
7343.0 0.030512267791751185    0.00021222385987877416
7368.0 0.030885738239016195    0.00020970251175815791
7392.0 0.029089643505969234    0.00020676850505782658
7417.0 0.026862288650299541    0.00020202406863525265
7442.0 0.024145872640556183    0.00020818144344535440
7466.0 0.023762243152868099    0.00028898170016434681
7491.0 0.023770734039083089    0.00024735216403310145
7516.0 0.023153379423262406    0.00020384087043806727
7541.0 0.023600331401386607    0.00019078395832602813
7566.0 0.024726576705939543    0.00020484231503090376
7592.0 0.025962956075101684    0.00020210597459374539
7617.0 0.027128707182143868    0.00020387448444414969
7642.0 0.027217721348253877    0.00020808393454522077
7668.0 0.028355227076072829    0.00021422653641010037
7693.0 0.029246665464879373    0.00021375498574448056
7719.0 0.030345070785136753    0.00021798911234746296
7745.0 0.030199873169553405    0.00021369015191880753
7770.0 0.030162064183316201    0.00022303427105523072
7796.0 0.028749650597385927    0.00020888213318047210
7822.0 0.028756360346113504    0.00021471411696715156
7848.0 0.028246602111254016    0.00021262863397705591
7874.0 0.027016450826280326    0.00020719718483914323
7901.0 0.027135862562573620    0.00020429509448884926
7927.0 0.025592867590512974    0.00019733478010091463
7953.0 0.024417028638284110    0.00019710402373859009
7980.0 0.023098421279558960    0.00019579106709079026
8007.0 0.022909892614897433    0.00019572203725367373
8033.0 0.022951451057838603    0.00019621810973730806
8060.0 0.021454677217632910    0.00019106962756844134
8087.0 0.021614835185473968    0.00019127112494327287
8114.0 0.020955103966304268    0.00019639704736787022
8141.0 0.019713983428571610    0.00020105307344533426
8168.0 0.017803730152945181    0.00018076828845724495
8195.0 0.018479803517556539    0.00020065883333426115
8222.0 0.017803075039746510    0.00018430098312111499
8250.0 0.018504365184445395    0.00019238281873899013
8277.0 0.018844388789701617    0.00019531524973214430
8305.0 0.018869719263254855    0.00019225770534294617
8333.0 0.019695548240785815    0.00018995244254677940
8360.0 0.020896598850212323    0.00018528449810769972
8388.0 0.021968799553258932    0.00018965791162249207
8416.0 0.021946094741144947    0.00018800946397547707
8444.0 0.022936300376656588    0.00019263462803471848
8472.0 0.023169685784845073    0.00020024603027070958
8500.0 0.023545359731456831    0.00020143977325034459
8529.0 0.022982632745699654    0.00019269530966753535
8557.0 0.022827537331662883    0.00019139760355389005
8586.0 0.022446091696471233    0.00020352882508602776
