#@Telescope UH88 
#@Reference Saunders et al. (2018) 
#@Redshift 0.0  
#@Spectrum Train_SN20_10.dat 
#@SN-Name Train_SN20  
#@Phase 20.291 
#@Survey SNFactory 
#@SN-Type SNIa 
#@Units Flux 
# 
# WAVE : 
# SN_SPEC : 
# SN_ERR : 
#end 
3305.0  0.0136269324144894580  0.0093077143057937583
3317.0  0.0161320872233083577  0.0089696866182903002
3328.0  0.0068979668808819049  0.0087675455392768661
3339.0 -0.0060627097713534025  0.0083304502290368915
3350.0  0.0294874300980242539  0.0084617515469668000
3361.0  0.0185703652077531742  0.0080474952827567121
3372.0  0.0313683709408495923  0.0080815218742523922
3383.0  0.0349089619749293756  0.0081202305131819127
3395.0  0.0356090563920509404  0.0080392536296614876
3406.0  0.0290368430289841932  0.0077573244176452633
3417.0  0.0370125213060208125  0.0078075259444939189
3429.0  0.0409096800169818642  0.0074781391087043311
3440.0  0.0353873220697183063  0.0071037449102631664
3452.0  0.0475965309054896396  0.0072260020090695572
3463.0  0.0347063285478462352  0.0072102284135643962
3475.0  0.0323437905009185192  0.0071946341016643290
3486.0  0.0347898770400923638  0.0069459147488933337
3498.0  0.0292812947816247920  0.0066380443482336590
3509.0  0.0385593564969945526  0.0068289591176769453
3521.0  0.0252230560792964936  0.0066667432788610342
3533.0  0.0326205230618032693  0.0066092825674921247
3545.0  0.0409009802524118171  0.0064102162512359893
3556.0  0.0262941800975225459  0.0061387158997037068
3568.0  0.0321522635756285105  0.0061600972061120066
3580.0  0.0305633835399211906  0.0058172198696438580
3592.0  0.0311301111468244851  0.0056815082260851723
3604.0  0.0452802358126520310  0.0058808565502998945
3616.0  0.0421889363095106565  0.0057931419811933236
3628.0  0.0290581226293062760  0.0058116409212586265
3640.0  0.0433025033086379060  0.0060177938165567784
3652.0  0.0493990770204924268  0.0058270335315840248
3664.0  0.0473468953662555536  0.0056086808888468186
3677.0  0.0511668458488451564  0.0057571956869392968
3689.0  0.0488825992239506554  0.0057969780112376449
3701.0  0.0534041077643220979  0.0057936566956525255
3714.0  0.0459190140028023358  0.0056068162826357461
3726.0  0.0445418103347010735  0.0056141031208712337
3738.0  0.0570931988816740649  0.0060292926409507641
3751.0  0.0482966774216658234  0.0058556078223480686
3763.0  0.0295423222748846144  0.0053150919979583575
3776.0  0.0232892248601303670  0.0048164075768764650
3788.0  0.0287550679647754909  0.0049854603003447132
3801.0  0.0271959585891602303  0.0049540284625965115
3814.0  0.0381559054771368131  0.0050525999880203579
3826.0  0.0518598586279177959  0.0054206392392155871
3839.0  0.0601660156142998087  0.0055696710562904072
3852.0  0.0634098408295499377  0.0054861453162145975
3865.0  0.0660388369221035082  0.0053117518449611939
3878.0  0.0802364612827555501  0.0052742039002083860
3891.0  0.0806267863721421979  0.0051750295083469837
3904.0  0.0742916725007836398  0.0050819267297932810
3917.0  0.0752642201321379462  0.0051316263714435775
3930.0  0.0967464527452932682  0.0051926309439451739
3943.0  0.1040741996729534768  0.0052376580243519589
3956.0  0.1116172473728469922  0.0052921345875509337
3969.0  0.0866100553904888132  0.0048247578317162764
3982.0  0.0777778216594616767  0.0048730557751528675
3995.0  0.0738450032878226886  0.0047675484108547070
4009.0  0.0619814090233024098  0.0045723112086303846
4022.0  0.0642318806718547436  0.0047165047200720149
4036.0  0.0668575714078610273  0.0046547010795035867
4049.0  0.0654295954110873379  0.0046164725015526448
4062.0  0.0655855111215387782  0.0046456718398803984
4076.0  0.0606693525071269404  0.0046426034988736754
4090.0  0.0560615381181712308  0.0045167352513267442
4103.0  0.0515922738715284962  0.0044020557077601233
4117.0  0.0468146624807826220  0.0043814796206186135
4131.0  0.0632747797847426352  0.0044429927646514418
4144.0  0.0571289076288139866  0.0044581976136047604
4158.0  0.0557966157744946012  0.0044917643164812263
4172.0  0.0633391791354586259  0.0045053459833745077
4186.0  0.0596897202078459505  0.0044864455466541936
4200.0  0.0637534937465533275  0.0044591425299943237
4214.0  0.0674538477842964307  0.0044696221409143283
4228.0  0.0631485240246179580  0.0044350216341247908
4242.0  0.0598445013575903545  0.0044256670465656952
4256.0  0.0619044388582692603  0.0043782852124709792
4270.0  0.0663713850665932359  0.0043327407988718366
4284.0  0.0598612016455499982  0.0042200996884601419
4299.0  0.0793382818356970637  0.0043334162258281978
4313.0  0.0724794451106846871  0.0042551638618762667
4327.0  0.0649345225443337531  0.0042352316379796274
4342.0  0.0430490719741088296  0.0040334685644550774
4356.0  0.0490866219988438726  0.0040230035189091238
4371.0  0.0484251577195442193  0.0040001926151457994
4385.0  0.0379110738660786983  0.0039369735562316396
4400.0  0.0340063218343254411  0.0039116353649597951
4415.0  0.0357711441310995665  0.0038317544791713473
4429.0  0.0468855742309173401  0.0039436778610025709
4444.0  0.0423954639987247847  0.0039280388707597664
4459.0  0.0482324108383846081  0.0039673098489549329
4474.0  0.0457642284464812588  0.0039715507292399851
4489.0  0.0545233065777952011  0.0040472301557129666
4504.0  0.0631189521009372506  0.0041187165860825641
4519.0  0.0826406449601706089  0.0042646860167350111
4534.0  0.0886972527823046003  0.0042962834017847883
4549.0  0.1038559260895385444  0.0044568780554388428
4564.0  0.1011592583448560068  0.0044829622546109305
4579.0  0.1235023676778747304  0.0046324900546458663
4594.0  0.1350841376331402000  0.0048081198741966582
4610.0  0.1620395229285516159  0.0050596534345312989
4625.0  0.1537220600357215861  0.0052019173952841157
4640.0  0.1360414170787612176  0.0052804338465347357
4656.0  0.1018914278046751803  0.0052668682747226405
4671.0  0.0869566392051668025  0.0055185026121841278
4687.0  0.0673128011768723972  0.0059586008287510692
4703.0  0.0673546157354375508  0.0062995694039015507
4718.0  0.0644941977246396153  0.0065336115855368568
4734.0  0.0627299984066440885  0.0065948087691289955
4750.0  0.0567192567155147612  0.0058260034109991060
4766.0  0.0531150476813975134  0.0056638207523205010
4781.0  0.0718998289228514748  0.0057110739757569879
4797.0  0.1024932628745838792  0.0108160123571579836
4813.0  0.0894386675576015755  0.0099297176753229254
4829.0  0.0607267189921804965  0.0078027334130573913
4846.0  0.0656003264543138787  0.0064021101914792274
4862.0  0.0694619066332342189  0.0057978076725500758
4878.0  0.0679210039716887509  0.0056063233570194044
4894.0  0.0716044646262551654  0.0056295312777164697
4910.0  0.0792758726957703691  0.0055897425409571194
4927.0  0.0974166007879773421  0.0055721106292850337
4943.0  0.0811437553735731010  0.0050997573378525757
4960.0  0.0765944421250478041  0.0047415966870652439
4976.0  0.0706737237202374052  0.0042872980611933153
4993.0  0.0564916734688164016  0.0040544563229709596
5009.0  0.0519359154713596727  0.0038252943133881370
5026.0  0.0512349428435730780  0.0036181084577208830
5043.0  0.0435259763706090652  0.0034400359466269757
5060.0  0.0435378085622865965  0.0033274697341559925
5076.0  0.0494814497680009444  0.0032836575844062865
5093.0  0.0451748027100719318  0.0031067312747901387
5110.0  0.0519512748051988715  0.0030781142125804032
5127.0  0.0462626688589536164  0.0030520526398533799
5144.0  0.0480702818634374182  0.0029570745903298701
5162.0  0.0623646054468992572  0.0030350761013386478
5179.0  0.0581735020092055966  0.0031128178833564751
5196.0  0.0844795221235485061  0.0040097135182613763
5213.0  0.0807090410782694001  0.0029830151060908105
5231.0  0.0941191093177623367  0.0030036893903906997
5248.0  0.1070254705934470391  0.0030633579249029802
5266.0  0.1145771920301819069  0.0030436039754727483
5283.0  0.1221329932756019254  0.0029916874948316885
5301.0  0.1231932869024270627  0.0029453207488621047
5318.0  0.1127085534804340011  0.0028509874782535441
5336.0  0.1126209154231116866  0.0028169847332714750
5354.0  0.1094339595856685943  0.0027557398939166947
5372.0  0.1165552455968988793  0.0027291012326747964
5390.0  0.1252670405300525536  0.0027279750902704843
5408.0  0.1242126534428205364  0.0026983516978974762
5426.0  0.1208254098205193416  0.0026427991484046873
5444.0  0.1258795958573711016  0.0026438530058700868
5462.0  0.1139915002625468965  0.0025932847275191209
5480.0  0.1115635545262760875  0.0027052028613859065
5498.0  0.1100221198526961097  0.0025185548838286085
5517.0  0.1096216023894657360  0.0024274950432640920
5535.0  0.1002069104636072600  0.0023396441831482887
5553.0  0.0973456101401102974  0.0023067592596626779
5572.0  0.0881109535432512275  0.0022239254855068395
5590.0  0.0817515174134751804  0.0021544134554758719
5609.0  0.0770845262283618854  0.0020733003304396987
5628.0  0.0675390955612063248  0.0019941643769339772
5647.0  0.0651887943320261370  0.0019378015597134354
5665.0  0.0555135441245789632  0.0018490366597945880
5684.0  0.0553388166774865797  0.0018338797716235637
5703.0  0.0534163467092883884  0.0017974097334420500
5722.0  0.0583446172327301976  0.0018079620512528179
5741.0  0.0580428992677735067  0.0017953662091440836
5760.0  0.0689264414458473917  0.0018274414191042159
5780.0  0.0720222338457102151  0.0018453281955551524
5799.0  0.0838006380443838544  0.0019111637117739367
5818.0  0.0924858854665109031  0.0019128515226745824
5838.0  0.1021835985810835984  0.0019539750150607675
5857.0  0.1048149641825348310  0.0022171095821823194
5876.0  0.1063645622043087741  0.0019738947401801246
5896.0  0.0994839496791298794  0.0018253068486661569
5916.0  0.0883461298671417844  0.0018698621160255812
5935.0  0.0756288541402607706  0.0017136754881821160
5955.0  0.0749452570124428258  0.0016794118917848840
5975.0  0.0689086601258957210  0.0016413912634135640
5995.0  0.0669861909018608648  0.0016040834158275120
6015.0  0.0601524598484188058  0.0015750612011598978
6035.0  0.0570524892799548974  0.0015463110034051246
6055.0  0.0585448907408579744  0.0015476199200421417
6075.0  0.0602132821489612113  0.0015355551517810843
6095.0  0.0513128761751430185  0.0014781037438255647
6116.0  0.0441591820194161475  0.0014175874595752924
6136.0  0.0429179400757793150  0.0013565237796038224
6157.0  0.0458669420620983898  0.0013493472706965970
6177.0  0.0524560637097647928  0.0013830735610274936
6198.0  0.0512518955219783273  0.0013509531252681168
6218.0  0.0483404484519108640  0.0013276577415197691
6239.0  0.0549499134500771105  0.0013563719455136063
6260.0  0.0549884725189735482  0.0013427296245511226
6281.0  0.0603959978722057103  0.0013616928720150048
6302.0  0.0625849323873330365  0.0013663961583942287
6323.0  0.0696339202697969090  0.0013779590156757521
6344.0  0.0746710271607823883  0.0014136225430864109
6365.0  0.0789093585470051484  0.0014663017008290293
6386.0  0.0853007300763287957  0.0015575153613501889
6407.0  0.0823371195017778973  0.0015139437813348493
6429.0  0.0868238935172574028  0.0014967352897493898
6450.0  0.0898246954773208733  0.0014798431799723645
6471.0  0.0844377163742113801  0.0014344457316299148
6493.0  0.0873436005257909875  0.0014099097607780584
6515.0  0.0855564784856450433  0.0013853330107068348
6536.0  0.0820743736638999133  0.0013636250878982170
6558.0  0.0813873275010555952  0.0014281975488514640
6580.0  0.0760182544949159905  0.0013805916595781946
6602.0  0.0720173380385836087  0.0013155955909456426
6624.0  0.0677230317386521702  0.0012750031967516159
6646.0  0.0611113139951366541  0.0012510288724229715
6668.0  0.0544885062630883210  0.0012094278469698151
6690.0  0.0513035020317951715  0.0011918648094570467
6713.0  0.0489664458960149679  0.0011655791803954622
6735.0  0.0396633656870371207  0.0012829495145032434
6757.0  0.0402201874668714696  0.0011882026727906348
6780.0  0.0366296864814941517  0.0013036504417123960
6803.0  0.0368946622633947313  0.0012481155981472771
6825.0  0.0332364903636717252  0.0012261257859165870
6848.0  0.0325106867700988983  0.0011923168498291781
6871.0  0.0362001164199944464  0.0011520982350524313
6894.0  0.0367238720269759539  0.0011552824296752627
6917.0  0.0357652910850727312  0.0011296104113743626
6940.0  0.0322569535408176525  0.0010954940152216050
6963.0  0.0330528286451920797  0.0011380363781586943
6986.0  0.0323273526075950057  0.0010760390294623742
7009.0  0.0330631453872925266  0.0011629855385908055
7033.0  0.0294441582852311493  0.0010879581581060625
7056.0  0.0310263522084253951  0.0011329811073460224
7079.0  0.0344246093797837202  0.0017291938190626443
7103.0  0.0316483707126141850  0.0014258822250305186
7127.0  0.0323928216267880820  0.0011992166369424412
7150.0  0.0335268768160982972  0.0010846199430689634
7174.0  0.0347045038866859723  0.0012580102646669127
7198.0  0.0336137142185766041  0.0011240448352399731
7222.0  0.0338735443022756752  0.0012461654454003859
7246.0  0.0330573614917787570  0.0012174909063825301
7270.0  0.0366328935916126058  0.0012652877869504780
7295.0  0.0377940812175008647  0.0012110085549625099
7319.0  0.0370156655029756990  0.0013403206496780534
7343.0  0.0389879232622305782  0.0012390581341560842
7368.0  0.0407168566795653442  0.0013688460129535815
7392.0  0.0379968014195106035  0.0011775583718320153
7417.0  0.0351495985607817168  0.0012753316951010173
7442.0  0.0342737595451461305  0.0012447056538777484
7466.0  0.0338053142700271356  0.0012366042018151489
7491.0  0.0340365743868594056  0.0011346337350368546
7516.0  0.0316077000566958033  0.0010922479179846371
7541.0  0.0339897036156068325  0.0011146634662874734
7566.0  0.0340067225031433495  0.0010972133947686476
7592.0  0.0344351082816184012  0.0011136703897742300
7617.0  0.0314928686129159960  0.0010883453646094196
7642.0  0.0316932447474490842  0.0010853574512388817
7668.0  0.0349733767005653839  0.0011045457731891082
7693.0  0.0324320733018736290  0.0011169914968913682
7719.0  0.0288597919423726028  0.0013640491023140448
7745.0  0.0323868464452743005  0.0011104859322552344
7770.0  0.0320386902278434679  0.0014659610792568806
7796.0  0.0309054539106618335  0.0011722564399734403
7822.0  0.0315872476526646503  0.0013473960578934518
7848.0  0.0261064698070362228  0.0013077424320715146
7874.0  0.0294742527065165773  0.0012823082012629503
7901.0  0.0279375173809687967  0.0011308540637330255
7927.0  0.0293767705949569344  0.0011038466115660985
7953.0  0.0233169827177636714  0.0010638893613976262
7980.0  0.0264073135337367336  0.0010331330035565714
8007.0  0.0243597874794059220  0.0010771866782321796
8033.0  0.0254359987768165985  0.0012939962372957975
8060.0  0.0242443322832166519  0.0013217206296665214
8087.0  0.0220148026723387298  0.0010848422800449108
8114.0  0.0215780447035111740  0.0010044915295978568
8141.0  0.0159484434414973210  0.0010847092851841726
8168.0  0.0150358510963646483  0.0014300071977321267
8195.0  0.0064348390836907726  0.0009705020864784065
8222.0  0.0051409251748859514  0.0015047877979364693
8250.0  0.0094709880101101415  0.0010832309809437884
8277.0  0.0112393217280691952  0.0013624513883436010
8305.0  0.0101594149782576262  0.0013275736085452863
8333.0  0.0060422271087789241  0.0012908325853367264
8360.0  0.0120093711777803092  0.0010861730857873013
8388.0  0.0158604044691634666  0.0011513528865075870
8416.0  0.0207769043433213979  0.0011400848373559417
8444.0  0.0279520010429004755  0.0011128453398823971
8472.0  0.0275715276759627807  0.0011611865989950530
8500.0  0.0343072881746735725  0.0011616854414901094
8529.0  0.0350860019110879676  0.0012281443897696489
8557.0  0.0360100089939788537  0.0011740644159393859
8586.0  0.0395551619074959240  0.0012868516748023083
