#@Telescope UH88 
#@Reference Saunders et al. (2018) 
#@Redshift 0.0  
#@Spectrum Train_SN51_1.dat 
#@SN-Name Train_SN51  
#@Phase -0.237 
#@Survey SNFactory 
#@SN-Type SNIa 
#@Units Flux 
# 
# WAVE : 
# SN_SPEC : 
# SN_ERR : 
#end 
3305.0 0.028711886187226084    0.00236613570476235926
3317.0 0.031657961532788666    0.00231433895550192800
3328.0 0.035375932540827632    0.00227614954915707256
3339.0 0.038132405565033237    0.00227548936529996032
3350.0 0.032410979011427490    0.00219593386795665594
3361.0 0.034398620202737200    0.00214650502571356707
3372.0 0.036791512942775668    0.00207247322477488883
3383.0 0.040033597480433010    0.00211816327538015244
3395.0 0.045471333937968907    0.00215610343882196047
3406.0 0.040666777216676026    0.00202569719010871124
3417.0 0.044548030650020658    0.00206355660448110821
3429.0 0.047380433653584714    0.00207065652465084462
3440.0 0.047220136742940073    0.00201838305796244680
3452.0 0.048011553491563073    0.00200722984112173316
3463.0 0.051271989995007844    0.00198244061395584517
3475.0 0.052481874238508398    0.00192458288972063526
3486.0 0.055367799603474231    0.00191483596102571835
3498.0 0.059558879390032585    0.00195242360000017043
3509.0 0.058368193909066821    0.00196372588871427658
3521.0 0.065456965542216083    0.00202479319385332054
3533.0 0.062626684863883494    0.00194902165667986652
3545.0 0.064986306564956992    0.00187937758995837230
3556.0 0.065990660719474528    0.00183787759987828975
3568.0 0.066871657743914459    0.00180796414845674582
3580.0 0.066511771646664483    0.00179719581448803812
3592.0 0.066425383976945335    0.00175716431094828283
3604.0 0.059674528966905414    0.00166606611399298748
3616.0 0.051830933808723355    0.00157580330441295748
3628.0 0.042218882276795842    0.00149718357098685569
3640.0 0.038751856035534167    0.00143495163278969094
3652.0 0.033061100596859960    0.00137617128346081453
3664.0 0.029983782744585418    0.00134871225539320416
3677.0 0.027402333897554684    0.00134102131666328649
3689.0 0.023864421237907964    0.00130149248218525333
3701.0 0.025171283932446387    0.00129535403746352303
3714.0 0.030660353598558860    0.00130118406171905515
3726.0 0.039317599640144973    0.00134443832976999245
3738.0 0.040642822139050683    0.00131988678025365199
3751.0 0.040409107518575647    0.00132584031587473458
3763.0 0.040463099956099945    0.00128777407786066084
3776.0 0.042931557933354958    0.00128154019009342176
3788.0 0.045690213089818646    0.00130470168018025881
3801.0 0.049083996335112130    0.00133898345361039011
3814.0 0.055888211629231493    0.00137186503769475780
3826.0 0.065457538535283688    0.00141948692939301542
3839.0 0.076876005723451865    0.00147090701775809320
3852.0 0.081175302874161276    0.00146134086583024018
3865.0 0.082437727628572502    0.00149696714594831407
3878.0 0.082251863835183708    0.00148867865924579186
3891.0 0.085278042726554287    0.00150265646533233473
3904.0 0.090684788816303527    0.00151564954418513119
3917.0 0.092788733791611358    0.00151246577093314973
3930.0 0.088566501944795012    0.00153901915438008855
3943.0 0.088127280281230083    0.00154749193842270479
3956.0 0.084413334393551920    0.00143635692953050917
3969.0 0.085638196524281174    0.00138486788658012433
3982.0 0.088808363076353355    0.00139993403414701337
3995.0 0.095958919813380547    0.00143192893172086242
4009.0 0.100817045931933288    0.00145296398414346750
4022.0 0.102653319896558445    0.00150231316888292405
4036.0 0.102324773735060298    0.00150757797746569710
4049.0 0.098825653326950411    0.00144531485642380325
4062.0 0.097283501160279187    0.00141526333824698591
4076.0 0.089642661417703023    0.00135754005843052123
4090.0 0.086486699095986275    0.00131726827547735134
4103.0 0.085493895528936895    0.00127110789485145319
4117.0 0.086708321272842573    0.00127945880012897157
4131.0 0.085614013536998518    0.00127402910843996283
4144.0 0.084942086468366582    0.00127666446863396090
4158.0 0.082619846682483122    0.00127176849190722193
4172.0 0.078640953895275478    0.00124261487180440510
4186.0 0.074690273662369605    0.00121575035524302904
4200.0 0.070393763851837793    0.00119308535560739269
4214.0 0.068072783483931920    0.00117059935895665154
4228.0 0.061949176083347622    0.00114410828141655110
4242.0 0.056625638644664841    0.00111594762659929366
4256.0 0.054053815903194365    0.00109149411219302563
4270.0 0.054775884155929447    0.00108085402954670950
4284.0 0.056881322438007899    0.00107873853216711364
4299.0 0.057250526493405264    0.00106458923577240649
4313.0 0.059988642210834345    0.00107705598805538484
4327.0 0.062146699585821238    0.00109181206548216673
4342.0 0.066044990152835242    0.00111994891865116811
4356.0 0.071215814830595955    0.00113632918628287318
4371.0 0.073941085183242841    0.00113005602031422832
4385.0 0.078541240387364236    0.00115701069101831026
4400.0 0.083779825651004947    0.00118217347944680313
4415.0 0.084098558684105873    0.00116993553207171003
4429.0 0.085449490949278603    0.00116998163118110202
4444.0 0.086721666608257850    0.00118064754027824874
4459.0 0.087886475383205209    0.00117169487353092449
4474.0 0.089487262963582059    0.00118082683762212059
4489.0 0.087300863882118510    0.00116216550198493468
4504.0 0.083840952878025232    0.00114332283486956975
4519.0 0.084839091743200590    0.00114334317504221836
4534.0 0.083907398404270736    0.00112927606034266947
4549.0 0.086898422352894064    0.00114723439988224886
4564.0 0.090423597752075119    0.00115224424679398647
4579.0 0.089317771450796779    0.00115651896175497995
4594.0 0.086329444858459503    0.00113239593576680022
4610.0 0.080529687455877186    0.00109644724276953577
4625.0 0.081719460756945986    0.00111510145288935521
4640.0 0.078132033216457675    0.00109249148368381469
4656.0 0.076609955523410739    0.00106986702362387776
4671.0 0.076156545593204464    0.00107541546566921492
4687.0 0.073867756237674498    0.00106688022088639997
4703.0 0.066380849597920802    0.00103125800719444075
4718.0 0.064417299584989873    0.00100868364501215829
4734.0 0.066357868973800499    0.00101564241419814473
4750.0 0.066956213052126484    0.00101607579574497053
4766.0 0.067927288616492054    0.00103467809603464706
4781.0 0.060300226162665803    0.00100797032424574111
4797.0 0.057718127456499790    0.00100251367687272108
4813.0 0.057811016523546359    0.00101775595738156071
4829.0 0.057380144051126139    0.00102801867936324199
4846.0 0.061437724310184315    0.00107785139077945730
4862.0 0.063830888843409955    0.00112470440941361458
4878.0 0.061209779620478112    0.00115784175823709524
4894.0 0.056918079752730361    0.00121944915967673521
4910.0 0.057827379338757409    0.00132638362238362943
4927.0 0.049907619801012527    0.00136937696789223538
4943.0 0.048204537702245434    0.00143715877225142970
4960.0 0.051375601135335257    0.00126206438274221121
4976.0 0.053259773980363752    0.00124309921856734749
4993.0 0.055552504756796281    0.00124337433342318229
5009.0 0.057616511075524499    0.00223354406161202631
5026.0 0.067986573231725203    0.00211794485349024991
5043.0 0.065569634017224668    0.00190018645861101711
5060.0 0.073871183212082983    0.00166911941277079882
5076.0 0.076355579821668074    0.00142880077483695418
5093.0 0.080350948544476969    0.00135883806097140177
5110.0 0.083052413777525896    0.00135570819830649423
5127.0 0.080544497216983341    0.00132152691511249593
5144.0 0.081748654561998868    0.00129579642451391045
5162.0 0.080876608973178027    0.00124004160568970401
5179.0 0.079354730929896339    0.00117373339510145757
5196.0 0.071259600284886745    0.00108475051496718369
5213.0 0.066635669989403679    0.00099655633743749895
5231.0 0.062490647594688878    0.00093732991523843927
5248.0 0.060877561270277200    0.00090971440758308637
5266.0 0.061713657638234803    0.00087863361582776658
5283.0 0.060817458328401894    0.00084451137210348642
5301.0 0.060976596735524552    0.00082411355879849154
5318.0 0.062158075917299799    0.00081414803126646272
5336.0 0.065035096922707550    0.00081545141117228873
5354.0 0.065488399487190110    0.00079972012404584095
5372.0 0.063057938888346071    0.00077409781741132142
5390.0 0.062681218120422683    0.00075993903406616954
5408.0 0.057759821733887239    0.00079762551463349656
5426.0 0.063570494283111345    0.00081872407379729114
5444.0 0.067722829672672180    0.00074569541317951490
5462.0 0.071748863912935862    0.00074958275717425357
5480.0 0.073738686110446969    0.00074407336324776492
5498.0 0.078393375815350497    0.00074229485890985080
5517.0 0.081044793074997262    0.00073102463759039068
5535.0 0.083936883766105738    0.00072651354383468879
5553.0 0.084301579285691416    0.00072064778769600384
5572.0 0.086328929306840843    0.00071885743676012301
5590.0 0.088641980432242778    0.00071065867071182676
5609.0 0.086498887073953520    0.00068816293659689474
5628.0 0.085305146780165611    0.00067985411742950592
5647.0 0.083002148320449290    0.00066519793075433902
5665.0 0.082110837660604535    0.00065143833459533804
5684.0 0.081955916354457703    0.00064563398365224782
5703.0 0.080099211981346660    0.00063793348111675508
5722.0 0.078729400760227553    0.00065420320373746419
5741.0 0.079291859674002818    0.00062679579852885500
5760.0 0.082249149948242117    0.00062690296795612870
5780.0 0.081675594784101940    0.00061815340854565941
5799.0 0.081681379504870089    0.00061362957091224367
5818.0 0.083799604859200058    0.00060612443284765224
5838.0 0.082567505386886286    0.00059754909210917549
5857.0 0.081099824389264399    0.00058752582184449067
5876.0 0.079919285727672151    0.00057411617009113286
5896.0 0.075768217190235326    0.00054961275494277637
5916.0 0.079336932518272632    0.00055540711169180679
5935.0 0.077432964611838781    0.00054748666839117088
5955.0 0.077689708260845980    0.00054583833353678336
5975.0 0.075068587459350120    0.00053409268281775970
5995.0 0.067820762645518062    0.00050998231603855782
6015.0 0.063679644550943354    0.00049366435895311647
6035.0 0.053019131273464873    0.00046027324679783892
6055.0 0.043883865126804839    0.00043100213483693496
6075.0 0.033303141607722027    0.00038652128904059763
6095.0 0.035429787336004881    0.00038764968648903630
6116.0 0.043503140577787112    0.00053658433978497370
6136.0 0.050174332352885417    0.00043073477317522529
6157.0 0.056488124515407932    0.00043738346513594274
6177.0 0.061167041011524870    0.00049081757062084414
6198.0 0.064716492173695780    0.00044945820930489196
6218.0 0.067159028734047166    0.00044976048545607199
6239.0 0.069129174138391425    0.00045300890497081229
6260.0 0.068894733670333927    0.00044800822529708135
6281.0 0.066235863302441994    0.00044574198024167287
6302.0 0.066266999611980612    0.00044154624853619349
6323.0 0.066358351861108111    0.00043899170677183877
6344.0 0.064335695405184176    0.00043248745331832543
6365.0 0.063949622995670863    0.00042736491017449828
6386.0 0.063254676957249054    0.00042264701547651623
6407.0 0.061451343374476740    0.00041056475566751520
6429.0 0.059737535925295820    0.00040184458044162992
6450.0 0.058699795317062237    0.00039767261050569511
6471.0 0.056560148251449130    0.00038623267657521824
6493.0 0.055501422269645884    0.00037737884630132995
6515.0 0.052726819243575300    0.00036863829114207027
6536.0 0.051600720958086314    0.00036496089562919180
6558.0 0.050354127162602923    0.00036653275209953541
6580.0 0.049559405353111374    0.00036102108955282452
6602.0 0.048869974978204112    0.00035383623040070904
6624.0 0.047877622862566291    0.00035625019244613201
6646.0 0.046660499017946520    0.00035256689171771075
6668.0 0.045541451283287640    0.00037250315255090972
6690.0 0.045052707945182922    0.00035824079631130066
6713.0 0.044420038208700177    0.00034827801398538527
6735.0 0.042482482171316102    0.00033222515394402404
6757.0 0.042068393900159255    0.00032825406286878921
6780.0 0.040778637479150510    0.00032416215638632334
6803.0 0.039752994057684697    0.00031488168478685329
6825.0 0.039010938811778237    0.00030623966357664419
6848.0 0.038176488102690677    0.00030620548228672362
6871.0 0.036840209305207282    0.00029985396079824678
6894.0 0.036986381352792912    0.00029892743421956145
6917.0 0.036221554852515415    0.00029537112252337312
6940.0 0.035029234710668357    0.00029282993880046102
6963.0 0.034644557863731787    0.00029525248962463557
6986.0 0.034052139697980342    0.00029684694893390245
7009.0 0.035352337715180593    0.00029642737524276160
7033.0 0.033611994933833475    0.00032319846492994363
7056.0 0.034034392235854645    0.00030676652697872925
7079.0 0.033376061565331468    0.00030685107991370637
7103.0 0.033129125779097379    0.00030423693005753873
7127.0 0.031728355130681403    0.00029863294653485544
7150.0 0.030886424244511101    0.00028860391458367075
7174.0 0.032142143136185429    0.00027925107591060511
7198.0 0.032381030678279389    0.00027852715552103912
7222.0 0.030603862266225319    0.00027152650989368014
7246.0 0.029734076782423055    0.00026914688629813634
7270.0 0.029321271092224956    0.00027207890479885854
7295.0 0.028410453988495610    0.00026607263170160873
7319.0 0.027844050357871613    0.00027093886290060988
7343.0 0.026617731641857774    0.00026348935731806738
7368.0 0.026269883236947650    0.00028369146480301143
7392.0 0.023948569209369455    0.00036391705378661482
7417.0 0.024853479568493136    0.00031744980661203154
7442.0 0.024380152829528233    0.00026667528764597411
7466.0 0.023703599481010477    0.00025238998661133408
7491.0 0.023904855291035077    0.00027881003969892345
7516.0 0.023048055565487259    0.00026213357738954672
7541.0 0.024226460462719757    0.00026693883070503214
7566.0 0.023769108243165006    0.00026848645279197559
7592.0 0.023350866971498331    0.00027316336233260092
7617.0 0.023461112723756460    0.00026995640125701044
7642.0 0.024589871351077746    0.00028427940699371588
7668.0 0.024180047970144374    0.00026650625759128561
7693.0 0.023597302798347371    0.00029058570778000187
7719.0 0.024652535058324706    0.00026007215467842591
7745.0 0.025268942060583468    0.00028049017321449493
7770.0 0.025708473314253286    0.00027909983118392631
7796.0 0.025818210463336242    0.00027588265917441316
7822.0 0.026256082578208335    0.00026858686284660788
7848.0 0.026469487198848021    0.00026024470453987834
7874.0 0.025153174905633634    0.00025825601508382536
7901.0 0.024387826930498423    0.00025491224696815463
7927.0 0.022589498538512141    0.00025323692194853466
7953.0 0.023061264810335078    0.00025696116932910244
7980.0 0.023312263251269536    0.00025585788528607639
8007.0 0.023263883864173461    0.00025434434116149287
8033.0 0.023710820287640304    0.00027269711274794940
8060.0 0.023163612221126298    0.00029588617815334199
8087.0 0.022806189441207610    0.00026054032007545087
8114.0 0.023030871817313271    0.00030067478348803396
8141.0 0.019648419358516498    0.00025555512926923196
8168.0 0.017716807572840981    0.00026706719916813935
8195.0 0.019987670337889670    0.00027894891143586802
8222.0 0.021781645459165121    0.00027372983526989747
8250.0 0.023078017391800897    0.00026543342476860731
8277.0 0.023323532107958771    0.00025052931092369877
8305.0 0.023782946794900041    0.00025784663076477662
8333.0 0.026727277408296959    0.00025995561987942592
8360.0 0.028726728601124091    0.00027144355956850200
8388.0 0.029758065628127002    0.00029216966953887389
8416.0 0.030676708713277590    0.00029483898325779242
8444.0 0.031049621530463242    0.00027437758523264774
8472.0 0.030707765003608150    0.00026994940210070615
8500.0 0.031068164149477953    0.00030569637928412965
8529.0 0.031339031480465282    0.00032539434187662554
8557.0 0.029989143303566855    0.00029401401564124860
8586.0 0.028955453331651913    0.00032511098332244212
