#@Telescope UH88 
#@Reference Saunders et al. (2018) 
#@Redshift 0.0  
#@Spectrum Train_SN13_3.dat 
#@SN-Name Train_SN13  
#@Phase 2.532 
#@Survey SNFactory 
#@SN-Type SNIa 
#@Units Flux 
# 
# WAVE : 
# SN_SPEC : 
# SN_ERR : 
#end 
3305.0 0.099427430542303213    0.0146897052763320310
3317.0 0.082241198811487878    0.0141174254852142050
3328.0 0.115936771938375593    0.0141291178671094069
3339.0 0.102697239402282245    0.0136216428668723133
3350.0 0.120096120699180742    0.0134094717641198673
3361.0 0.118365442055361703    0.0129350401274609811
3372.0 0.113950178859699283    0.0129345519952621061
3383.0 0.127200143040131719    0.0132717052618413125
3395.0 0.143718867352557900    0.0133025833325093913
3406.0 0.139998291307216166    0.0127418232198730705
3417.0 0.134129891752786667    0.0124249904685882831
3429.0 0.150046913749261213    0.0123058705904306991
3440.0 0.128421640610231147    0.0117102632929208268
3452.0 0.136114783538196088    0.0119422739714700622
3463.0 0.127278982157611159    0.0118809644870145892
3475.0 0.141797443300188425    0.0118439015614785949
3486.0 0.133305988250019714    0.0113417813895688759
3498.0 0.147532382799677397    0.0113898109637424316
3509.0 0.169875658360373660    0.0116005936231275177
3521.0 0.163563607536011624    0.0115814297278848920
3533.0 0.191150897383355445    0.0115237415716316401
3545.0 0.179456572020639055    0.0110886609602827788
3556.0 0.196192872602947738    0.0107536925269371333
3568.0 0.199854451229058455    0.0105377310832495234
3580.0 0.192902828458866110    0.0103702400513942632
3592.0 0.184253031028417696    0.0102069801146592483
3604.0 0.181016158113225190    0.0102505844739586693
3616.0 0.169011405033443862    0.0102916377690723832
3628.0 0.179789634268386400    0.0102724233637742600
3640.0 0.180146050217107889    0.0100946767802062680
3652.0 0.204064601716216099    0.0100840298461697345
3664.0 0.181024530166594616    0.0096038752655004181
3677.0 0.189514844790316717    0.0100154694896890367
3689.0 0.156252160892415781    0.0096745133573043762
3701.0 0.117174775185889590    0.0092910524134853581
3714.0 0.099806655020473575    0.0094493127470036183
3726.0 0.078444605997902470    0.0097725853126669881
3738.0 0.082838334521678575    0.0092078688184737915
3751.0 0.102771474658883241    0.0088803758511431050
3763.0 0.096590260508796461    0.0084640601681016704
3776.0 0.094755658485080080    0.0082147838914882771
3788.0 0.090735410376345638    0.0082608061301455392
3801.0 0.106223403267447350    0.0086183305535750630
3814.0 0.124139773193635616    0.0088807544660242932
3826.0 0.135690499530819020    0.0091710420645818944
3839.0 0.156671414893439137    0.0090623411591128321
3852.0 0.181633271767895177    0.0089216502931662774
3865.0 0.225057112086665984    0.0090931104440465579
3878.0 0.252880101703235494    0.0091747724529143426
3891.0 0.285838999179786002    0.0093275963604353522
3904.0 0.277064299828911453    0.0091907320678227718
3917.0 0.310097750208176481    0.0094285993517220848
3930.0 0.324289223926449377    0.0094114020882219481
3943.0 0.335864620305671713    0.0094006680691699155
3956.0 0.306265997613446472    0.0090956470512053248
3969.0 0.257913538058343050    0.0086223652324503748
3982.0 0.201414395134892454    0.0082217389448905869
3995.0 0.192433050588625837    0.0080579125732572650
4009.0 0.204571698849611155    0.0079211565107501387
4022.0 0.203105007176923147    0.0081237389876896784
4036.0 0.237374936522903701    0.0083125158974147479
4049.0 0.247933277903662819    0.0082897133342571937
4062.0 0.281865352501010524    0.0086812528857474845
4076.0 0.297693998028416063    0.0087888602549886438
4090.0 0.282758284157941187    0.0085325242998711675
4103.0 0.286171649430406072    0.0084688520939552817
4117.0 0.271295046066719836    0.0083515007796695663
4131.0 0.265097714227194248    0.0082979718210401121
4144.0 0.257008016462447642    0.0082794589223430196
4158.0 0.262638698448430408    0.0084256887195906828
4172.0 0.266929684489115082    0.0084276000069024529
4186.0 0.258631320788149988    0.0083739833812511780
4200.0 0.252645431034497103    0.0082323511107514902
4214.0 0.247734667190648350    0.0081403451160055890
4228.0 0.236484487537132748    0.0080387706228415672
4242.0 0.230927329813874288    0.0080666744627810750
4256.0 0.219141107310961675    0.0079213563512156322
4270.0 0.188539230597898066    0.0075277133253823418
4284.0 0.178434171778971529    0.0073607982987279608
4299.0 0.140179941278799541    0.0069972912460163168
4313.0 0.130401920348558409    0.0068224722849208235
4327.0 0.149266714657515925    0.0070017207084664343
4342.0 0.146715612018493730    0.0070459828694416039
4356.0 0.163537998112872868    0.0071744446587803379
4371.0 0.169495411208996943    0.0070633973708239348
4385.0 0.173255990094864615    0.0071159009142505083
4400.0 0.159085770246871983    0.0070516890688121139
4415.0 0.155517882950461095    0.0069274183153270070
4429.0 0.171664651021970982    0.0070039435036317156
4444.0 0.195384082554476979    0.0072462551946957561
4459.0 0.195927765082473448    0.0071753864181795420
4474.0 0.209722642283718369    0.0072902432837562217
4489.0 0.230953181393554419    0.0074187972432461407
4504.0 0.226784084762293336    0.0074113047644280769
4519.0 0.241342113463660662    0.0074877142586451647
4534.0 0.253501852365083435    0.0075627636089676256
4549.0 0.235729923900221822    0.0075614876487123863
4564.0 0.212785461366236162    0.0074820948256029947
4579.0 0.226427415908266982    0.0076916236639027972
4594.0 0.233440488733389767    0.0078503561116635440
4610.0 0.241900346413113226    0.0081450412403678146
4625.0 0.226409584495594562    0.0085460394921984175
4640.0 0.207484456640044723    0.0089493183518683361
4656.0 0.194277584604531844    0.0093812457478875781
4671.0 0.170459134249113853    0.0099758263752355632
4687.0 0.178297142857028690    0.0109174448130128776
4703.0 0.196218017763590213    0.0115248935558100608
4718.0 0.162951661897329042    0.0113444268802499800
4734.0 0.181494567922819844    0.0111841901849782446
4750.0 0.166815789424727551    0.0100382341044674851
4766.0 0.146362074732088510    0.0096100975757775018
4781.0 0.145406763335726025    0.0097118075241944910
4797.0 0.143579799558324644    0.0155675052636191531
4813.0 0.142955219600603090    0.0146219730444876825
4829.0 0.145201938875391873    0.0118332475083557515
4846.0 0.129865644963463756    0.0104423702811651323
4862.0 0.092718222569430131    0.0097737423179461071
4878.0 0.099752719365814840    0.0096430832092173711
4894.0 0.123510665631944211    0.0094801052374511793
4910.0 0.128977081501257418    0.0091332973122005261
4927.0 0.145533942078753753    0.0089108893856299533
4943.0 0.147233252460386765    0.0084263467883872994
4960.0 0.171768700549759623    0.0078529310437498827
4976.0 0.138286171616529591    0.0071826861971990563
4993.0 0.139354186681222292    0.0070085761904281592
5009.0 0.144402261035878693    0.0067744094249513965
5026.0 0.142582789642921620    0.0064060761551588781
5043.0 0.136878346625783354    0.0062230125879106134
5060.0 0.157348781662134507    0.0061585474333706340
5076.0 0.162916477016511768    0.0060141482407047872
5093.0 0.169384555030261147    0.0058868247552801992
5110.0 0.174491127761345483    0.0058193181756618431
5127.0 0.171845902960571756    0.0056806969024174453
5144.0 0.175519606281950347    0.0056196524402054226
5162.0 0.168573449485330651    0.0053969104675465063
5179.0 0.155915411453741076    0.0053450233126227584
5196.0 0.169059039496474633    0.0065052527695229406
5213.0 0.165119493991235711    0.0050501631432666632
5231.0 0.179615230496965123    0.0049849312973666571
5248.0 0.151135232943496040    0.0047724947024911932
5266.0 0.130691058634695240    0.0045294428316838119
5283.0 0.123503831104570569    0.0043384708057796276
5301.0 0.120564638759348433    0.0041969392754460325
5318.0 0.124460051470178759    0.0041798109261306417
5336.0 0.126701116471630459    0.0041624406646683905
5354.0 0.127455324282337246    0.0040624940783192025
5372.0 0.128438830641335544    0.0039971282782339827
5390.0 0.121269570112092689    0.0038622052092281839
5408.0 0.120767598782113031    0.0037935954292173742
5426.0 0.123746489561352216    0.0037718841904744384
5444.0 0.112315376541750736    0.0036578005230874563
5462.0 0.103385521084038035    0.0035869546703705363
5480.0 0.100214085251607701    0.0036521483195174607
5498.0 0.102799801972855639    0.0035160987928085450
5517.0 0.117281329860532607    0.0034750508146111753
5535.0 0.132341512828041102    0.0035106731367498213
5553.0 0.137556552676429522    0.0034967046645290219
5572.0 0.145261687502748593    0.0034934213659356967
5590.0 0.149665831096384483    0.0034440729373922036
5609.0 0.146266167278141374    0.0033528101105040403
5628.0 0.140489651496327972    0.0033178593305380291
5647.0 0.139241414660955770    0.0032605882704571966
5665.0 0.137895516898714043    0.0031917736175730536
5684.0 0.141612195702251614    0.0031645553937988918
5703.0 0.135819349832149605    0.0031075602999220118
5722.0 0.128485447758443089    0.0030374088829247092
5741.0 0.106693725043708720    0.0028846166077768098
5760.0 0.096409287874403823    0.0027901736751148720
5780.0 0.105248230436218879    0.0028057971120001675
5799.0 0.111677237474970881    0.0028282060206601869
5818.0 0.119749751143011895    0.0027991910389439769
5838.0 0.127928353280317209    0.0028332175431581542
5857.0 0.132545713679793536    0.0032514184283492079
5876.0 0.134685623263260390    0.0029557088722660203
5896.0 0.133641969919312487    0.0027431258024591221
5916.0 0.141898491575005281    0.0028776562698052035
5935.0 0.130130399487410925    0.0027284070783227554
5955.0 0.128806395715942906    0.0026662722142443392
5975.0 0.129441753772743307    0.0026682114194238583
5995.0 0.129144543644809651    0.0026356408196618595
6015.0 0.122649651792978293    0.0025954189167786972
6035.0 0.106628408769136082    0.0024864447779940173
6055.0 0.098168820634092338    0.0024369332074932410
6075.0 0.072030438580697853    0.0022445812275125347
6095.0 0.057692004920748219    0.0021114319529233309
6116.0 0.043737641236964157    0.0019979612081907493
6136.0 0.045343826418207021    0.0019492339288733336
6157.0 0.051354768274323698    0.0019762088987525231
6177.0 0.054950802458060242    0.0019856173084250393
6198.0 0.066716408200631100    0.0020252121541187128
6218.0 0.083697821398766512    0.0020958341109909647
6239.0 0.094800407912618539    0.0021563718930777465
6260.0 0.105909926069055582    0.0021882885027564004
6281.0 0.108619828880312422    0.0021850262193754445
6302.0 0.114387210676928100    0.0022017755711654947
6323.0 0.119547060317621676    0.0022071007030222667
6344.0 0.119785949281035850    0.0022001724378852287
6365.0 0.120874875328889617    0.0022440416319286609
6386.0 0.115183227129641533    0.0022879788819645127
6407.0 0.108986750499511828    0.0022665214730416480
6429.0 0.108720356392768031    0.0021976549962818420
6450.0 0.104895119828068706    0.0021251256035176723
6471.0 0.102061665977964955    0.0020713884577610595
6493.0 0.094991563442696034    0.0019960996466474941
6515.0 0.093646561156819172    0.0019492110905743795
6536.0 0.090221714710989331    0.0019358518021617150
6558.0 0.087579126463607840    0.0019345279279309130
6580.0 0.087336229849282090    0.0019192153982306873
6602.0 0.082418435269474344    0.0018875868267607034
6624.0 0.083760405951398401    0.0018784428583404360
6646.0 0.078041103285167751    0.0018553310900358900
6668.0 0.075912889703897049    0.0018328940676942721
6690.0 0.075126446122278923    0.0018415508668767739
6713.0 0.076170202638248460    0.0018084403440246036
6735.0 0.074513137255042397    0.0019460304682091341
6757.0 0.068745296948272624    0.0018270256422949023
6780.0 0.069585226883871767    0.0019500876642976736
6803.0 0.062724110359865332    0.0018152801949570059
6825.0 0.067970065302891847    0.0018465097257961412
6848.0 0.063497740911074990    0.0017825086812799885
6871.0 0.061261286274200306    0.0017326390343509383
6894.0 0.061173792409008845    0.0017274722755873755
6917.0 0.052918289325995002    0.0016473159378262512
6940.0 0.056285106180958965    0.0016370450792180097
6963.0 0.058771130396064436    0.0016968605720186149
6986.0 0.053553495654108212    0.0015962747472960765
7009.0 0.052137753943602615    0.0016881092004131339
7033.0 0.052362578260524595    0.0016085529536444712
7056.0 0.054622103090991164    0.0016714636833410996
7079.0 0.051083868683838726    0.0026123899240171047
7103.0 0.049281238680031536    0.0021297425579988472
7127.0 0.054156739580492212    0.0018243464080575579
7150.0 0.051282526573363615    0.0016130344287282237
7174.0 0.046334649806304661    0.0017417334173053295
7198.0 0.047037875031785553    0.0016246926743605789
7222.0 0.047487059967472954    0.0017562743728083885
7246.0 0.046295131733374392    0.0017058925717361832
7270.0 0.048925762127254489    0.0017274217049082997
7295.0 0.046967402333735669    0.0016662400857897787
7319.0 0.043940307654271066    0.0018234030504903560
7343.0 0.041894902125829019    0.0017002065917116668
7368.0 0.044344546715867447    0.0018117801381503981
7392.0 0.034476787040829175    0.0015718282352675586
7417.0 0.033376912390790568    0.0016727178716429729
7442.0 0.029321765322902697    0.0016353600152003945
7466.0 0.025057790758162078    0.0015856704576887428
7491.0 0.024126449698765578    0.0014563132982543131
7516.0 0.024291400704159683    0.0014545366026621517
7541.0 0.026163186046695600    0.0014691202062806108
7566.0 0.027275656807360604    0.0014662780618539724
7592.0 0.027715333146936003    0.0015033543432361953
7617.0 0.032012050501552029    0.0015270157316987496
7642.0 0.034571308338862017    0.0015260258000739668
7668.0 0.038122803493771791    0.0015684051127559087
7693.0 0.038368793654983524    0.0015704437703023286
7719.0 0.038655987601761602    0.0018835663083508866
7745.0 0.037473282696740488    0.0015956239605621867
7770.0 0.045699589210979955    0.0019880657475721255
7796.0 0.045636341713495426    0.0016951443506138951
7822.0 0.042624150497215206    0.0018625058988087709
7848.0 0.038916112720772313    0.0018254448011708520
7874.0 0.041879530923930167    0.0018074694782350196
7901.0 0.038906036471630635    0.0015991787611569833
7927.0 0.035359776233178986    0.0015694621845330301
7953.0 0.034444865152876293    0.0015521912428206235
7980.0 0.033908003715717963    0.0015007548959676059
8007.0 0.034238980507325101    0.0015419494485806209
8033.0 0.028493020792229245    0.0018372865769082896
8060.0 0.029133026221309533    0.0018744089794848666
8087.0 0.025436345786613392    0.0015773410989248112
8114.0 0.024939794311015017    0.0014432714582710627
8141.0 0.022569497350882615    0.0015051008808186772
8168.0 0.017298275987011072    0.0019383084560003826
8195.0 0.021768874630393110    0.0014856534203992490
8222.0 0.013069046173891548    0.0020240525753634298
8250.0 0.016341974189197160    0.0015617978434182920
8277.0 0.019617689215963293    0.0018702571167922876
8305.0 0.020761894596140310    0.0018555065013663419
8333.0 0.018079016713959922    0.0017866593797360919
8360.0 0.017984950171358004    0.0015894151748741111
8388.0 0.023010317794856266    0.0017132361153552667
8416.0 0.026938071799947078    0.0016721321409673439
8444.0 0.035145112355030726    0.0016517377853584472
8472.0 0.032410315895572146    0.0016827971334853053
8500.0 0.040361420928480836    0.0017070605928605693
8529.0 0.036724049404935642    0.0017615517803272224
8557.0 0.040618903581544151    0.0017584354851225917
8586.0 0.040819761607604046    0.0018703674794842921
