#@Telescope UH88 
#@Reference Saunders et al. (2018) 
#@Redshift 0.0  
#@Spectrum Train_SN5_0.dat 
#@SN-Name Train_SN5  
#@Phase -2.633 
#@Survey SNFactory 
#@SN-Type SNIa 
#@Units Flux 
# 
# WAVE : 
# SN_SPEC : 
# SN_ERR : 
#end 
3305.0 0.121505378476340783    0.0266383682899890804
3317.0 0.170144438200484527    0.0270539912992928296
3328.0 0.208476739321566601    0.0267398298976625239
3339.0 0.187251810907741040    0.0254885402157926828
3350.0 0.144565368608903733    0.0239125071797898665
3361.0 0.185035178505443348    0.0237415596282378565
3372.0 0.164582880758783384    0.0234395191403797207
3383.0 0.184735376451307720    0.0235861855894382959
3395.0 0.116085254034541133    0.0224990623887841544
3406.0 0.179191264026953567    0.0221701065276753186
3417.0 0.182543958394120631    0.0216166597968182328
3429.0 0.192059249599712045    0.0213743814971864947
3440.0 0.195674981755212779    0.0206717391700168042
3452.0 0.211763565497303241    0.0211818131652627903
3463.0 0.230833831722286414    0.0214348357429048966
3475.0 0.203916484371726964    0.0207986937105395890
3486.0 0.264133829104945983    0.0205852435319377712
3498.0 0.318905263949537721    0.0207772769662029171
3509.0 0.278840084376885788    0.0202361416417456245
3521.0 0.247263832593401234    0.0198789447030942139
3533.0 0.271272628142138317    0.0195252416520147985
3545.0 0.283721721652774428    0.0188786602201342912
3556.0 0.248069701043722002    0.0181093235979095067
3568.0 0.232862281891593081    0.0174154607129063735
3580.0 0.184144633824910808    0.0165019290805550924
3592.0 0.133965292367213273    0.0161380020967307886
3604.0 0.149608736096123685    0.0162768563079662663
3616.0 0.099159644472870817    0.0158203074760247218
3628.0 0.064138322939704326    0.0152612359913525588
3640.0 0.080498965995601718    0.0148736333167785936
3652.0 0.089635512849066540    0.0143879638786265987
3664.0 0.073569201209015486    0.0142689558085059790
3677.0 0.068118171676156761    0.0143388956200624085
3689.0 0.070195596905082591    0.0142696568080256971
3701.0 0.080843259243546711    0.0143050257805500507
3714.0 0.093208388230690956    0.0146941347284143091
3726.0 0.124238469248272934    0.0158981134854331088
3738.0 0.120158649973707912    0.0146429827913733025
3751.0 0.123673481754902836    0.0138931401140290102
3763.0 0.163123241113014905    0.0137397669881691772
3776.0 0.138102487511554795    0.0129861803679702115
3788.0 0.157754340270581050    0.0133217881707584015
3801.0 0.188378230627645915    0.0139272274406925748
3814.0 0.203681185316241437    0.0143679235486794381
3826.0 0.224387753196926304    0.0147789847544307733
3839.0 0.288250704272822567    0.0148562891688625767
3852.0 0.324016021796168618    0.0143430410023167847
3865.0 0.359263281462706752    0.0143859555418780882
3878.0 0.342125153734690990    0.0140591041410045650
3891.0 0.385539187808882189    0.0142485152792637716
3904.0 0.383147358719056752    0.0141828743916180156
3917.0 0.387038357289844592    0.0139675809368603483
3930.0 0.356225716305426765    0.0135943953770878961
3943.0 0.347833436076451896    0.0132205913442271245
3956.0 0.312706133907379724    0.0130449401935521479
3969.0 0.311610077785440864    0.0128210708286600403
3982.0 0.325081661126021104    0.0128904720547495574
3995.0 0.348501310654610374    0.0129269692019175868
4009.0 0.348399935558049212    0.0125382207602301472
4022.0 0.359034797567163555    0.0127908734797121133
4036.0 0.390338261266637288    0.0129591290701722688
4049.0 0.385646219321391870    0.0127280108892365382
4062.0 0.389676658929105191    0.0129853939762468226
4076.0 0.388629595873645817    0.0129677145354546910
4090.0 0.395519994859838908    0.0127371330488177618
4103.0 0.359115723207158399    0.0123153892270153002
4117.0 0.345751052705253303    0.0121063307741574588
4131.0 0.352517561083006026    0.0120584797552633106
4144.0 0.319472763565912976    0.0118532063637400726
4158.0 0.310337902759366402    0.0118875459563643360
4172.0 0.314257006099774971    0.0118994692690050519
4186.0 0.287377640463888917    0.0116319765121637043
4200.0 0.269805040155578990    0.0113547474579235551
4214.0 0.257664231089533236    0.0111227752242001911
4228.0 0.235973850143860103    0.0110084331016573594
4242.0 0.213570114209647638    0.0108377358064521128
4256.0 0.190990367816280093    0.0105244062561380483
4270.0 0.189436281675760237    0.0102501051112490974
4284.0 0.210047594190513581    0.0102089809627551285
4299.0 0.200372960315168797    0.0099926406788658807
4313.0 0.224529080483966165    0.0101404901836803611
4327.0 0.206998784474552416    0.0099773145467090471
4342.0 0.217846081063785973    0.0102042170080491948
4356.0 0.208407025833179993    0.0099851214202153239
4371.0 0.235604469572668979    0.0101183680168533720
4385.0 0.218835952425443375    0.0099127273380060360
4400.0 0.196062008832072698    0.0098451007340620254
4415.0 0.200576287481091103    0.0096827768775000836
4429.0 0.199045079353595250    0.0096965104342720473
4444.0 0.216562240890694729    0.0098257863437831647
4459.0 0.227623883645245328    0.0097706124617013574
4474.0 0.259371375549594829    0.0100300952858458896
4489.0 0.268502324878811538    0.0100276601846458775
4504.0 0.258598968886041891    0.0099376241127242613
4519.0 0.271865861916449403    0.0100474429807850332
4534.0 0.285041234001461974    0.0100989371308102208
4549.0 0.279926400534183939    0.0101597958721272204
4564.0 0.264848806619499111    0.0101075034126215206
4579.0 0.250163106932625945    0.0101547026202774525
4594.0 0.264162107870461571    0.0105214573812277053
4610.0 0.242486380700396936    0.0104863552935159435
4625.0 0.230132124554650097    0.0109425548467813223
4640.0 0.216765859277346234    0.0115158254069810811
4656.0 0.233893399746965047    0.0123927367464046669
4671.0 0.223810556677891181    0.0134277019179152562
4687.0 0.184275840524121298    0.0142140966097882449
4703.0 0.181903810253728815    0.0149789102804239443
4718.0 0.166975482956363913    0.0147079516184891474
4734.0 0.180536518150639314    0.0144919093431723402
4750.0 0.175566157527982603    0.0133503740321510422
4766.0 0.191128801827276318    0.0132109080724827545
4781.0 0.176385656103966282    0.0133629734624765191
4797.0 0.135023961259042646    0.0241395981863307442
4813.0 0.115381155346781297    0.0210210825153756831
4829.0 0.122274794196389286    0.0167298930023514758
4846.0 0.115264875575799494    0.0145473291693856872
4862.0 0.149912823596648731    0.0142743658213848428
4878.0 0.166137894176927647    0.0143254962406234500
4894.0 0.147117098641515148    0.0136274191141610417
4910.0 0.167438310993389766    0.0131448892829959616
4927.0 0.152763851870088563    0.0124292735530499299
4943.0 0.170688719705306968    0.0116205172797286434
4960.0 0.135637847045292276    0.0105711707527113598
4976.0 0.125526569887580874    0.0098531264384063150
4993.0 0.134069599152840530    0.0095449935337750154
5009.0 0.166642948368495858    0.0093294901031864899
5026.0 0.177000894318776025    0.0088769135680315959
5043.0 0.190003220548138202    0.0087223285147871449
5060.0 0.185753049997743169    0.0084004142651151782
5076.0 0.197392544706183365    0.0082393633565615906
5093.0 0.195297307565273692    0.0079667222065659248
5110.0 0.207922048562226847    0.0078300263594399920
5127.0 0.184556833559749528    0.0075431903595514554
5144.0 0.177739438409236533    0.0073169332627621934
5162.0 0.180700072971162973    0.0072324217982979201
5179.0 0.185662499883957249    0.0071636350098127763
5196.0 0.185339788257577298    0.0078473812235733322
5213.0 0.150541880210861262    0.0064269391219820074
5231.0 0.145193535291889830    0.0061940070938075248
5248.0 0.126930834863545505    0.0059729554666368423
5266.0 0.132393583439929380    0.0058624383148651983
5283.0 0.129750958083877294    0.0056479883372217475
5301.0 0.116820711163951707    0.0054208845028760472
5318.0 0.124724871222458802    0.0053840989719097249
5336.0 0.131571766505830190    0.0053602147477878996
5354.0 0.136669515776840972    0.0052977332535860374
5372.0 0.137448876216284432    0.0051538056434534988
5390.0 0.130482721068664292    0.0050100394943690509
5408.0 0.122520467366200134    0.0048520608275283471
5426.0 0.129449492282160045    0.0048179788906529313
5444.0 0.120978701396182983    0.0047378512194412538
5462.0 0.130017195364633908    0.0048268131978745988
5480.0 0.147761289402864704    0.0052154088938346638
5498.0 0.159503840264111074    0.0048851204665366988
5517.0 0.160009480107974750    0.0047470090235970566
5535.0 0.158233643332314128    0.0045821830846620492
5553.0 0.165969833634213970    0.0045845746447575357
5572.0 0.163724989596957110    0.0044981956001813126
5590.0 0.164305970622479591    0.0044208058805228637
5609.0 0.166756603578747747    0.0042975052380610215
5628.0 0.168549670424758602    0.0042497352016676072
5647.0 0.167812756395274709    0.0042106380806351306
5665.0 0.161421812018471972    0.0040948309255763385
5684.0 0.151220780913905672    0.0039742691744223974
5703.0 0.153232312049329772    0.0039331571657298088
5722.0 0.154108822443233595    0.0038968514201753479
5741.0 0.143225525367601636    0.0038063868894799811
5760.0 0.149018773823079487    0.0037697077939814957
5780.0 0.162953844114636676    0.0038187304902727336
5799.0 0.143339595082181803    0.0037509924474165646
5818.0 0.155495391913683861    0.0037001038587965731
5838.0 0.147055954227016450    0.0036239219946658007
5857.0 0.140617207429236141    0.0038911155896754613
5876.0 0.143485163476400696    0.0035542578504330984
5896.0 0.152884651249035858    0.0034474941213785298
5916.0 0.150645093738909747    0.0034978848334062881
5935.0 0.151581321309921968    0.0033903142323734006
5955.0 0.143179640834554339    0.0032883578309917333
5975.0 0.144845522304347385    0.0032918433974487449
5995.0 0.139534777924105347    0.0032204721701040080
6015.0 0.126277227478450105    0.0031774004004901800
6035.0 0.095736811112004355    0.0029171513846677965
6055.0 0.080501605266017920    0.0028527949538669811
6075.0 0.058201340707079705    0.0026553159107979892
6095.0 0.054329328727217817    0.0025725206208097652
6116.0 0.050799901982163144    0.0025139419529038023
6136.0 0.065476100649834487    0.0025261153984255094
6157.0 0.070191871442590842    0.0025150707856616042
6177.0 0.085403004721064532    0.0025872577061896444
6198.0 0.097933720407341690    0.0026139455665608233
6218.0 0.113655690359693348    0.0026656143325935354
6239.0 0.119790468018718829    0.0026834047279831190
6260.0 0.123356570437677809    0.0026702204137831818
6281.0 0.138369295222785960    0.0027369386713281250
6302.0 0.132024227160197072    0.0026650278188079159
6323.0 0.137315630315175852    0.0026767039375929888
6344.0 0.129208116406765217    0.0026457679617950570
6365.0 0.121687562691865592    0.0027192052367343176
6386.0 0.123321716266913753    0.0028238447730921773
6407.0 0.120103450797734532    0.0027598942341762506
6429.0 0.118359872381084738    0.0026614481767973960
6450.0 0.114566409748021639    0.0025690938462305511
6471.0 0.108352001919907459    0.0024953958829254238
6493.0 0.106153722112072385    0.0024160229547987772
6515.0 0.097789538232244178    0.0023062795334223589
6536.0 0.096185964309897995    0.0022730188176441741
6558.0 0.093745713321821203    0.0023103993307354905
6580.0 0.089186440322648802    0.0022741035798307710
6602.0 0.087633112484958878    0.0022167467675138870
6624.0 0.083893483749943515    0.0021608917449491161
6646.0 0.083517969253366159    0.0021855962272137172
6668.0 0.086679698161297211    0.0021790851500675876
6690.0 0.079757111070631215    0.0021294361387519151
6713.0 0.074089907930429813    0.0020560115563425705
6735.0 0.071683093347573446    0.0023923723527571506
6757.0 0.070207328494901217    0.0021718423089533909
6780.0 0.075799932688629557    0.0024228223208236917
6803.0 0.070855287128490194    0.0022579494116786725
6825.0 0.067882952499263807    0.0022632772390179371
6848.0 0.073634800958460811    0.0021998498584636247
6871.0 0.068424396513200744    0.0020832246677753010
6894.0 0.066302011175050093    0.0020697571918621782
6917.0 0.066640861059729578    0.0020172964469233521
6940.0 0.065954328409883606    0.0019607139318087684
6963.0 0.063291382616768130    0.0020632247249911008
6986.0 0.059356339179045828    0.0018929037926875589
7009.0 0.061216993541875389    0.0020684476561700876
7033.0 0.059527574776841986    0.0019376682776340397
7056.0 0.059966066004663872    0.0019971078000585517
7079.0 0.057875572726544124    0.0032531521433699067
7103.0 0.061345348285572941    0.0026787082966791432
7127.0 0.058110236574001356    0.0021740123067821178
7150.0 0.058478123832144679    0.0019075768944008535
7174.0 0.062114991800045857    0.0022771930654404654
7198.0 0.054951522452100492    0.0019753497732842426
7222.0 0.059570721280488931    0.0022194034373099469
7246.0 0.057136399663850687    0.0021397225476647735
7270.0 0.054134788125400131    0.0021646294159255041
7295.0 0.049795138171786407    0.0020402585957064461
7319.0 0.052681806968850275    0.0023662395378097911
7343.0 0.052608689720031847    0.0021154308061764747
7368.0 0.047014478440190272    0.0023427803551607793
7392.0 0.040649656274176799    0.0019180630148995222
7417.0 0.044337898966112538    0.0021497798655410192
7442.0 0.038237508494723217    0.0020770801518601948
7466.0 0.042960530288075165    0.0020838035165473821
7491.0 0.038833266913762363    0.0018555789752407001
7516.0 0.043326468874850949    0.0018283891788602295
7541.0 0.043546728190684364    0.0018351653263626083
7566.0 0.047079682809979179    0.0018195666912005366
7592.0 0.044490669985583001    0.0018201462275063589
7617.0 0.040622956414629929    0.0017777635833103669
7642.0 0.049445520127892509    0.0018201875284593663
7668.0 0.044490907018639517    0.0018131671313552662
7693.0 0.041588745260562984    0.0018654772445750973
7719.0 0.039951525041818134    0.0023981773168879113
7745.0 0.039597670685487966    0.0018499792557186950
7770.0 0.046506425056115443    0.0025581082181857285
7796.0 0.042746345517655944    0.0020014757993149150
7822.0 0.038424708668566121    0.0023224387640922140
7848.0 0.037259576276159424    0.0022696279859592159
7874.0 0.042915099778881756    0.0022406237856709495
7901.0 0.032045094276859934    0.0018478718661958399
7927.0 0.029017419758191925    0.0017979721322049363
7953.0 0.024697718376220278    0.0017703654286995538
7980.0 0.026323980288580764    0.0016654893762017993
8007.0 0.029420101880759882    0.0017406689062770800
8033.0 0.032072677681801651    0.0020834762192194485
8060.0 0.033498772814565293    0.0021406415112539311
8087.0 0.032424458763238066    0.0017846289092567945
8114.0 0.029693995276462052    0.0016945097707271339
8141.0 0.026719032303594702    0.0018684050957225133
8168.0 0.029011059841878947    0.0025807368798786319
8195.0 0.023613858034034735    0.0017693365134224149
8222.0 0.027956392249817073    0.0027181464215453480
8250.0 0.023732730737831418    0.0019451310627442799
8277.0 0.025647453418234080    0.0024234621027552205
8305.0 0.025485028520683878    0.0023755496880086819
8333.0 0.030842796781951606    0.0023628596014630019
8360.0 0.034806381717440785    0.0020021125748004719
8388.0 0.036901570453192464    0.0020641924301438258
8416.0 0.044908875104171547    0.0020533698144200498
8444.0 0.040695968777369279    0.0018636867411178457
8472.0 0.045997918884772511    0.0019845859629951087
8500.0 0.046719630454500588    0.0019233464136107767
8529.0 0.041927991555558743    0.0019958577826649977
8557.0 0.040467363403440995    0.0019271206345322677
8586.0 0.039414243485617076    0.0020061433343956867
