#@Telescope UH88 
#@Reference Saunders et al. (2018) 
#@Redshift 0.0  
#@Spectrum Train_SN96_2.dat 
#@SN-Name Train_SN96  
#@Phase -0.910 
#@Survey SNFactory 
#@SN-Type SNIa 
#@Units Flux 
# 
# WAVE : 
# SN_SPEC : 
# SN_ERR : 
#end 
3305.0 0.131943516387840826    0.00432368057178708198
3317.0 0.149859462111215702    0.00417574678722745351
3328.0 0.168769186726111797    0.00417695850194323062
3339.0 0.173756286653490910    0.00409146843451515477
3350.0 0.180459258269801026    0.00387879807179095440
3361.0 0.178741188811992413    0.00394695623665780506
3372.0 0.182260580423251328    0.00389220393368963462
3383.0 0.178038242640019995    0.00385755028400556208
3395.0 0.181317954978674506    0.00382421128592498084
3406.0 0.180967826533080356    0.00379819039717092365
3417.0 0.183566441415565024    0.00369504993857227085
3429.0 0.199320363784306703    0.00365102831078597569
3440.0 0.197262286382612728    0.00368669969295958586
3452.0 0.199047880843521596    0.00374034917881624091
3463.0 0.194576141724932178    0.00367638064643155578
3475.0 0.213316572737060645    0.00354703017398333084
3486.0 0.235282064797627283    0.00340925922758955917
3498.0 0.237260803247129254    0.00359746845168104710
3509.0 0.240354061532690733    0.00348064769530622743
3521.0 0.248463960547112755    0.00360729562694131738
3533.0 0.246589861942725058    0.00358765105255144960
3545.0 0.258578035295207564    0.00352886628043942892
3556.0 0.251820369673380451    0.00350874630377539165
3568.0 0.237922943814058846    0.00336033309064355870
3580.0 0.229118100778364586    0.00320905852085691910
3592.0 0.212657882038958329    0.00317900640514321873
3604.0 0.211849563211034320    0.00309516910939665281
3616.0 0.200113147069576724    0.00304057101243219606
3628.0 0.191237531660830296    0.00290084174997560021
3640.0 0.177053119848599921    0.00278350647409082632
3652.0 0.156578292839141153    0.00275934967262810938
3664.0 0.137385133066050463    0.00269565235247810550
3677.0 0.128354744820289246    0.00277098914766544125
3689.0 0.128479989856633364    0.00260557020511940343
3701.0 0.126816673069368890    0.00261964866277621458
3714.0 0.140103230198689283    0.00244066147182270959
3726.0 0.162157714464955000    0.00235119541168361205
3738.0 0.175714865008505611    0.00251927744644789243
3751.0 0.176061418371910278    0.00256436424109923473
3763.0 0.177279604795935880    0.00259062556394781124
3776.0 0.170366947743286756    0.00246907421191065474
3788.0 0.178648239641262363    0.00256689576107034263
3801.0 0.188098053888978350    0.00261759200618308244
3814.0 0.195529810401563586    0.00251576633502528140
3826.0 0.217685913828762984    0.00235921324379301505
3839.0 0.248544952728568025    0.00268584970668612946
3852.0 0.284713931726972291    0.00266615649552760358
3865.0 0.307932037184320828    0.00278379430723450696
3878.0 0.321766915913873075    0.00311243138242491696
3891.0 0.346027288160610569    0.00313509229886935930
3904.0 0.362713157063654146    0.00305861082831541259
3917.0 0.350167110670917547    0.00294984769235856654
3930.0 0.312385977729344455    0.00281077681455059545
3943.0 0.285723035716725360    0.00268608713908405220
3956.0 0.266102569050889637    0.00262348544099780603
3969.0 0.251675361920400464    0.00261206032570894487
3982.0 0.248579237216461413    0.00267714385229320421
3995.0 0.265331544627399107    0.00267510187162778214
4009.0 0.281054470792360012    0.00265181614955241644
4022.0 0.316744013190250640    0.00270106381677718025
4036.0 0.330439502692685405    0.00266906098465445477
4049.0 0.342591251069698233    0.00265994070757081917
4062.0 0.356497401694343741    0.00265474720136895216
4076.0 0.356616350293962270    0.00266808904606687059
4090.0 0.349219500936641669    0.00261788888131044917
4103.0 0.341860406345551093    0.00255050449542630966
4117.0 0.333292960806820027    0.00250168065656013400
4131.0 0.324098459115953308    0.00247846360804952932
4144.0 0.314563779170875246    0.00246198188356317425
4158.0 0.307945100712090747    0.00243063370188785792
4172.0 0.299967175955947685    0.00238879289767041612
4186.0 0.285780695743702517    0.00224402592757483440
4200.0 0.271864005784332008    0.00230373059016095389
4214.0 0.249135612346110952    0.00223358382339379144
4228.0 0.236588622050342978    0.00219662112714931815
4242.0 0.224119825200950029    0.00221705468985599176
4256.0 0.204183923076277807    0.00211003554667509117
4270.0 0.184741340320201425    0.00201576377602611908
4284.0 0.175641361780119326    0.00197698315636765090
4299.0 0.176164816138658975    0.00197078263218690561
4313.0 0.188419255351912979    0.00198095058338401773
4327.0 0.192746976856239205    0.00200388817936692464
4342.0 0.198029042307856173    0.00203155568898820242
4356.0 0.201210800421297770    0.00204266905640742387
4371.0 0.206743343989876399    0.00201363755456969006
4385.0 0.215500345404536192    0.00205246593319207034
4400.0 0.211680037770615059    0.00201905303007248512
4415.0 0.207854799186731970    0.00198160913943550661
4429.0 0.214556217163682450    0.00199290168165770299
4444.0 0.227554514864302421    0.00202873320511161477
4459.0 0.252200168234460231    0.00204621321242535363
4474.0 0.263273237329154419    0.00207474591237905319
4489.0 0.266554173443781794    0.00207733532054446904
4504.0 0.272469991277961454    0.00208465058726311049
4519.0 0.271936296736615846    0.00205894371371850978
4534.0 0.260007200246768599    0.00201196990588618438
4549.0 0.254988966225853375    0.00200353300373849871
4564.0 0.260360569900556782    0.00199126761254116678
4579.0 0.251833413634014180    0.00197041952963695642
4594.0 0.243794221473949885    0.00194929209714554599
4610.0 0.219619989738294580    0.00187303340917033094
4625.0 0.199335798325450536    0.00183183358897466932
4640.0 0.186543136035314416    0.00178695041795892185
4656.0 0.182991253956550221    0.00175959033359330262
4671.0 0.190559757003026187    0.00178628539770436475
4687.0 0.185218864673915379    0.00178889925810385908
4703.0 0.183202121615576252    0.00175702267841740191
4718.0 0.168947027090896262    0.00168149242203839483
4734.0 0.162453992309485901    0.00163959960172051808
4750.0 0.164079206078547174    0.00167834616144164049
4766.0 0.169261513019619031    0.00172578463446783977
4781.0 0.166101986983852978    0.00172214465479431328
4797.0 0.148648043417730413    0.00171582664826111812
4813.0 0.129810004628232473    0.00171368300682353016
4829.0 0.118564493131802326    0.00174683046423282427
4846.0 0.112451185521262889    0.00179213079189079845
4862.0 0.119967298348833920    0.00191823159269587074
4878.0 0.129849947771431690    0.00205355117381725077
4894.0 0.138777745429635030    0.00219163443116619653
4910.0 0.142001273250423693    0.00228227535128635835
4927.0 0.145743927285780173    0.00231693550395105146
4943.0 0.145744482166258849    0.00225014954572166741
4960.0 0.144607615504473958    0.00199518196307230068
4976.0 0.148807366490299159    0.00190197550657623276
4993.0 0.148467411007940392    0.00191519989518280508
5009.0 0.147665789154030169    0.00254956681151160105
5026.0 0.157289970963917947    0.00262430489542083518
5043.0 0.165912896645211805    0.00234912233531947611
5060.0 0.180082875128091957    0.00227125116585941188
5076.0 0.180642129285409403    0.00226103561390728503
5093.0 0.187475971584432716    0.00224256509009571926
5110.0 0.179440580571278319    0.00214804997032800151
5127.0 0.177332929595929001    0.00204163216273810883
5144.0 0.173422081735510047    0.00196037571858061112
5162.0 0.171000743520956511    0.00185937753617655970
5179.0 0.173163930087109785    0.00175836725347907502
5196.0 0.168754674472162247    0.00169815314535672101
5213.0 0.144011007181722467    0.00157087322938407443
5231.0 0.128309224453334952    0.00147100342360634295
5248.0 0.117949101052301802    0.00141198552509293846
5266.0 0.116714869928947834    0.00136218309246981142
5283.0 0.114620151748025159    0.00131351821867420858
5301.0 0.116505049184758860    0.00128763338864945165
5318.0 0.122433332397132624    0.00128298444087881504
5336.0 0.127914313784398742    0.00128526002126436688
5354.0 0.128920160430892605    0.00126716561019974382
5372.0 0.123198648597960966    0.00122500901902250665
5390.0 0.115905872472040469    0.00117724981264918341
5408.0 0.109083563731166858    0.00113610977522053788
5426.0 0.100178976520407748    0.00114646444561265445
5444.0 0.097292582557148191    0.00106078955195218331
5462.0 0.103728147535602666    0.00106844199661841393
5480.0 0.120588938294169334    0.00109510496818049840
5498.0 0.139052236057051026    0.00110793435803457148
5517.0 0.146826312576639667    0.00109826161251384098
5535.0 0.150739182264002985    0.00108055137057855234
5553.0 0.147718300499921823    0.00105950470797965359
5572.0 0.146639854331686553    0.00105186478466903744
5590.0 0.148415215309268461    0.00102925603300082526
5609.0 0.147436515114563071    0.00100838170562049002
5628.0 0.150529348082088593    0.00100957582686151239
5647.0 0.147784495810355992    0.00099249460099852657
5665.0 0.143042367179098961    0.00097248373328502353
5684.0 0.133312065152644793    0.00094191747711201918
5703.0 0.125547258979722187    0.00091166037089962580
5722.0 0.121666056600067699    0.00089994572412205223
5741.0 0.117476162382393820    0.00087886745738258848
5760.0 0.118292014392219216    0.00086511883231446182
5780.0 0.126239190536036716    0.00087078022427801286
5799.0 0.128428074042477830    0.00086841015969245817
5818.0 0.134087684352005548    0.00085762751722041322
5838.0 0.135329463707951042    0.00085245769650065190
5857.0 0.136956614344155764    0.00084513617965157532
5876.0 0.137503553375956628    0.00083350403781856240
5896.0 0.137408361970097787    0.00081466611263157423
5916.0 0.136860743295632858    0.00080630152169298942
5935.0 0.132330659730579697    0.00079400603505607728
5955.0 0.125575778278322392    0.00077851002560524617
5975.0 0.118753523781165493    0.00076072507663821462
5995.0 0.108540492550592144    0.00073027605383028081
6015.0 0.094287046244806411    0.00069483263841222840
6035.0 0.077549559000767321    0.00065350881619745025
6055.0 0.061413170709460167    0.00060660058964627527
6075.0 0.051357299184322323    0.00057191337421481643
6095.0 0.046374838111357931    0.00054756981322109791
6116.0 0.047679967745464048    0.00054888613379847941
6136.0 0.054928217522108247    0.00056722189527892806
6157.0 0.065331143647956072    0.00057177942935365052
6177.0 0.079455912818721872    0.00060045783206843595
6198.0 0.094420773335330568    0.00062632988575138881
6218.0 0.104677407841605813    0.00063324451686136765
6239.0 0.111795024508179103    0.00064327193804179219
6260.0 0.117260870407640785    0.00064381663860758507
6281.0 0.120438617801665510    0.00065028962470627648
6302.0 0.122505225021769928    0.00064531331906057191
6323.0 0.122090346361234434    0.00064115551306861388
6344.0 0.119847253661749156    0.00062884064553237146
6365.0 0.118792699984420810    0.00061930580926042441
6386.0 0.114803686996030940    0.00060368504639134136
6407.0 0.110025503292133536    0.00059026263833567027
6429.0 0.107658074095409562    0.00058254827770650071
6450.0 0.103895621421833104    0.00057537705146459470
6471.0 0.099518379184719355    0.00055913031756154631
6493.0 0.097214595484367297    0.00054615531639650155
6515.0 0.094651952956878546    0.00053837799059065002
6536.0 0.092297377310772893    0.00053193596440829062
6558.0 0.087345981470975415    0.00052429781784251708
6580.0 0.086030206468207637    0.00051789992855495531
6602.0 0.082900544787352662    0.00050915237458980039
6624.0 0.080101359799204325    0.00050046724340843869
6646.0 0.078716091476144751    0.00050524133956371549
6668.0 0.075648742092242760    0.00050255893169796927
6690.0 0.072782859060815261    0.00051529304358426478
6713.0 0.070748676503926633    0.00048417013000548681
6735.0 0.066706185055597542    0.00045880105770758199
6757.0 0.065039173994501209    0.00045131768342741998
6780.0 0.064357930318162879    0.00044796146328661060
6803.0 0.063487902388244644    0.00043746648981665351
6825.0 0.062384608036151458    0.00042951287946863768
6848.0 0.061100880495499499    0.00042764254354594393
6871.0 0.059615331429692900    0.00042115681587143525
6894.0 0.059063861446684844    0.00041856827225868122
6917.0 0.058752196272637072    0.00041556469984074617
6940.0 0.057353077564351526    0.00041154146630201682
6963.0 0.056068458189089398    0.00040831388246544874
6986.0 0.055169726208463832    0.00041003546334260089
7009.0 0.053793734076162364    0.00040373496989679254
7033.0 0.053824093121685117    0.00041775888687755881
7056.0 0.052791286198761875    0.00041420358964691726
7079.0 0.051493053436898265    0.00042232561362900712
7103.0 0.051310534424846212    0.00040394993219991217
7127.0 0.049849068146078417    0.00040440714178394983
7150.0 0.048498742513035098    0.00039246595974466942
7174.0 0.048132348784428111    0.00038578334398618470
7198.0 0.047901498651001469    0.00037967442362508530
7222.0 0.046714320604188321    0.00036999520686581801
7246.0 0.045902697690398342    0.00036683262699472745
7270.0 0.043876429006057954    0.00037106701940800975
7295.0 0.041718115504420249    0.00035580541663560601
7319.0 0.040442496030330712    0.00036818156306604667
7343.0 0.038196441123818023    0.00034937533526851686
7368.0 0.036083566032578063    0.00034704918192853240
7392.0 0.031435646432542236    0.00050797111909344742
7417.0 0.029766309692501353    0.00042428790061622420
7442.0 0.027703224446481253    0.00036466252671500985
7466.0 0.028604189536446192    0.00032753425210939677
7491.0 0.030482493914861786    0.00033836768526608092
7516.0 0.031807926658467392    0.00034596904771002452
7541.0 0.033207003497664860    0.00036169325840358196
7566.0 0.035486639657039368    0.00034965188822544939
7592.0 0.037519850445405421    0.00036336725737239642
7617.0 0.038424409292778135    0.00036149528458958631
7642.0 0.038649288862115480    0.00038433906621659111
7668.0 0.038661877983688565    0.00037105888188922393
7693.0 0.040469196076027017    0.00038260067626367373
7719.0 0.040950271876661053    0.00035957223660621228
7745.0 0.042072492766105425    0.00037351952614103379
7770.0 0.041929728067117103    0.00037996565834061321
7796.0 0.042423197864928541    0.00037262535850167541
7822.0 0.041392882306280861    0.00035607177043500644
7848.0 0.042255863668136044    0.00035944754060113383
7874.0 0.040359056092073686    0.00035027950558055024
7901.0 0.040551501786078172    0.00034560510718752884
7927.0 0.039637321973946524    0.00035173833094917511
7953.0 0.038911080481553152    0.00035239184361983802
7980.0 0.036280978271030349    0.00034177457067924798
8007.0 0.035387803591054721    0.00034257946998500716
8033.0 0.034322728181511497    0.00033321158218259492
8060.0 0.033998264368038607    0.00038849386583055348
8087.0 0.032105301748434185    0.00034134432096326605
8114.0 0.028578991911080057    0.00038058420332143483
8141.0 0.024729714127524963    0.00032301469760228035
8168.0 0.023088992385185723    0.00034165953104458728
8195.0 0.022776217767309207    0.00035032209291588985
8222.0 0.024094369197533726    0.00033420801530566007
8250.0 0.022449855407701915    0.00030592997472772451
8277.0 0.022359388108370359    0.00031343863849530543
8305.0 0.022938646235994106    0.00030367795082762147
8333.0 0.025298382380701534    0.00030129296845679467
8360.0 0.029183106377114642    0.00031450174569991573
8388.0 0.032667809222538140    0.00034448805016645785
8416.0 0.036725188255849459    0.00035585359262882161
8444.0 0.037823401328707991    0.00034224408204191115
8472.0 0.038916983890837288    0.00033643347690622010
8500.0 0.039936653454554570    0.00034106700083751893
8529.0 0.038319239698873686    0.00042547106117833564
8557.0 0.039681471213296050    0.00035431788556104668
8586.0 0.039011249560088758    0.00042959312525204564
