#@Telescope UH88 
#@Reference Saunders et al. (2018) 
#@Redshift 0.0  
#@Spectrum Train_SN97_8.dat 
#@SN-Name Train_SN97  
#@Phase 17.913 
#@Survey SNFactory 
#@SN-Type SNIa 
#@Units Flux 
# 
# WAVE : 
# SN_SPEC : 
# SN_ERR : 
#end 
3305.0 0.013125384384269795    0.0077505714461387366
3317.0 0.012758559310951769    0.0074562756736696436
3328.0 0.013229598257779990    0.0073925593645782816
3339.0 0.019323537944974701    0.0073668009274306286
3350.0 0.026940721766745584    0.0071375203861199863
3361.0 0.024502759873130536    0.0068389792634203847
3372.0 0.027825759875700282    0.0066325826067381759
3383.0 0.029014372707076762    0.0068313650340929037
3395.0 0.030512883527986430    0.0069610848128951195
3406.0 0.029505988318173342    0.0067389187275250749
3417.0 0.021697848808306979    0.0064578037805617357
3429.0 0.026390588470204337    0.0062061239710128179
3440.0 0.030866290775944830    0.0060771799374034572
3452.0 0.030978046613105367    0.0059744325688178964
3463.0 0.029768312206624164    0.0061101004302898387
3475.0 0.033208137126347057    0.0060508937650630848
3486.0 0.035665951190984271    0.0059043709524167496
3498.0 0.023111749324324304    0.0057541045452751995
3509.0 0.038730389094298524    0.0057936782017422271
3521.0 0.030708625548957334    0.0056425740945437331
3533.0 0.035359150644534952    0.0056476914941328516
3545.0 0.028499204930398380    0.0054778454345237072
3556.0 0.036785267195867839    0.0053912707052880520
3568.0 0.038480774760102525    0.0052571369704957505
3580.0 0.039830824692957054    0.0051246599373691634
3592.0 0.037720172131009221    0.0050735962003781165
3604.0 0.044565559177026523    0.0050327878797546801
3616.0 0.036734339611668720    0.0050285246951727921
3628.0 0.042726716543044579    0.0048532604168081590
3640.0 0.043393573648722213    0.0047841678037146207
3652.0 0.045263612354257458    0.0046378060047971405
3664.0 0.059698145191010174    0.0045780562139899105
3677.0 0.069183590058301409    0.0047578858804823215
3689.0 0.065325157986986487    0.0047719070073057729
3701.0 0.066775499716320283    0.0048158034249340433
3714.0 0.055854745044213061    0.0045445180830636879
3726.0 0.057903203119320609    0.0045203524215484681
3738.0 0.053064713385827439    0.0044805790096284935
3751.0 0.060694913856859295    0.0044768782417323296
3763.0 0.048184348389120911    0.0041403694312769201
3776.0 0.038857165492389975    0.0042295819247233357
3788.0 0.041674630520095492    0.0042021776800789572
3801.0 0.040236202449691262    0.0041937938284288693
3814.0 0.035271480570544932    0.0046171017219842850
3826.0 0.042340671350436079    0.0045230836184522918
3839.0 0.055462303483151044    0.0043560821480623227
3852.0 0.048323327682733765    0.0041285637447206359
3865.0 0.061699249703114696    0.0041536943168890422
3878.0 0.067843153328390568    0.0041093216880447288
3891.0 0.072741987120493762    0.0041277424922074521
3904.0 0.074801892395725600    0.0042703011034501319
3917.0 0.079048934297974369    0.0043948682972216194
3930.0 0.088256810963530441    0.0043434502111769540
3943.0 0.085598671236745791    0.0042078149146400198
3956.0 0.100240412759199857    0.0041826613431134880
3969.0 0.102975018496708051    0.0040742231149223165
3982.0 0.088987092822410310    0.0039911547874186652
3995.0 0.075475271838069638    0.0038695835739508805
4009.0 0.081097576089636303    0.0037969745551717175
4022.0 0.067284097656556990    0.0037239850563925234
4036.0 0.063450806588247227    0.0036577294784179513
4049.0 0.068795587824510840    0.0036065967351157449
4062.0 0.079140696573347449    0.0036925157115677192
4076.0 0.071783072716785801    0.0036556661910018022
4090.0 0.058452067552707744    0.0035057242779817296
4103.0 0.063181314845876330    0.0034179339142611669
4117.0 0.056682860306753236    0.0033056412149894058
4131.0 0.052938958383442640    0.0033738576020582089
4144.0 0.055294775772515535    0.0033636941862581647
4158.0 0.054525137388097618    0.0034208549270737742
4172.0 0.048093540343119676    0.0034725422730216334
4186.0 0.070395035289126912    0.0034986475521936438
4200.0 0.065275277074697921    0.0034103211553573294
4214.0 0.056460144539330098    0.0033643397049624860
4228.0 0.062941922046575907    0.0034189258313549785
4242.0 0.058384278632475341    0.0033892465461916352
4256.0 0.061525940258998685    0.0033671830313217761
4270.0 0.065330647806379191    0.0032989123261263449
4284.0 0.063434614618021121    0.0032692716681701219
4299.0 0.077496274451916633    0.0033149417920013942
4313.0 0.075058615072476853    0.0032946672910759353
4327.0 0.080710434781471357    0.0033197719775985199
4342.0 0.065227047107547342    0.0032216193797567289
4356.0 0.058043508306445703    0.0031624926220249067
4371.0 0.057352959548576866    0.0031014771930523450
4385.0 0.047047804264049406    0.0030387300864191270
4400.0 0.045553434364340444    0.0030510639973549141
4415.0 0.039541429774849368    0.0029572563312743969
4429.0 0.035962971810282074    0.0029461592795062930
4444.0 0.045812895374574787    0.0029702864510781435
4459.0 0.042468305396420006    0.0029293900216412466
4474.0 0.044616153125760963    0.0029328621143233122
4489.0 0.046559966115539364    0.0029350824247691551
4504.0 0.047401734776353392    0.0029405002223361486
4519.0 0.059177372896984215    0.0030181535107111608
4534.0 0.080116202448021992    0.0030627894788250645
4549.0 0.098352940889583476    0.0031841438254582030
4564.0 0.112595030509480637    0.0032062929895077131
4579.0 0.118785984398395300    0.0032754287353796261
4594.0 0.120866402456729485    0.0032574773997288181
4610.0 0.129009256772030928    0.0032811967277593659
4625.0 0.146151187877513439    0.0033808998416320975
4640.0 0.146224602373389329    0.0033351333419967899
4656.0 0.110999048598144745    0.0031087884087305060
4671.0 0.088089013760536156    0.0030838143135452092
4687.0 0.076823523684283454    0.0031105392095006914
4703.0 0.063568250926243214    0.0030381518031014610
4718.0 0.062666857832808662    0.0031148152762003134
4734.0 0.065518717519230649    0.0032374907936604377
4750.0 0.052808839552385363    0.0033493886144445803
4766.0 0.051252044767831753    0.0035678991382917299
4781.0 0.065863306347374528    0.0039295980180311524
4797.0 0.078893594490778651    0.0043340813257448374
4813.0 0.065720612353541930    0.0045350696446812087
4829.0 0.070779314079379749    0.0047145873535328281
4846.0 0.069008925526637288    0.0046379175205570489
4862.0 0.068825172159838133    0.0044713160852421661
4878.0 0.065664971421641682    0.0041376058794937425
4894.0 0.076261373399813731    0.0039331760285812737
4910.0 0.083909402455783960    0.0040173590285718054
4927.0 0.102511666618859854    0.0052624107535122503
4943.0 0.094759836047026175    0.0052190975418487419
4960.0 0.098192782984633686    0.0043523520230891264
4976.0 0.088331783497766381    0.0039946062581007183
4993.0 0.067743416678847229    0.0038184065810807767
5009.0 0.055855863159642034    0.0036719216360226259
5026.0 0.060312322846390501    0.0034846960136445892
5043.0 0.048958677533016574    0.0032525805673720874
5060.0 0.059010638028491630    0.0031443826328825327
5076.0 0.051400176738014454    0.0028986232993566769
5093.0 0.053191307513714522    0.0027413851890943268
5110.0 0.055740875735983242    0.0026431542924043971
5127.0 0.045581609683391720    0.0024714866423369846
5144.0 0.049406675737396336    0.0024177243077357193
5162.0 0.047468257964971158    0.0023289527822815920
5179.0 0.061695439709314251    0.0022972264352007932
5196.0 0.072953607453857122    0.0023068553635033407
5213.0 0.081145441208034561    0.0022738497970371170
5231.0 0.090316895824498963    0.0022532173672886813
5248.0 0.098209059633778309    0.0022611539588487106
5266.0 0.108624451879886216    0.0022605754915132957
5283.0 0.107537472922555680    0.0021969928973177991
5301.0 0.109404313389821733    0.0021477782408752368
5318.0 0.112125080206554442    0.0021511611337404002
5336.0 0.103666541029242998    0.0024805136466593985
5354.0 0.098426271557058242    0.0020370722281867603
5372.0 0.095432456390902809    0.0019583660439763252
5390.0 0.095733750370697479    0.0019067487655298981
5408.0 0.102050904714153595    0.0018897153482239784
5426.0 0.103539209832685844    0.0018665243686965655
5444.0 0.099218204348883440    0.0018065893336473213
5462.0 0.097812241474748166    0.0017857247916937024
5480.0 0.090284554572209991    0.0017244175011134114
5498.0 0.089896941918346393    0.0016789396251521628
5517.0 0.085519371389746593    0.0016171632934890853
5535.0 0.077572158051861032    0.0015519454960274393
5553.0 0.071396963546233400    0.0015273413068081958
5572.0 0.069214014230179990    0.0015094823549427878
5590.0 0.066822441644737621    0.0014728993734284474
5609.0 0.055732367797528347    0.0014058183115451214
5628.0 0.053528347790556687    0.0014555980236375279
5647.0 0.047802067333937957    0.0014154543154415483
5665.0 0.042657329756590187    0.0013068648079395755
5684.0 0.040331642365153852    0.0012652533520354954
5703.0 0.037455960188279451    0.0012193397520614561
5722.0 0.039742569931002683    0.0012278058206765471
5741.0 0.042950066483077191    0.0012123762800111538
5760.0 0.054900204906532191    0.0012357904585250780
5780.0 0.062047543245901039    0.0012472905311785294
5799.0 0.065518924691382249    0.0012494191886890495
5818.0 0.078306438542005405    0.0012709801814166832
5838.0 0.091941138340331990    0.0013082058106665987
5857.0 0.095918000254056945    0.0013141220689116015
5876.0 0.095938196801519909    0.0012915300270060341
5896.0 0.090801306980864610    0.0012526664663671258
5916.0 0.083171437024408407    0.0012204984770313812
5935.0 0.073481276067571946    0.0011783781823306277
5955.0 0.062758621614014992    0.0011304588415620956
5975.0 0.059668135414955650    0.0011241588031897498
5995.0 0.059850997740044549    0.0011056936901736544
6015.0 0.059400762308584466    0.0011334811864497573
6035.0 0.051107662089778343    0.0012321599584574118
6055.0 0.051898908288524864    0.0010330721460126847
6075.0 0.057495155493826812    0.0010464140004830514
6095.0 0.051397951941003168    0.0010533916117291149
6116.0 0.041893297621734757    0.0009302867765567881
6136.0 0.035458099298997160    0.0008843767447166654
6157.0 0.033815647162423579    0.0008738738597631005
6177.0 0.037725020522326985    0.0008946453079136906
6198.0 0.039230038224638213    0.0008931110681797164
6218.0 0.041999141743292626    0.0008968789557585982
6239.0 0.043644156954657308    0.0008903138916011710
6260.0 0.046969828024564869    0.0008980823917612296
6281.0 0.052749985607630258    0.0009079599378361278
6302.0 0.058810316613342226    0.0009247648689433470
6323.0 0.060049409641805905    0.0009188174443919325
6344.0 0.063253288940082503    0.0009188384029292667
6365.0 0.065562690334370718    0.0009164966883229366
6386.0 0.069820934522146327    0.0009209238494170730
6407.0 0.065328921046291011    0.0008958690011803644
6429.0 0.068702196999716747    0.0009028603873398417
6450.0 0.069318571911447746    0.0008951206265387787
6471.0 0.068350800428822842    0.0008819996671412982
6493.0 0.069733027560133470    0.0008771309719514517
6515.0 0.067292963375378212    0.0008630582155324419
6536.0 0.064737765609555104    0.0008944245076357301
6558.0 0.062741304267979942    0.0008976833123278784
6580.0 0.058915739262781798    0.0009405749311946506
6602.0 0.048752133833597985    0.0008478663638534290
6624.0 0.047214823413422508    0.0008142405309466624
6646.0 0.043302021101367709    0.0007897061368854338
6668.0 0.039514076501961960    0.0007524963603382763
6690.0 0.035542473484214493    0.0007150121929504977
6713.0 0.033279940369957121    0.0007017022051218320
6735.0 0.031557811220127296    0.0006837702301671759
6757.0 0.030634460669861283    0.0006743388905100646
6780.0 0.027061103295734901    0.0006656524958461874
6803.0 0.027090387732060611    0.0006500519421479532
6825.0 0.026120373629541685    0.0006483572889361949
6848.0 0.026671279654693108    0.0006483870862505394
6871.0 0.027023996025927081    0.0006640986611763418
6894.0 0.026902748744574826    0.0006579597704611830
6917.0 0.027228716740025583    0.0006846114759794741
6940.0 0.026299918444497236    0.0007232840968307854
6963.0 0.026614613514075118    0.0007506877643226034
6986.0 0.025077242648551549    0.0006688948480953017
7009.0 0.026728904491507194    0.0007032015836963944
7033.0 0.026462155202776422    0.0006925628316049720
7056.0 0.026194395191694104    0.0006639676628448740
7079.0 0.026192613613570618    0.0006550237635826562
7103.0 0.026374499477025470    0.0006305849308318957
7127.0 0.026409427496335989    0.0006266233501784547
7150.0 0.028741612239022572    0.0006533876852909717
7174.0 0.027832870361015966    0.0006212556983589811
7198.0 0.027637852449695865    0.0006613007888576479
7222.0 0.025937460962932715    0.0006164729183434943
7246.0 0.028885159184090594    0.0006498073846451134
7270.0 0.028636683891094625    0.0009346824580880490
7295.0 0.028609794438726389    0.0008371971430251666
7319.0 0.028456619354283903    0.0007391375699479150
7343.0 0.027237133665850222    0.0006400038831544917
7368.0 0.028735968433220398    0.0006539504248907135
7392.0 0.027577657399952164    0.0006971750079959271
7417.0 0.025766502557443033    0.0007150248243849941
7442.0 0.024843709782691285    0.0006474516058315956
7466.0 0.022545749484288582    0.0006753322276733556
7491.0 0.022418084823916214    0.0006819416612951671
7516.0 0.025379862876986396    0.0007382183489737655
7541.0 0.022331171688723572    0.0006870976534475648
7566.0 0.023425759725464068    0.0007275629485020535
7592.0 0.023368898981909952    0.0006609172136579924
7617.0 0.021809934333852223    0.0006859666748535102
7642.0 0.022826682632451117    0.0007055051471683790
7668.0 0.023147328701514432    0.0006541984317202387
7693.0 0.023081562505302970    0.0006203458105959712
7719.0 0.023227494709651301    0.0006183063663911625
7745.0 0.022849580245570350    0.0006032831244294502
7770.0 0.022754844493534713    0.0005932581082424754
7796.0 0.021711322406490527    0.0006088083977564170
7822.0 0.021590393934348185    0.0006095212443892585
7848.0 0.021716312148670307    0.0006002661292605750
7874.0 0.019573370335876399    0.0005932235482001755
7901.0 0.019149941480220499    0.0005771989702281151
7927.0 0.020514330506355004    0.0007417288443361955
7953.0 0.017967078711078912    0.0006387292959005112
7980.0 0.017232102193433452    0.0007680210905655990
8007.0 0.016010812936373662    0.0006262595608220367
8033.0 0.016722689374638087    0.0007081652648058133
8060.0 0.016065746967970192    0.0007295984594900229
8087.0 0.015800478076733859    0.0006431975941170441
8114.0 0.016435092024355370    0.0006077930165368471
8141.0 0.014270075298045784    0.0006024753188205272
8168.0 0.012951826409936565    0.0005481186118688609
8195.0 0.010756825949237462    0.0005225813957658392
8222.0 0.008738931196938506    0.0005162920109527856
8250.0 0.008516430300131569    0.0005891163104435444
8277.0 0.009340284525634903    0.0006186363495689341
8305.0 0.009943963604686945    0.0005691928751232469
8333.0 0.010963934646444806    0.0005207610083759942
8360.0 0.010392083723104300    0.0005085159429563516
8388.0 0.010005321537041525    0.0007835488518961949
8416.0 0.013302363806965322    0.0005916842627852611
8444.0 0.016946688865739593    0.0008420686390461730
8472.0 0.022134535445514747    0.0006528236968925401
8500.0 0.025469495086104924    0.0007780407581731185
8529.0 0.027608667239032544    0.0008347010619450597
8557.0 0.026439099007806902    0.0007360832518788577
8586.0 0.029754669987357200    0.0007204338186362582
