#@Telescope UH88 
#@Reference Saunders et al. (2018) 
#@Redshift 0.0  
#@Spectrum Train_SN19_4.dat 
#@SN-Name Train_SN19  
#@Phase 9.094 
#@Survey SNFactory 
#@SN-Type SNIa 
#@Units Flux 
# 
# WAVE : 
# SN_SPEC : 
# SN_ERR : 
#end 
3305.0 0.049423699696095710    0.0117367537672804223
3317.0 0.060718934488421764    0.0116895452817652092
3328.0 0.101343215821296823    0.0115184135410193768
3339.0 0.082012954108304184    0.0107193540048716677
3350.0 0.075219506511462447    0.0106813813718986111
3361.0 0.093315843102864462    0.0108149356300664638
3372.0 0.071250765237871563    0.0102971088834544824
3383.0 0.086499699689420687    0.0102828794435235148
3395.0 0.088759642633784816    0.0105939494113598993
3406.0 0.097913231425230438    0.0098827870892526197
3417.0 0.094918501998880953    0.0095259037701337351
3429.0 0.077658956480829128    0.0098626082157115217
3440.0 0.117640675092741037    0.0099009973726970589
3452.0 0.100494886445963855    0.0095957422964117554
3463.0 0.099324423537727996    0.0090595258631111543
3475.0 0.132550544577705098    0.0086422072910977438
3486.0 0.137643684649622289    0.0091287612308443081
3498.0 0.143076031290913896    0.0085726919013383220
3509.0 0.164438025137251864    0.0088894236039987681
3521.0 0.172996313986719163    0.0090799516288878161
3533.0 0.175296492137687943    0.0089117950392883019
3545.0 0.193742892543004031    0.0090895804170442671
3556.0 0.197705304792941183    0.0086507106184440692
3568.0 0.211941524829924371    0.0083112741118440275
3580.0 0.211732438361769831    0.0084312101547586778
3592.0 0.195934476026982690    0.0080431598731533910
3604.0 0.186562247777515067    0.0079152462271603347
3616.0 0.189848991324046923    0.0076194461879347053
3628.0 0.182023660048628189    0.0073869934542527783
3640.0 0.187389379266755640    0.0075669483804085393
3652.0 0.214852362577320932    0.0076413914842931247
3664.0 0.193310635640183803    0.0078283660377282058
3677.0 0.162993136598150262    0.0072121660119454254
3689.0 0.152255070738679082    0.0073334605839013725
3701.0 0.137396193369584391    0.0065809474179545947
3714.0 0.123237726815687024    0.0059911002449572950
3726.0 0.125369367392838271    0.0063172043273669763
3738.0 0.136197014880803546    0.0063290887405421572
3751.0 0.146351013466926333    0.0065834682736106856
3763.0 0.131880338437339178    0.0063877650832403444
3776.0 0.141735072750421826    0.0065477724135802502
3788.0 0.141443873394602043    0.0066034121882456616
3801.0 0.155150417010264025    0.0063016256030648393
3814.0 0.179875535160632233    0.0056001378845350457
3826.0 0.195132562140721499    0.0065431783718093951
3839.0 0.219641832579741930    0.0061861939151639980
3852.0 0.255445382605299753    0.0063539130528340359
3865.0 0.281772500589550445    0.0073150287410562497
3878.0 0.305313214623253171    0.0075061753965106667
3891.0 0.374101669476854803    0.0074430013785099043
3904.0 0.324373946838988569    0.0070070236950133535
3917.0 0.331512250607355285    0.0068452087399266384
3930.0 0.357682414475664068    0.0068199472210961083
3943.0 0.379089003743187269    0.0067627417354225710
3956.0 0.343406001804688166    0.0068480186344974329
3969.0 0.293140565473991643    0.0066735088248956569
3982.0 0.283001622739264824    0.0067232128387454664
3995.0 0.256982218320770728    0.0065106106403838328
4009.0 0.258693441992485229    0.0062826842861633527
4022.0 0.274596225415325468    0.0062395178967832674
4036.0 0.308137347924610727    0.0063113351768882189
4049.0 0.323094341153191689    0.0060800059590481416
4062.0 0.296137426739265852    0.0060155466553011780
4076.0 0.283905283803707720    0.0060369020440225142
4090.0 0.273742492245041213    0.0058635206618259661
4103.0 0.282462646773010695    0.0057411414793325406
4117.0 0.276867839395744886    0.0057034305489583109
4131.0 0.263931487545012666    0.0056459981836777208
4144.0 0.293963444731079604    0.0056332325979834520
4158.0 0.297672807426230646    0.0055599244907461503
4172.0 0.279479111101760214    0.0051997874237826834
4186.0 0.251812636638539589    0.0055523033266212402
4200.0 0.256569320832374437    0.0054723380011912053
4214.0 0.258852417223217779    0.0054881898133959254
4228.0 0.250935351165116283    0.0055738147788974620
4242.0 0.221933022211606268    0.0053235053907423110
4256.0 0.234233146798964287    0.0053462655988970311
4270.0 0.220941315430730340    0.0052694479143457814
4284.0 0.229654361322387590    0.0053178960427683756
4299.0 0.200914780810587890    0.0051700460333195001
4313.0 0.193728131871241743    0.0050780100096316410
4327.0 0.178310706646713585    0.0050294997245931491
4342.0 0.166301220664678340    0.0051182123028797287
4356.0 0.168015935157855095    0.0051040557830464642
4371.0 0.144820270348392066    0.0050013095148614215
4385.0 0.139976024981441405    0.0048378087094547223
4400.0 0.156500430163437121    0.0049306621599288173
4415.0 0.167393918918003648    0.0048933298223971704
4429.0 0.190765149179296739    0.0049754144661508324
4444.0 0.208531294491962643    0.0049482934403566785
4459.0 0.219195616346159472    0.0049368546330914405
4474.0 0.212224096718283212    0.0049483515997723439
4489.0 0.243751600714181282    0.0049988059726190012
4504.0 0.271745304458884895    0.0049819999062514133
4519.0 0.306325813524752688    0.0050239492122986645
4534.0 0.322599871612392730    0.0050295469221499044
4549.0 0.312044500396585045    0.0049887588325194633
4564.0 0.329593859417929069    0.0049534604778709882
4579.0 0.325490325577001194    0.0050097116824225517
4594.0 0.324757378497547766    0.0049895181048144992
4610.0 0.316433031128654285    0.0049007656445840403
4625.0 0.292203156941755748    0.0048885594129819436
4640.0 0.248512220376954751    0.0047119710149884728
4656.0 0.226799580100599418    0.0046048267354625808
4671.0 0.221045512623815638    0.0046371605885661875
4687.0 0.222265763924056808    0.0046477025112902411
4703.0 0.227387877665428978    0.0045229478435461516
4718.0 0.186396653186770012    0.0043121265414158864
4734.0 0.144548176833041969    0.0042739397059596397
4750.0 0.148395946630352021    0.0043841536336592761
4766.0 0.166731039035227485    0.0044009433571967054
4781.0 0.192341470111101698    0.0046084483781955879
4797.0 0.188476030812869177    0.0047627503175328694
4813.0 0.148546656030765029    0.0048365611346565607
4829.0 0.124832566839646247    0.0049507584134971389
4846.0 0.138532541989243752    0.0052283684412311781
4862.0 0.151819235950147541    0.0055548532687689708
4878.0 0.180188893325260141    0.0059874129082001029
4894.0 0.206860807610697972    0.0063214228804271575
4910.0 0.204461659689078229    0.0063577953607766458
4927.0 0.197862146545617706    0.0062789235714654067
4943.0 0.182702711941930079    0.0054582786597030149
4960.0 0.148902760373512827    0.0050252192104399884
4976.0 0.146359094570890080    0.0049466642223357799
4993.0 0.149618484224456200    0.0068566132396295212
5009.0 0.163497687904196720    0.0066863456216670709
5026.0 0.153326019864477775    0.0056671586363616243
5043.0 0.145147361342214148    0.0053411248725661062
5060.0 0.148774808452994595    0.0052596471188132181
5076.0 0.165283673595716302    0.0052659631495470581
5093.0 0.181548658573713328    0.0051674314394311921
5110.0 0.171478987142956757    0.0048447258618567928
5127.0 0.205027070062629435    0.0048407551933019217
5144.0 0.212296080542215521    0.0046632916388669931
5162.0 0.232251452798591218    0.0044732469112308756
5179.0 0.244958969654224923    0.0042998047396859427
5196.0 0.254060646373129584    0.0042288088264643949
5213.0 0.254377024405654462    0.0040780743981889628
5231.0 0.236859165864550802    0.0038652344692359755
5248.0 0.212341390975215483    0.0037569399551874555
5266.0 0.199494257033472899    0.0036216779161436013
5283.0 0.206785166232975631    0.0035245498616502781
5301.0 0.198644553353167969    0.0034100010059249144
5318.0 0.189251112685088901    0.0033504072365296805
5336.0 0.193691828845680841    0.0033265561282423677
5354.0 0.189620537208331497    0.0032794048491181283
5372.0 0.185730613216913948    0.0032019622495509190
5390.0 0.176250911488151224    0.0031237373308347148
5408.0 0.174567747671964230    0.0035089487376483036
5426.0 0.167971455419852894    0.0029465639557193055
5444.0 0.155973364177475954    0.0028800985146638404
5462.0 0.158968916372779878    0.0028620564786304764
5480.0 0.161131241812310450    0.0028088694691036390
5498.0 0.171963239663533662    0.0027817325575329320
5517.0 0.178821650578470992    0.0027081312698163224
5535.0 0.177443042582113270    0.0026378111327986561
5553.0 0.174074539344081569    0.0026232659776165884
5572.0 0.170907275719787005    0.0025907712450385671
5590.0 0.167080890811297761    0.0025292964079228126
5609.0 0.160940903345531156    0.0024525236761017339
5628.0 0.162199933211441105    0.0024544465898050302
5647.0 0.160304689198414702    0.0024270410168629611
5665.0 0.154050878012320258    0.0023771763139978433
5684.0 0.143978025787155989    0.0023311340037834713
5703.0 0.140691828346115183    0.0024029387213720809
5722.0 0.140046045006001402    0.0023161393391984354
5741.0 0.134764338080829160    0.0022333408826083014
5760.0 0.137110375747718699    0.0022047310615779985
5780.0 0.160592726350335196    0.0022274988011296323
5799.0 0.169912163346114087    0.0022076910406660581
5818.0 0.179330180611425638    0.0021782354063898655
5838.0 0.182607440700154389    0.0021622246821370126
5857.0 0.188936299455693985    0.0021687625259408181
5876.0 0.178294456827291142    0.0020962282089146936
5896.0 0.166953076475582607    0.0020291052631646943
5916.0 0.169999904579525934    0.0020149610770114150
5935.0 0.161620292069231203    0.0019823649315114551
5955.0 0.162856570787738630    0.0019784795145534723
5975.0 0.151012410762870891    0.0019356721361324350
5995.0 0.142144717402522630    0.0019166285311555352
6015.0 0.143513343771238921    0.0018984080584776796
6035.0 0.144628142239056734    0.0018811262018197245
6055.0 0.140471777718117974    0.0018423659282182667
6075.0 0.116525262117381609    0.0017772082095459105
6095.0 0.072570028400360809    0.0016998721459820956
6116.0 0.060017161032207778    0.0016257282850418407
6136.0 0.061620649201345856    0.0015735385021444076
6157.0 0.074041064685040625    0.0016037586803385447
6177.0 0.092554974203210322    0.0016303456937222160
6198.0 0.101794953068412214    0.0016005895073762906
6218.0 0.108593518080333989    0.0015925115883200635
6239.0 0.117374453813666804    0.0016082450113330577
6260.0 0.120029182990247021    0.0015927331623712042
6281.0 0.122968684505819575    0.0015848338526619314
6302.0 0.120416469572272547    0.0015692381485534837
6323.0 0.123521869215453897    0.0015638526352718220
6344.0 0.121388599126784513    0.0015396662120068774
6365.0 0.115728520914945815    0.0014609452359292986
6386.0 0.112400153237884659    0.0014889529140118740
6407.0 0.114072712282158206    0.0014765448244266352
6429.0 0.111679420182595801    0.0014536305551810819
6450.0 0.108673399351327096    0.0014465772205631956
6471.0 0.103499930417691677    0.0014115990060102684
6493.0 0.104908804827175323    0.0013967492971625306
6515.0 0.100967914297757907    0.0013762481917040123
6536.0 0.096399032858998618    0.0013643475543691369
6558.0 0.093322744311474040    0.0013625558097441403
6580.0 0.089327962121614882    0.0013463482429992299
6602.0 0.088016465489804477    0.0013353661418447297
6624.0 0.082747845941002249    0.0013384230499192079
6646.0 0.078799483325833974    0.0013476567774243894
6668.0 0.077527619869355094    0.0013857323484223671
6690.0 0.074545152712124266    0.0013149677285194082
6713.0 0.068249057432958921    0.0012490248997285255
6735.0 0.066782970447933979    0.0012265878563390491
6757.0 0.068778468528239156    0.0012237891084374820
6780.0 0.068377989414597357    0.0012132084025997284
6803.0 0.071444736513158386    0.0012016501277803443
6825.0 0.063678454616414068    0.0011820160384279875
6848.0 0.064955135394993355    0.0011808762070453025
6871.0 0.063842638897685100    0.0011698587184957626
6894.0 0.059465338961658648    0.0011567474150710980
6917.0 0.060258030676271425    0.0011525001207676037
6940.0 0.058014996203055010    0.0011370627434663225
6963.0 0.054854006539779364    0.0011287819427782978
6986.0 0.052675943973696092    0.0011053642380750340
7009.0 0.051546406858478465    0.0011522047902507223
7033.0 0.050712090134046185    0.0011404533817192791
7056.0 0.049955294821774868    0.0011516500567137443
7079.0 0.051648196023093958    0.0011231204028582461
7103.0 0.047995290898246300    0.0011320905763720138
7127.0 0.049900666090129567    0.0011172753468209847
7150.0 0.049811493765107594    0.0010944048540907796
7174.0 0.048075631496102500    0.0010805387799094491
7198.0 0.048861192915421188    0.0010700297917389200
7222.0 0.048543886324321307    0.0010630661395797489
7246.0 0.048102814111394027    0.0010797668357591134
7270.0 0.044187503601350889    0.0010471370227504411
7295.0 0.043483951632208029    0.0010740739896211162
7319.0 0.040767975992717025    0.0010511186343947531
7343.0 0.040592405645302365    0.0010529161866883808
7368.0 0.033749643905095432    0.0014815492247976824
7392.0 0.036329797439238386    0.0012733350936545850
7417.0 0.031957439708461169    0.0011259208159243924
7442.0 0.032178291716566679    0.0010241861507806274
7466.0 0.027710351788865800    0.0010358845012147667
7491.0 0.031166666133780437    0.0010291986145432024
7516.0 0.031379017770206345    0.0010585063673319583
7541.0 0.028771293350714867    0.0010234450456467841
7566.0 0.031309005790494504    0.0010451810234096315
7592.0 0.031263676147991894    0.0010364423197799766
7617.0 0.032619608963881989    0.0010663281174133686
7642.0 0.031584112480674435    0.0010384966017495745
7668.0 0.028079943841281135    0.0010552610000899240
7693.0 0.030455487964428429    0.0009901963736176455
7719.0 0.029247525259360280    0.0010171661385226941
7745.0 0.030776666900708384    0.0010214723059035614
7770.0 0.031221986035707583    0.0010150742480007232
7796.0 0.032767714840851114    0.0009835341326356001
7822.0 0.033862558632349785    0.0009889719533179395
7848.0 0.029578011324776984    0.0009678772274235236
7874.0 0.034638582990346466    0.0009678030221303432
7901.0 0.030081875991296889    0.0009591018024274119
7927.0 0.030682648468740352    0.0009567012688292320
7953.0 0.027071426583899837    0.0009437564985062416
7980.0 0.023304473459545824    0.0009419991350501492
8007.0 0.022357382214570874    0.0009329171703669515
8033.0 0.025292268872735075    0.0010392304515083009
8060.0 0.025633650812580250    0.0009472753775710292
8087.0 0.025194713991016238    0.0010499558404513047
8114.0 0.024559565597698035    0.0009628791333977602
8141.0 0.019145788315426959    0.0010000446844282555
8168.0 0.016483818816113365    0.0009970023260322534
8195.0 0.011198197589448780    0.0009632925946357844
8222.0 0.016231729128509103    0.0009095396628010741
8250.0 0.017219491690072086    0.0009074548772949858
8277.0 0.021211876094391409    0.0008887724269918482
8305.0 0.019777118061687117    0.0008983676024687823
8333.0 0.018227532077831447    0.0008934952729872873
8360.0 0.021434951510378698    0.0009866501571324947
8388.0 0.028402031786067674    0.0009768046836088535
8416.0 0.036382483451990667    0.0009420588618445845
8444.0 0.037151155940977447    0.0009102528069380086
8472.0 0.039662190353772490    0.0009237244009145908
8500.0 0.039597005485715993    0.0010862976983581588
8529.0 0.042950375257719643    0.0009481004821592715
8557.0 0.044089016955380735    0.0011162350344297741
8586.0 0.045735703705634248    0.0009731371269127479
